0 ~Electric Sound Brick  4 x  4 x  1.667 Button
0 Name: 103683.dat
0 Author: Philippe Hurbain [Philo]
0 !LDRAW_ORG Part UPDATE 2025-08
0 !LICENSE Licensed under CC BY 4.0 : see CAreadme.txt

0 BFC CERTIFY CCW

0 !HISTORY 2024-10-06 {LEGO Instructions App} Original part shape
0 !HISTORY 2024-10-08 [Philo] File preparation for LDraw Parts Tracker
0 !HISTORY 2025-08-31 [OrionP] Official Update 2025-08

0 // Internal details not modeled

1 16 0 -45 0 10.5 0 0 0 0 10.5 0 2.5 0 4-4cylo.dat
1 16 0 -45 5.5 3.5 0 0 0 0 3.5 0 -3 0 4-4con3.dat
1 16 0 -45 5.5 14 0 0 0 0 14 0 4 0 2-4cylo.dat
1 16 0 -45 9.5 14 0 0 0 0 14 0 -1 0 2-4chrd.dat
1 16 0 -45 5.5 14 0 0 0 0 -14 0 1 0 2-4edge.dat
1 16 0 -45 7.5 19 0 0 0 -14.5 0 0 0 2 box5-4a.dat
1 16 16.5 -45 7.5 -2.5 0 0 0 -1 0 0 0 2 rect.dat
1 16 -16.5 -45 7.5 2.5 0 0 0 -1 0 0 0 2 rect.dat
2 24 4.2 -45 1.7 5.3 -45 0
2 24 -2.4 -41.3 1.7 -3.1 -40.3 0
2 24 -2.4 -41.3 1.7 4.2 -45 1.7
2 24 -3.1 -40.3 0 5.3 -45 0
4 16 4.2 -45 1.7 -2.4 -41.3 1.7 -3.1 -40.3 0 5.3 -45 0
2 24 -3.1 -49.7 0 -2.4 -48.7 1.7
2 24 4.2 -45 1.7 -2.4 -48.7 1.7
2 24 5.3 -45 0 -3.1 -49.7 0
4 16 -3.1 -49.7 0 -2.4 -48.7 1.7 4.2 -45 1.7 5.3 -45 0
3 16 4.2 -45 1.7 -2.4 -48.7 1.7 -2.4 -41.3 1.7
2 24 -2.4 -48.7 1.7 -2.4 -41.3 1.7
2 24 -3.1 -49.7 0 -3.1 -40.3 0
4 16 -2.4 -48.7 1.7 -3.1 -49.7 0 -3.1 -40.3 0 -2.4 -41.3 1.7
1 16 0 -45 0 10.5 0 0 0 0 10.5 0 1 0 1-4chrd.dat
1 16 0 -45 0 0 0 10.5 -10.5 0 0 0 1 0 1-4chrd.dat
1 16 0 -45 0 -10.5 0 0 0 0 -10.5 0 1 0 1-4chrd.dat
1 16 0 -45 0 0 0 -10.5 10.5 0 0 0 1 0 1-4chrd.dat
4 16 10.5 -45 0 0 -55.5 0 -3.1 -49.7 0 5.3 -45 0
3 16 -10.5 -45 0 -3.1 -49.7 0 0 -55.5 0
3 16 -3.1 -49.7 0 -10.5 -45 0 -3.1 -40.3 0
3 16 -3.1 -40.3 0 -10.5 -45 0 0 -34.5 0
4 16 5.3 -45 0 -3.1 -40.3 0 0 -34.5 0 10.5 -45 0
