0 Figure Friends School Bag with Magenta Buckle, Flower and Circles Pattern
0 Name: 11245p02.dat
0 Author: Takeshi Takahashi [RainbowDolphin]
0 !LDRAW_ORG Part UPDATE 2026-01
0 !LICENSE Licensed under CC BY 4.0 : see CAreadme.txt

0 BFC CERTIFY CCW

0 !CATEGORY Figure Accessory

0 !KEYWORDS Bricklink 11245pb02, Brickowl 555936, Brickset 14197, Emma, Mia
0 !KEYWORDS Rebrickable 11245pr0001, Set 41013, Set 41058, Set 41059

0 !HISTORY 2026-01-29 [OrionP] Official Update 2026-01


1 16 -8 -38 4.5 0 16 0 4 0 0 0 0 4 4-4cylo.dat
1 16 0 -5 0 1 0 0 0 -1.25 0 0 0 -1 stud4od.dat
1 16 0 -5 0 1 0 0 0 -1 0 0 0 -1 4-4ring5.dat
0 BFC INVERTNEXT
1 16 0 -5 0 5 0 0 0 -16 0 0 0 5 4-4cyli.dat
1 16 0 -5 0 5 0 0 0 -1 0 0 0 5 4-4edge.dat
0 BFC INVERTNEXT
1 16 0 -21 0 0 0 5 0 -3 0 -5 0 0 4-4cyls.dat
1 16 0 -24 0 0 0 5 3 -1 0 -5 0 0 4-4disc.dat
1 16 0 -24 0 0 0 5 3 -1 0 -5 0 0 4-4edge.dat

1 16 0 0 0 1 0 0 0 1 0 0 0 1 s\11245s01.dat
1 16 0 0 0 -1 0 0 0 1 0 0 0 1 s\11245s01.dat

0 // Patternable area
3 26 .835 -15.133 -10.76 1.112 -15.134 -10.819 .716 -15.209 -11.292
3 26 0 -15.784 -12.31 0 -15.469 -11.896 1.856 -15.793 -12.327
3 26 0 -15.469 -11.896 .716 -15.209 -11.292 1.856 -15.793 -12.327
3 26 .716 -15.209 -11.292 1.112 -15.134 -10.819 1.711 -15.182 -10.8
3 26 1.711 -15.182 -10.8 1.856 -15.793 -12.327 .716 -15.209 -11.292
4 26 1.856 -15.793 -12.327 1.711 -15.182 -10.8 2.133 -15.139 -10.527 4.203 -15.44 -10.517
3 26 4.203 -15.44 -10.517 4.065 -15.909 -11.609 1.856 -15.793 -12.327
3 26 2.205 -18.862 -9.446 1.804 -18.788 -9.911 1.873 -18.434 -11.396
3 26 3.818 -18.484 -9.682 3.85 -18.756 -8.409 2.205 -18.862 -9.446
3 26 2.205 -18.862 -9.446 3.85 -18.756 -8.409 2.307 -18.936 -8.83
3 26 4.065 -15.909 -11.609 4.24 -17.147 -11.292 1.868 -17.256 -12.288
3 26 1.868 -17.256 -12.288 1.856 -15.793 -12.327 4.065 -15.909 -11.609
4 26 1.868 -17.256 -12.288 0 -17.259 -12.275 0 -15.784 -12.31 1.856 -15.793 -12.327
4 26 1.868 -17.256 -12.288 4.24 -17.147 -11.292 3.835 -18.248 -10.654 1.873 -18.434 -11.396
4 26 0 -17.259 -12.275 1.868 -17.256 -12.288 1.873 -18.434 -11.396 0 -18.454 -11.389
4 26 2.205 -18.862 -9.446 1.873 -18.434 -11.396 3.835 -18.248 -10.654 3.818 -18.484 -9.682
4 26 0 -18.454 -11.389 1.873 -18.434 -11.396 1.804 -18.788 -9.911 0 -18.807 -9.919
3 26 4.182 -14.969 -8.893 4.823 -16.807 -7.858 4.203 -15.44 -10.517
4 26 4.203 -15.44 -10.517 4.823 -16.807 -7.858 4.495 -17.017 -9.93 4.065 -15.909 -11.609
3 26 4.065 -15.909 -11.609 4.495 -17.017 -9.93 4.24 -17.147 -11.292
3 26 4.24 -17.147 -11.292 3.85 -18.756 -8.409 3.818 -18.484 -9.682
3 26 3.818 -18.484 -9.682 3.835 -18.248 -10.654 4.24 -17.147 -11.292
3 26 4.823 -16.807 -7.858 4.276 -18.64 -7.026 4.495 -17.017 -9.93
3 26 4.276 -18.64 -7.026 3.85 -18.756 -8.409 4.495 -17.017 -9.93
3 26 4.495 -17.017 -9.93 3.85 -18.756 -8.409 4.24 -17.147 -11.292
4 26 0 -13.318 -12.627 0 -13.261 -11.133 .774 -13.573 -11.084 .755 -13.629 -12.626
3 26 .774 -13.573 -11.084 1.115 -14.325 -10.943 .755 -13.629 -12.626
3 26 1.115 -14.325 -10.943 1.068 -14.378 -12.624 .755 -13.629 -12.626
3 26 1.068 -14.378 -12.624 1.115 -14.325 -10.943 .716 -15.209 -11.292
3 26 1.115 -14.325 -10.943 .835 -15.133 -10.76 .716 -15.209 -11.292
3 26 .755 -15.127 -12.621 1.068 -14.378 -12.624 .716 -15.209 -11.292
4 26 .755 -15.127 -12.621 .716 -15.209 -11.292 0 -15.469 -11.896 0 -15.438 -12.62
4 26 1.068 -14.378 -12.624 .755 -15.127 -12.621 0 -14.378 -12.624 .755 -13.629 -12.626
4 26 0 -13.318 -12.627 .755 -13.629 -12.626 0 -14.378 -12.624 -.755 -13.629 -12.626
4 26 4.182 -14.969 -8.893 4.203 -15.44 -10.517 2.133 -15.139 -10.527 2.316 -14.811 -9.316
4 26 0 -14.378 -12.624 .755 -15.127 -12.621 0 -15.438 -12.62 -.755 -15.127 -12.621
2 24 0.716 -15.209 -11.292 0.835 -15.133 -10.76
2 24 0 -15.469 -11.896 0.716 -15.209 -11.292
2 24 0.755 -13.629 -12.626 0 -13.318 -12.627
2 24 1.068 -14.378 -12.624 0.755 -13.629 -12.626
2 24 0.755 -15.127 -12.621 1.068 -14.378 -12.624
2 24 0 -15.438 -12.62 0.755 -15.127 -12.621

3 26 -.716 -15.209 -11.292 -1.112 -15.134 -10.819 -.835 -15.133 -10.76
3 26 -1.856 -15.793 -12.327 0 -15.469 -11.896 0 -15.784 -12.31
3 26 -1.856 -15.793 -12.327 -.716 -15.209 -11.292 0 -15.469 -11.896
3 26 -1.711 -15.182 -10.8 -1.112 -15.134 -10.819 -.716 -15.209 -11.292
3 26 -.716 -15.209 -11.292 -1.856 -15.793 -12.327 -1.711 -15.182 -10.8
4 26 -2.133 -15.139 -10.527 -1.711 -15.182 -10.8 -1.856 -15.793 -12.327 -4.203 -15.44 -10.517
3 26 -1.856 -15.793 -12.327 -4.065 -15.909 -11.609 -4.203 -15.44 -10.517
3 26 -1.873 -18.434 -11.396 -1.804 -18.788 -9.911 -2.205 -18.862 -9.446
3 26 -2.205 -18.862 -9.446 -3.85 -18.756 -8.409 -3.818 -18.484 -9.682
3 26 -2.307 -18.936 -8.83 -3.85 -18.756 -8.409 -2.205 -18.862 -9.446
3 26 -1.868 -17.256 -12.288 -4.24 -17.147 -11.292 -4.065 -15.909 -11.609
3 26 -4.065 -15.909 -11.609 -1.856 -15.793 -12.327 -1.868 -17.256 -12.288
4 26 0 -15.784 -12.31 0 -17.259 -12.275 -1.868 -17.256 -12.288 -1.856 -15.793 -12.327
4 26 -3.835 -18.248 -10.654 -4.24 -17.147 -11.292 -1.868 -17.256 -12.288 -1.873 -18.434 -11.396
4 26 -1.873 -18.434 -11.396 -1.868 -17.256 -12.288 0 -17.259 -12.275 0 -18.454 -11.389
4 26 -3.835 -18.248 -10.654 -1.873 -18.434 -11.396 -2.205 -18.862 -9.446 -3.818 -18.484 -9.682
4 26 -1.804 -18.788 -9.911 -1.873 -18.434 -11.396 0 -18.454 -11.389 0 -18.807 -9.919
3 26 -4.203 -15.44 -10.517 -4.823 -16.807 -7.858 -4.182 -14.969 -8.893
4 26 -4.495 -17.017 -9.93 -4.823 -16.807 -7.858 -4.203 -15.44 -10.517 -4.065 -15.909 -11.609
3 26 -4.24 -17.147 -11.292 -4.495 -17.017 -9.93 -4.065 -15.909 -11.609
3 26 -3.818 -18.484 -9.682 -3.85 -18.756 -8.409 -4.24 -17.147 -11.292
3 26 -4.24 -17.147 -11.292 -3.835 -18.248 -10.654 -3.818 -18.484 -9.682
3 26 -4.495 -17.017 -9.93 -4.276 -18.64 -7.026 -4.823 -16.807 -7.858
3 26 -4.495 -17.017 -9.93 -3.85 -18.756 -8.409 -4.276 -18.64 -7.026
3 26 -4.24 -17.147 -11.292 -3.85 -18.756 -8.409 -4.495 -17.017 -9.93
4 26 -.774 -13.573 -11.084 0 -13.261 -11.133 0 -13.318 -12.627 -.755 -13.629 -12.626
3 26 -.755 -13.629 -12.626 -1.115 -14.325 -10.943 -.774 -13.573 -11.084
3 26 -.755 -13.629 -12.626 -1.068 -14.378 -12.624 -1.115 -14.325 -10.943
3 26 -.716 -15.209 -11.292 -1.115 -14.325 -10.943 -1.068 -14.378 -12.624
3 26 -.716 -15.209 -11.292 -.835 -15.133 -10.76 -1.115 -14.325 -10.943
3 26 -.716 -15.209 -11.292 -1.068 -14.378 -12.624 -.755 -15.127 -12.621
4 26 0 -15.469 -11.896 -.716 -15.209 -11.292 -.755 -15.127 -12.621 0 -15.438 -12.62
4 26 0 -14.378 -12.624 -.755 -15.127 -12.621 -1.068 -14.378 -12.624 -.755 -13.629 -12.626
4 26 -2.133 -15.139 -10.527 -4.203 -15.44 -10.517 -4.182 -14.969 -8.893 -2.316 -14.811 -9.316
2 24 -0.716 -15.209 -11.292 -0.835 -15.133 -10.76
2 24 0 -15.469 -11.896 -0.716 -15.209 -11.292
2 24 -0.755 -13.629 -12.626 0 -13.318 -12.627
2 24 -1.068 -14.378 -12.624 -0.755 -13.629 -12.626
2 24 -0.755 -15.127 -12.621 -1.068 -14.378 -12.624
2 24 0 -15.438 -12.62 -0.755 -15.127 -12.621

4 16 .5 -1.4 -10.89145 .63189 -1.59783 -11.04552 0 -1.598 -11.078 0 -1.23333 -10.78157
4 26 0.5 -1.4 -10.89145 0 0 -9.779 3.813 -1.597 -10.882 0.63189 -1.59783 -11.04552
3 26 .5 -1.4 -10.89145 0 -1.23333 -10.78157 0 0 -9.779
3 26 3.813 -1.597 -10.882 0 0 -9.779 3.954 0 -9.454
4 26 4.9 -1.4 -10.52159 4.9 -1.20576 -10.38811 8.25 0 -8.866 8.612 -1.899 -10.096
3 26 8.612 -1.899 -10.096 4.93826 -1.66781 -10.6977 4.9 -1.4 -10.52159
3 16 4.01007 -1.6094 -10.84972 4.01971 -1.5226 -10.78808 4.9 -1.20576 -10.38811
3 16 4.01007 -1.6094 -10.84972 4.9 -1.20576 -10.38811 4.9 -1.4 -10.52159
3 16 4.93826 -1.66781 -10.6977 4.01007 -1.6094 -10.84972 4.9 -1.4 -10.52159
3 26 4.01007 -1.6094 -10.84972 3.813 -1.597 -10.882 4.01971 -1.5226 -10.78808
4 26 5.1 -0.4 -9.64998 5.4 0 -9.25608 8.25 0 -8.866 4.9 -0.9 -10.1184
3 26 4.9 -1.20576 -10.38811 4.9 -0.9 -10.1184 8.25 0 -8.866
4 16 4.3 0 -9.40664 5.4 0 -9.25608 5.1 -0.4 -9.64998 4.1 -0.8 -10.13969
4 16 4.1 -.8 -10.13969 5.1 -.4 -9.64998 4.9 -.9 -10.1184 4.01971 -1.5226 -10.78808
3 16 4.01971 -1.5226 -10.78808 4.9 -.9 -10.1184 4.9 -1.20576 -10.38811
4 26 4.1 -.8 -10.13969 4.01971 -1.5226 -10.78808 3.813 -1.597 -10.882 3.954 0 -9.454
3 26 4.1 -0.8 -10.13969 3.954 0 -9.454 4.3 0 -9.40664
4 26 4.077 -6.836 -12.365 3.29497 -6.75755 -12.38821 3.4 -6.6 -12.35596 3.7 -6.4 -12.30717
3 26 4.077 -6.836 -12.365 3.7 -6.4 -12.30717 4.04005 -6.34332 -12.28134
4 16 3.29497 -6.75755 -12.38821 1.66366 -6.5939 -12.43662 1.9 -6.2 -12.35722 3.4 -6.6 -12.35596
4 16 3.4 -6.6 -12.35596 1.9 -6.2 -12.35722 2.3 -5.7 -12.25172 2.8 -5.4 -12.17619
4 16 3.7 -6.4 -12.30717 3.4 -6.6 -12.35596 2.8 -5.4 -12.17619 3.4 -5.2 -12.11328
4 16 4.04005 -6.34332 -12.28134 3.7 -6.4 -12.30717 3.4 -5.2 -12.11328 3.94842 -5.12165 -12.07388
4 26 0 -6.427 -12.486 3.918 -4.716 -12.005 2.8 -5.4 -12.17619 2.3 -5.7 -12.25172
3 26 0 -6.427 -12.486 2.3 -5.7 -12.25172 1.9 -6.2 -12.35722
3 26 1.66366 -6.5939 -12.43662 0 -6.427 -12.486 1.9 -6.2 -12.35722
3 26 2.8 -5.4 -12.17619 3.918 -4.716 -12.005 3.4 -5.2 -12.11328
3 26 3.4 -5.2 -12.11328 3.918 -4.716 -12.005 3.94842 -5.12165 -12.07388
4 16 .2 -5.2 -12.22317 0 -5.2 -12.22946 0 -4.533 -12.09 .6 -4.9 -12.14786
3 16 .6 -4.9 -12.14786 0 -4.533 -12.09 .79784 -4.57027 -12.07269
3 26 0 -6.427 -12.486 0 -5.2 -12.22946 0.2 -5.2 -12.22317
4 26 0 -6.427 -12.486 0.2 -5.2 -12.22317 0.6 -4.9 -12.14786 3.918 -4.716 -12.005
3 26 0.6 -4.9 -12.14786 0.79784 -4.57027 -12.07269 3.918 -4.716 -12.005
4 26 4.077 -6.836 -12.365 4.04005 -6.34332 -12.28134 4.3 -6.3 -12.22569 4.8 -6.4 -12.1523
3 26 4.077 -6.836 -12.365 4.8 -6.4 -12.1523 5.05498 -6.55299 -12.1336
3 16 4.04005 -6.34332 -12.28134 3.94842 -5.12165 -12.07388 4.3 -6.3 -12.22569
3 16 3.94842 -5.12165 -12.07388 4.1 -5.1 -12.0421 4.3 -6.3 -12.22569
4 16 4.3 -6.3 -12.22569 4.1 -5.1 -12.0421 4.9 -5.3 -11.93203 4.8 -6.4 -12.1523
4 16 4.8 -6.4 -12.1523 4.9 -5.3 -11.93203 5.6 -5.6 -11.85866 5.05498 -6.55299 -12.1336
3 16 6.18415 -6.22622 -11.86644 5.05498 -6.55299 -12.1336 5.6 -5.6 -11.85866
3 26 3.94842 -5.12165 -12.07388 3.918 -4.716 -12.005 4.1 -5.1 -12.0421
4 26 4.9 -5.3 -11.93203 4.1 -5.1 -12.0421 3.918 -4.716 -12.005 9.098 -5.383 -11.177
3 26 5.6 -5.6 -11.85866 4.9 -5.3 -11.93203 9.098 -5.383 -11.177
3 26 6.18415 -6.22622 -11.86644 5.6 -5.6 -11.85866 9.098 -5.383 -11.177
4 26 4.077 -6.836 -12.365 5.05498 -6.55299 -12.1336 5.3 -6.7 -12.09979 5.5 -7.19043 -12.11326
3 16 5.3 -6.7 -12.09979 5.05498 -6.55299 -12.1336 6.18415 -6.22622 -11.86644
3 16 6.18415 -6.22622 -11.86644 5.5 -7.19043 -12.11326 5.3 -6.7 -12.09979
3 16 6.18415 -6.22622 -11.86644 6.5 -6.7 -11.85436 5.5 -7.19043 -12.11326
4 16 5.5 -7.19043 -12.11326 6.5 -6.7 -11.85436 6.8 -7.3 -11.85953 6.85711 -7.52844 -11.87318
3 26 6.5 -6.7 -11.85436 6.18415 -6.22622 -11.86644 9.098 -5.383 -11.177
4 26 6.8 -7.3 -11.85953 6.5 -6.7 -11.85436 9.098 -5.383 -11.177 8.65 -7.975 -11.556
3 26 8.65 -7.975 -11.556 6.85711 -7.52844 -11.87318 6.8 -7.3 -11.85953
4 16 0.9 -2 -11.17726 0.84578 -2.27109 -11.27811 0 -1.598 -11.078 0.63189 -1.59783 -11.04552
4 26 0.9 -2 -11.17726 0.63189 -1.59783 -11.04552 3.813 -1.597 -10.882 3.918 -4.716 -12.005
3 26 3.918 -4.716 -12.005 0.84578 -2.27109 -11.27811 0.9 -2 -11.17726
4 16 .9 -4.4 -12.01012 .79784 -4.57027 -12.07269 0 -4.533 -12.09 .9 -3.8 -11.80324
4 16 .6 -3.4 -11.67666 .9 -3.8 -11.80324 0 -4.533 -12.09 .1 -3.2 -11.6266
3 16 0 -4.533 -12.09 0 -3.2 -11.63038 .1 -3.2 -11.6266
3 16 0.1 -3.2 -11.6266 0 -3.2 -11.63038 0 -3.13448 -11.60779
4 16 0 -2.85556 -11.51161 0.6 -2.9 -11.50426 0.1 -3.2 -11.6266 0 -3.13448 -11.60779
4 16 0.6 -2.9 -11.50426 0 -2.85556 -11.51161 0 -1.598 -11.078 0.8 -2.5 -11.35877
3 16 0.8 -2.5 -11.35877 0 -1.598 -11.078 0.84578 -2.27109 -11.27811
4 26 0.8 -2.5 -11.35877 0.84578 -2.27109 -11.27811 3.918 -4.716 -12.005 0.9 -3.8 -11.80324
4 26 0.8 -2.5 -11.35877 0.9 -3.8 -11.80324 0.6 -3.4 -11.67666 0.6 -2.9 -11.50426
3 26 0.6 -3.4 -11.67666 0.1 -3.2 -11.6266 0.6 -2.9 -11.50426
3 26 3.918 -4.716 -12.005 0.9 -4.4 -12.01012 0.9 -3.8 -11.80324
3 26 3.918 -4.716 -12.005 0.79784 -4.57027 -12.07269 0.9 -4.4 -12.01012
4 26 6.9 -3.5 -10.9865 6.28553 -3.29518 -11.04215 8.612 -1.899 -10.096 7.8 -3.5 -10.80339
4 26 8.5 -3.3 -10.59324 7.8 -3.5 -10.80339 8.612 -1.899 -10.096 8.77832 -3.09126 -10.46593
3 16 6.28553 -3.29518 -11.04215 6.9 -3.5 -10.9865 5.28102 -3.89802 -11.45068
4 16 6.4 -4.4 -11.39302 5.28102 -3.89802 -11.45068 6.9 -3.5 -10.9865 7.4 -4.5 -11.22343
4 16 7.4 -4.5 -11.22343 6.9 -3.5 -10.9865 7.8 -3.5 -10.80339 8.3 -4.3 -10.97259
4 16 8.3 -4.3 -10.97259 7.8 -3.5 -10.80339 8.5 -3.3 -10.59324 8.92213 -4.12225 -10.78582
3 16 8.92213 -4.12225 -10.78582 8.5 -3.3 -10.59324 8.77832 -3.09126 -10.46593
3 26 9.098 -5.383 -11.177 8.3 -4.3 -10.97259 8.92213 -4.12225 -10.78582
3 26 9.098 -5.383 -11.177 7.4 -4.5 -11.22343 8.3 -4.3 -10.97259
4 26 6.4 -4.4 -11.39302 7.4 -4.5 -11.22343 9.098 -5.383 -11.177 3.918 -4.716 -12.005
3 26 3.918 -4.716 -12.005 5.28102 -3.89802 -11.45068 6.4 -4.4 -11.39302
4 26 5 -2.1 -10.84449 4.93826 -1.66781 -10.6977 8.612 -1.899 -10.096 5.4 -2.7 -10.98956
4 26 6 -3.2 -11.06063 5.4 -2.7 -10.98956 8.612 -1.899 -10.096 6.28553 -3.29518 -11.04215
3 16 4.93826 -1.66781 -10.6977 5 -2.1 -10.84449 4.01007 -1.6094 -10.84972
4 16 4.2 -2.6 -11.17713 4.01007 -1.6094 -10.84972 5 -2.1 -10.84449 5.4 -2.7 -10.98956
4 16 4.7 -3.4 -11.37679 4.2 -2.6 -11.17713 5.4 -2.7 -10.98956 6 -3.2 -11.06063
3 16 5.28102 -3.89802 -11.45068 4.7 -3.4 -11.37679 6 -3.2 -11.06063
3 16 5.28102 -3.89802 -11.45068 6 -3.2 -11.06063 6.28553 -3.29518 -11.04215
3 26 3.918 -4.716 -12.005 4.7 -3.4 -11.37679 5.28102 -3.89802 -11.45068
3 26 3.918 -4.716 -12.005 4.2 -2.6 -11.17713 4.7 -3.4 -11.37679
4 26 4.2 -2.6 -11.17713 3.918 -4.716 -12.005 3.813 -1.597 -10.882 4.01007 -1.6094 -10.84972
3 16 0 -1.23333 -10.78157 0 -1.598 -11.078 -.6 -1.3 -10.80504
3 16 0 -1.598 -11.078 -0.82334 -1.59778 -11.03568 -0.6 -1.3 -10.80504
3 16 -.95112 -1.59775 -11.02911 -2.97569 -1.59722 -10.92504 -1.1 -1.3 -10.77945
3 16 -2.97569 -1.59722 -10.92504 -1.4 -.9 -10.43894 -1.1 -1.3 -10.77945
3 16 -2.97569 -1.59722 -10.92504 -1.78303 -.74679 -10.29478 -1.4 -.9 -10.43894
3 16 -2.97569 -1.59722 -10.92504 -2.75385 -1.15339 -10.57561 -1.78303 -.74679 -10.29478
4 26 -1.4 -.9 -10.43894 0 0 -9.779 0 -1.23333 -10.78157 -.6 -1.3 -10.80504
3 26 -0.6 -1.3 -10.80504 -1.1 -1.3 -10.77945 -1.4 -0.9 -10.43894
4 26 -0.95112 -1.59775 -11.02911 -1.1 -1.3 -10.77945 -0.6 -1.3 -10.80504 -0.82334 -1.59778 -11.03568
3 26 -1.4 -.9 -10.43894 -1.78303 -.74679 -10.29478 0 0 -9.779
3 26 -3.813 -1.597 -10.882 -2.75385 -1.15339 -10.57561 -2.97569 -1.59722 -10.92504
3 16 -2.75385 -1.15339 -10.57561 -2.5 -.8 -10.28305 -1.78303 -.74679 -10.29478
4 26 0 0 -9.779 -1.78303 -.74679 -10.29478 -2.5 -.8 -10.28305 -3.954 0 -9.454
4 26 -3.954 0 -9.454 -2.5 -.8 -10.28305 -2.75385 -1.15339 -10.57561 -3.813 -1.597 -10.882
4 26 -8.1 -1.5 -9.92782 -8.51993 -1.41601 -9.78317 -8.25 0 -8.866 -7.4 -1.4 -10.00402
4 26 -6.8 -1.1 -9.92208 -7.4 -1.4 -10.00402 -8.25 0 -8.866 -6.26183 -0.7156 -9.76934
3 16 -8.612 -1.899 -10.096 -8.51993 -1.41601 -9.78317 -8.1 -1.5 -9.92782
3 16 -8.612 -1.899 -10.096 -8.1 -1.5 -9.92782 -7.4 -1.4 -10.00402
3 16 -8.612 -1.899 -10.096 -7.4 -1.4 -10.00402 -6.19504 -1.7469 -10.49186
3 16 -6.19504 -1.7469 -10.49186 -7.4 -1.4 -10.00402 -6.8 -1.1 -9.92208
3 16 -6.19504 -1.7469 -10.49186 -6.8 -1.1 -9.92208 -5.8 -1.5 -10.40398
4 16 -5.34543 -1.04543 -10.18572 -5.8 -1.5 -10.40398 -6.8 -1.1 -9.92208 -6.26183 -.7156 -9.76934
3 26 -3.813 -1.597 -10.882 -5.8 -1.5 -10.40398 -5.34543 -1.04543 -10.18572
3 26 -6.19504 -1.7469 -10.49186 -5.8 -1.5 -10.40398 -3.813 -1.597 -10.882
4 26 -6.1 -0.6 -9.68953 -6.26183 -0.7156 -9.76934 -8.25 0 -8.866 -5.8 0 -9.20134
4 16 -5.34543 -1.04543 -10.18572 -6.26183 -.7156 -9.76934 -6.1 -.6 -9.68953 -5.2 -.9 -10.07734
4 16 -5.2 -0.9 -10.07734 -6.1 -0.6 -9.68953 -5.8 0 -9.20134 -4.8 0 -9.33821
4 26 -4.8 0 -9.33821 -3.954 0 -9.454 -3.813 -1.597 -10.882 -5.2 -0.9 -10.07734
3 26 -3.813 -1.597 -10.882 -5.34543 -1.04543 -10.18572 -5.2 -.9 -10.07734
3 16 -1.53196 -5.75799 -12.29793 -1.7 -5.8 -12.2973 -2.2 -5.8 -12.27377
3 16 -3 -5.11689 -12.1177 -2.7 -5.6 -12.21556 -3 -5.3 -12.14944
4 16 -1.53196 -5.75799 -12.29793 -2.2 -5.8 -12.27377 -2.7 -5.6 -12.21556 -3 -5.11689 -12.1177
4 26 -4.077 -6.836 -12.365 -3.918 -4.716 -12.005 -3 -5.3 -12.14944 -2.7 -5.6 -12.21556
3 26 -4.077 -6.836 -12.365 -2.7 -5.6 -12.21556 -2.2 -5.8 -12.27377
4 26 -4.077 -6.836 -12.365 -2.2 -5.8 -12.27377 -1.7 -5.8 -12.2973 0 -6.427 -12.486
3 26 0 -6.427 -12.486 -1.7 -5.8 -12.2973 -1.53196 -5.75799 -12.29793
3 26 -3 -5.3 -12.14944 -3.918 -4.716 -12.005 -3 -5.11689 -12.1177
3 16 -1.3 -5.7 -12.2931 -1.53196 -5.75799 -12.29793 -2.92318 -4.66953 -12.02658
3 16 -2.92318 -4.66953 -12.02658 -1.1 -5.3 -12.21576 -1.3 -5.7 -12.2931
3 16 -2.92318 -4.66953 -12.02658 -1 -4.7 -12.09346 -1.1 -5.3 -12.21576
3 16 -1 -4.7 -12.09346 -2.92318 -4.66953 -12.02658 0 -4.533 -12.09
3 16 -1 -4.7 -12.09346 0 -4.533 -12.09 -.6 -5 -12.16876
4 16 -.2 -5.2 -12.22317 -.6 -5 -12.16876 0 -4.533 -12.09 0 -5.2 -12.22946
3 16 -3 -4.9 -12.07235 -2.92318 -4.66953 -12.02658 -3 -5.11689 -12.1177
3 16 -2.92318 -4.66953 -12.02658 -1.53196 -5.75799 -12.29793 -3 -5.11689 -12.1177
3 26 0 -6.427 -12.486 -1.53196 -5.75799 -12.29793 -1.3 -5.7 -12.2931
3 26 0 -6.427 -12.486 -1.3 -5.7 -12.2931 -1.1 -5.3 -12.21576
4 26 0 -6.427 -12.486 -1.1 -5.3 -12.21576 -1 -4.7 -12.09346 -0.6 -5 -12.16876
3 26 0 -6.427 -12.486 -0.6 -5 -12.16876 -0.2 -5.2 -12.22317
3 26 0 -6.427 -12.486 -0.2 -5.2 -12.22317 0 -5.2 -12.22946
3 26 -3 -4.9 -12.07235 -3.918 -4.716 -12.005 -2.92318 -4.66953 -12.02658
3 26 -3 -5.11689 -12.1177 -3.918 -4.716 -12.005 -3 -4.9 -12.07235
3 26 -4.077 -6.836 -12.365 -9.098 -5.383 -11.177 -3.918 -4.716 -12.005
3 26 -8.65 -7.975 -11.556 -9.098 -5.383 -11.177 -4.077 -6.836 -12.365
3 26 -2.34447 -3.46376 -11.6327 -2.4 -3.2 -11.53443 -2.32 -2.82 -11.40106
4 26 -.92942 -2.33764 -11.2979 -2.34447 -3.46376 -11.6327 -2.32 -2.82 -11.40106 -2.11 -2.49 -11.29245
3 26 -.92942 -2.33764 -11.2979 -2.11 -2.49 -11.29245 -1.78 -2.28 -11.2334
3 26 -.92942 -2.33764 -11.2979 -1.78 -2.28 -11.2334 -1.4 -2.2 -11.22396
4 16 -.9 -1.7 -11.06872 -.82334 -1.59778 -11.03568 0 -1.598 -11.078 -.92942 -2.33764 -11.2979
4 16 -.9 -1.7 -11.06872 -.92942 -2.33764 -11.2979 -1.4 -2.2 -11.22396 -.95112 -1.59775 -11.02911
3 16 -1.4 -2.2 -11.22396 -2.97569 -1.59722 -10.92504 -.95112 -1.59775 -11.02911
3 16 -2.97569 -1.59722 -10.92504 -1.4 -2.2 -11.22396 -1.78 -2.28 -11.2334
3 16 -2.97569 -1.59722 -10.92504 -1.78 -2.28 -11.2334 -2.9 -1.9 -11.03846
4 16 -2.9 -1.9 -11.03846 -1.78 -2.28 -11.2334 -2.11 -2.49 -11.29245 -2.7 -2.3 -11.19344
4 16 -2.7 -2.3 -11.19344 -2.11 -2.49 -11.29245 -2.32 -2.82 -11.40106 -3.2 -2.3 -11.16778
4 16 -3.2 -2.3 -11.16778 -2.32 -2.82 -11.40106 -2.4 -3.2 -11.53443 -3.7 -2.4 -11.17831
3 16 -3.84491 -2.54491 -11.2233 -3.7 -2.4 -11.17831 -2.4 -3.2 -11.53443
4 16 -3.88879 -3.84828 -11.69258 -3.84491 -2.54491 -11.2233 -2.4 -3.2 -11.53443 -3.7 -4.1 -11.79333
3 16 -2.34447 -3.46376 -11.6327 -3.7 -4.1 -11.79333 -2.4 -3.2 -11.53443
3 16 -3.24024 -4.17663 -11.84464 -3.7 -4.1 -11.79333 -2.34447 -3.46376 -11.6327
3 26 -0.9 -1.7 -11.06872 -0.95112 -1.59775 -11.02911 -0.82334 -1.59778 -11.03568
3 26 -3.84491 -2.54491 -11.2233 -3.813 -1.597 -10.882 -3.7 -2.4 -11.17831
3 26 -3.7 -2.4 -11.17831 -3.813 -1.597 -10.882 -3.2 -2.3 -11.16778
4 26 -2.7 -2.3 -11.19344 -3.2 -2.3 -11.16778 -3.813 -1.597 -10.882 -2.9 -1.9 -11.03846
3 26 -2.9 -1.9 -11.03846 -3.813 -1.597 -10.882 -2.97569 -1.59722 -10.92504
3 26 -3.918 -4.716 -12.005 -3.88879 -3.84828 -11.69258 -3.7 -4.1 -11.79333
3 26 -3.918 -4.716 -12.005 -3.7 -4.1 -11.79333 -3.24024 -4.17663 -11.84464
3 26 -.69 -3.91 -11.84911 -2.34447 -3.46376 -11.6327 -.92942 -2.33764 -11.2979
3 26 -.92942 -2.33764 -11.2979 -.69 -2.49 -11.35948 -.69 -3.91 -11.84911
4 26 -.69 -3.91 -11.84911 -.69 -2.49 -11.35948 -.48 -2.82 -11.48121 -.4 -3.2 -11.61526
3 26 -.69 -3.91 -11.84911 -.4 -3.2 -11.61526 -.48 -3.58 -11.74326
3 26 -.69 -3.91 -11.84911 -1.02 -4.12 -11.90904 -1.4 -4.2 -11.92226
4 26 -.69 -3.91 -11.84911 -1.4 -4.2 -11.92226 -1.78 -4.12 -11.88031 -2.11 -3.91 -11.79543
3 26 -2.11 -3.91 -11.79543 -2.34447 -3.46376 -11.6327 -.69 -3.91 -11.84911
3 16 -2.92318 -4.66953 -12.02658 -1.78 -4.12 -11.88031 -1.4 -4.2 -11.92226
3 16 -1.4 -4.2 -11.92226 -1.02 -4.12 -11.90904 0 -4.533 -12.09
3 16 0 -4.533 -12.09 -2.92318 -4.66953 -12.02658 -1.4 -4.2 -11.92226
3 16 0 -4.533 -12.09 -1.02 -4.12 -11.90904 -.69 -3.91 -11.84911
4 16 -.4 -3.2 -11.61526 0 -3.2 -11.63038 0 -4.533 -12.09 -.48 -3.58 -11.74326
3 16 0 -4.533 -12.09 -.69 -3.91 -11.84911 -.48 -3.58 -11.74326
4 16 0 -3.2 -11.63038 -0.4 -3.2 -11.61526 -0.48 -2.82 -11.48121 0 -3.13448 -11.60779
3 16 0 -3.13448 -11.60779 -0.48 -2.82 -11.48121 0 -2.85556 -11.51161
4 16 0 -1.598 -11.078 0 -2.85556 -11.51161 -0.48 -2.82 -11.48121 -0.69 -2.49 -11.35948
3 16 -.69 -2.49 -11.35948 -.92942 -2.33764 -11.2979 0 -1.598 -11.078
4 16 -3.24024 -4.17663 -11.84464 -2.34447 -3.46376 -11.6327 -2.11 -3.91 -11.79543 -2.7 -4.2 -11.87312
4 16 -2.7 -4.2 -11.87312 -2.11 -3.91 -11.79543 -1.78 -4.12 -11.88031 -2.92318 -4.66953 -12.02658
4 26 -3.918 -4.716 -12.005 -3.24024 -4.17663 -11.84464 -2.7 -4.2 -11.87312 -2.92318 -4.66953 -12.02658
3 16 -8.3 -2.4 -10.32914 -8.67152 -2.3257 -10.22839 -8.612 -1.899 -10.096
3 16 -8.3 -2.4 -10.32914 -8.612 -1.899 -10.096 -7.85185 -2.35519 -10.40514
4 26 -8.3 -2.4 -10.32914 -7.85185 -2.35519 -10.40514 -3.918 -4.716 -12.005 -9.098 -5.383 -11.177
3 26 -9.098 -5.383 -11.177 -8.67152 -2.3257 -10.22839 -8.3 -2.4 -10.32914
3 16 -3.84491 -2.54491 -11.2233 -4.1 -3.2 -11.41562 -4 -2.7 -11.25114
3 16 -3.88879 -3.84828 -11.69258 -4.1 -3.2 -11.41562 -3.84491 -2.54491 -11.2233
4 16 -7.3 -2.3 -10.48803 -7.85185 -2.35519 -10.40514 -8.612 -1.899 -10.096 -6.19504 -1.7469 -10.49186
3 16 -6.19504 -1.7469 -10.49186 -6.6 -2 -10.50892 -7.3 -2.3 -10.48803
4 26 -6.6 -2 -10.50892 -6.19504 -1.7469 -10.49186 -3.813 -1.597 -10.882 -4 -2.7 -11.25114
3 26 -4 -2.7 -11.25114 -3.813 -1.597 -10.882 -3.84491 -2.54491 -11.2233
4 26 -6.6 -2 -10.50892 -4 -2.7 -11.25114 -4.1 -3.2 -11.41562 -7.3 -2.3 -10.48803
4 26 -7.3 -2.3 -10.48803 -4.1 -3.2 -11.41562 -3.88879 -3.84828 -11.69258 -3.918 -4.716 -12.005
3 26 -3.918 -4.716 -12.005 -7.85185 -2.35519 -10.40514 -7.3 -2.3 -10.48803

5 24 1.112 -15.134 -10.819 0.716 -15.209 -11.292 0.835 -15.133 -10.76 1.711 -15.182 -10.8
5 24 0 -15.784 -12.31 0 -15.469 -11.896 1.856 -15.793 -12.327 -1.856 -15.793 -12.327
5 24 0 -15.469 -11.896 1.856 -15.793 -12.327 0 -15.784 -12.31 0.716 -15.209 -11.292
2 24 1.856 -15.793 -12.327 0 -15.784 -12.31
5 24 0.716 -15.209 -11.292 1.856 -15.793 -12.327 0 -15.469 -11.896 1.711 -15.182 -10.8
5 24 1.711 -15.182 -10.8 0.716 -15.209 -11.292 1.112 -15.134 -10.819 1.856 -15.793 -12.327
5 24 1.711 -15.182 -10.8 1.856 -15.793 -12.327 0.716 -15.209 -11.292 2.133 -15.139 -10.527
5 24 2.133 -15.139 -10.527 4.203 -15.44 -10.517 1.856 -15.793 -12.327 4.182 -14.969 -8.893
5 24 4.203 -15.44 -10.517 1.856 -15.793 -12.327 2.133 -15.139 -10.527 4.065 -15.909 -11.609
2 24 4.203 -15.44 -10.517 4.065 -15.909 -11.609
2 24 4.065 -15.909 -11.609 1.856 -15.793 -12.327
5 24 1.804 -18.788 -9.911 1.873 -18.434 -11.396 2.205 -18.862 -9.446 0 -18.454 -11.389
5 24 1.873 -18.434 -11.396 2.205 -18.862 -9.446 1.804 -18.788 -9.911 3.835 -18.248 -10.654
5 24 3.818 -18.484 -9.682 3.85 -18.756 -8.409 2.205 -18.862 -9.446 4.24 -17.147 -11.292
5 24 3.85 -18.756 -8.409 2.205 -18.862 -9.446 3.818 -18.484 -9.682 2.307 -18.936 -8.83
5 24 2.205 -18.862 -9.446 3.818 -18.484 -9.682 3.85 -18.756 -8.409 3.835 -18.248 -10.654
5 24 4.065 -15.909 -11.609 4.24 -17.147 -11.292 1.868 -17.256 -12.288 4.495 -17.017 -9.93
5 24 4.24 -17.147 -11.292 1.868 -17.256 -12.288 4.065 -15.909 -11.609 3.835 -18.248 -10.654
5 24 1.868 -17.256 -12.288 4.065 -15.909 -11.609 4.24 -17.147 -11.292 1.856 -15.793 -12.327
5 24 1.868 -17.256 -12.288 1.856 -15.793 -12.327 4.065 -15.909 -11.609 0 -15.784 -12.31
5 24 0 -17.259 -12.275 0 -15.784 -12.31 1.868 -17.256 -12.288 -1.868 -17.256 -12.288
5 24 1.868 -17.256 -12.288 0 -17.259 -12.275 0 -15.784 -12.31 1.873 -18.434 -11.396
5 24 4.24 -17.147 -11.292 3.835 -18.248 -10.654 1.868 -17.256 -12.288 3.818 -18.484 -9.682
5 24 3.835 -18.248 -10.654 1.873 -18.434 -11.396 1.868 -17.256 -12.288 2.205 -18.862 -9.446
5 24 1.873 -18.434 -11.396 1.868 -17.256 -12.288 3.835 -18.248 -10.654 0 -17.259 -12.275
5 24 1.873 -18.434 -11.396 0 -18.454 -11.389 0 -17.259 -12.275 1.804 -18.788 -9.911
5 24 0 -18.454 -11.389 0 -17.259 -12.275 1.873 -18.434 -11.396 -1.873 -18.434 -11.396
5 24 3.835 -18.248 -10.654 3.818 -18.484 -9.682 2.205 -18.862 -9.446 4.24 -17.147 -11.292
5 24 0 -18.807 -9.919 0 -18.454 -11.389 1.804 -18.788 -9.911 -1.804 -18.788 -9.911
5 24 4.823 -16.807 -7.858 4.203 -15.44 -10.517 4.182 -14.969 -8.893 4.495 -17.017 -9.93
2 24 4.203 -15.44 -10.517 4.182 -14.969 -8.893
5 24 4.823 -16.807 -7.858 4.495 -17.017 -9.93 4.203 -15.44 -10.517 4.276 -18.64 -7.026
5 24 4.495 -17.017 -9.93 4.065 -15.909 -11.609 4.203 -15.44 -10.517 4.24 -17.147 -11.292
5 24 4.495 -17.017 -9.93 4.24 -17.147 -11.292 4.065 -15.909 -11.609 3.85 -18.756 -8.409
5 24 4.24 -17.147 -11.292 3.85 -18.756 -8.409 3.818 -18.484 -9.682 4.495 -17.017 -9.93
5 24 3.818 -18.484 -9.682 4.24 -17.147 -11.292 3.85 -18.756 -8.409 3.835 -18.248 -10.654
5 24 4.276 -18.64 -7.026 4.495 -17.017 -9.93 4.823 -16.807 -7.858 3.85 -18.756 -8.409
5 24 3.85 -18.756 -8.409 4.495 -17.017 -9.93 4.276 -18.64 -7.026 4.24 -17.147 -11.292
5 24 0 -13.318 -12.627 0 -13.261 -11.133 0.774 -13.573 -11.084 -0.774 -13.573 -11.084
5 24 0.774 -13.573 -11.084 0.755 -13.629 -12.626 0 -13.318 -12.627 1.115 -14.325 -10.943
5 24 1.115 -14.325 -10.943 0.755 -13.629 -12.626 0.774 -13.573 -11.084 1.068 -14.378 -12.624
5 24 1.115 -14.325 -10.943 1.068 -14.378 -12.624 0.755 -13.629 -12.626 0.716 -15.209 -11.292
5 24 1.115 -14.325 -10.943 0.716 -15.209 -11.292 1.068 -14.378 -12.624 0.835 -15.133 -10.76
5 24 0.716 -15.209 -11.292 1.068 -14.378 -12.624 1.115 -14.325 -10.943 0.755 -15.127 -12.621
5 24 0.716 -15.209 -11.292 0.755 -15.127 -12.621 1.068 -14.378 -12.624 0 -15.469 -11.896
5 24 0 -15.469 -11.896 0 -15.438 -12.62 0.755 -15.127 -12.621 -0.755 -15.127 -12.621
5 24 -0.716 -15.209 -11.292 -1.112 -15.134 -10.819 -0.835 -15.133 -10.76 -1.711 -15.182 -10.8
5 24 -1.856 -15.793 -12.327 0 -15.469 -11.896 0 -15.784 -12.31 -0.716 -15.209 -11.292
2 24 0 -15.784 -12.31 -1.856 -15.793 -12.327
5 24 -1.856 -15.793 -12.327 -0.716 -15.209 -11.292 0 -15.469 -11.896 -1.711 -15.182 -10.8
5 24 -0.716 -15.209 -11.292 -1.711 -15.182 -10.8 -1.112 -15.134 -10.819 -1.856 -15.793 -12.327
5 24 -1.856 -15.793 -12.327 -1.711 -15.182 -10.8 -0.716 -15.209 -11.292 -2.133 -15.139 -10.527
5 24 -1.856 -15.793 -12.327 -4.203 -15.44 -10.517 -2.133 -15.139 -10.527 -4.065 -15.909 -11.609
5 24 -4.203 -15.44 -10.517 -2.133 -15.139 -10.527 -1.856 -15.793 -12.327 -4.182 -14.969 -8.893
2 24 -1.856 -15.793 -12.327 -4.065 -15.909 -11.609
2 24 -4.065 -15.909 -11.609 -4.203 -15.44 -10.517
5 24 -1.873 -18.434 -11.396 -1.804 -18.788 -9.911 -2.205 -18.862 -9.446 0 -18.454 -11.389
5 24 -2.205 -18.862 -9.446 -1.873 -18.434 -11.396 -1.804 -18.788 -9.911 -3.835 -18.248 -10.654
5 24 -2.205 -18.862 -9.446 -3.85 -18.756 -8.409 -3.818 -18.484 -9.682 -2.307 -18.936 -8.83
5 24 -3.85 -18.756 -8.409 -3.818 -18.484 -9.682 -2.205 -18.862 -9.446 -4.24 -17.147 -11.292
5 24 -3.818 -18.484 -9.682 -2.205 -18.862 -9.446 -3.85 -18.756 -8.409 -3.835 -18.248 -10.654
5 24 -1.868 -17.256 -12.288 -4.24 -17.147 -11.292 -4.065 -15.909 -11.609 -3.835 -18.248 -10.654
5 24 -4.24 -17.147 -11.292 -4.065 -15.909 -11.609 -1.868 -17.256 -12.288 -4.495 -17.017 -9.93
5 24 -4.065 -15.909 -11.609 -1.868 -17.256 -12.288 -4.24 -17.147 -11.292 -1.856 -15.793 -12.327
5 24 -1.856 -15.793 -12.327 -1.868 -17.256 -12.288 -4.065 -15.909 -11.609 0 -15.784 -12.31
5 24 0 -17.259 -12.275 -1.868 -17.256 -12.288 0 -15.784 -12.31 -1.873 -18.434 -11.396
5 24 -3.835 -18.248 -10.654 -4.24 -17.147 -11.292 -1.868 -17.256 -12.288 -3.818 -18.484 -9.682
5 24 -1.873 -18.434 -11.396 -3.835 -18.248 -10.654 -1.868 -17.256 -12.288 -2.205 -18.862 -9.446
5 24 -1.868 -17.256 -12.288 -1.873 -18.434 -11.396 -3.835 -18.248 -10.654 0 -17.259 -12.275
5 24 0 -18.454 -11.389 -1.873 -18.434 -11.396 0 -17.259 -12.275 -1.804 -18.788 -9.911
5 24 -3.818 -18.484 -9.682 -3.835 -18.248 -10.654 -2.205 -18.862 -9.446 -4.24 -17.147 -11.292
5 24 -4.203 -15.44 -10.517 -4.823 -16.807 -7.858 -4.182 -14.969 -8.893 -4.495 -17.017 -9.93
2 24 -4.182 -14.969 -8.893 -4.203 -15.44 -10.517
5 24 -4.495 -17.017 -9.93 -4.823 -16.807 -7.858 -4.203 -15.44 -10.517 -4.276 -18.64 -7.026
5 24 -4.065 -15.909 -11.609 -4.495 -17.017 -9.93 -4.203 -15.44 -10.517 -4.24 -17.147 -11.292
5 24 -4.24 -17.147 -11.292 -4.495 -17.017 -9.93 -4.065 -15.909 -11.609 -3.85 -18.756 -8.409
5 24 -3.85 -18.756 -8.409 -4.24 -17.147 -11.292 -3.818 -18.484 -9.682 -4.495 -17.017 -9.93
5 24 -4.24 -17.147 -11.292 -3.818 -18.484 -9.682 -3.85 -18.756 -8.409 -3.835 -18.248 -10.654
5 24 -4.495 -17.017 -9.93 -4.276 -18.64 -7.026 -4.823 -16.807 -7.858 -3.85 -18.756 -8.409
5 24 -4.495 -17.017 -9.93 -3.85 -18.756 -8.409 -4.276 -18.64 -7.026 -4.24 -17.147 -11.292
5 24 -0.755 -13.629 -12.626 -0.774 -13.573 -11.084 0 -13.318 -12.627 -1.115 -14.325 -10.943
5 24 -0.755 -13.629 -12.626 -1.115 -14.325 -10.943 -0.774 -13.573 -11.084 -1.068 -14.378 -12.624
5 24 -1.068 -14.378 -12.624 -1.115 -14.325 -10.943 -0.755 -13.629 -12.626 -0.716 -15.209 -11.292
5 24 -0.716 -15.209 -11.292 -1.115 -14.325 -10.943 -1.068 -14.378 -12.624 -0.835 -15.133 -10.76
5 24 -1.068 -14.378 -12.624 -0.716 -15.209 -11.292 -1.115 -14.325 -10.943 -0.755 -15.127 -12.621
5 24 -0.755 -15.127 -12.621 -0.716 -15.209 -11.292 -1.068 -14.378 -12.624 0 -15.469 -11.896
5 24 0 -1.598 -11.078 0 0 -9.779 3.813 -1.597 -10.882 -3.813 -1.597 -10.882
5 24 0 0 -9.779 3.813 -1.597 -10.882 0 -1.598 -11.078 3.954 0 -9.454
5 24 3.813 -1.597 -10.882 0 -1.598 -11.078 0 0 -9.779 3.918 -4.716 -12.005
5 24 3.954 0 -9.454 3.813 -1.597 -10.882 0 0 -9.779 8.25 0 -8.866
5 24 8.612 -1.899 -10.096 3.813 -1.597 -10.882 8.25 0 -8.866 3.918 -4.716 -12.005
5 24 3.813 -1.597 -10.882 8.25 0 -8.866 8.612 -1.899 -10.096 3.954 0 -9.454
5 24 3.918 -4.716 -12.005 4.077 -6.836 -12.365 0 -6.427 -12.486 9.098 -5.383 -11.177
5 24 0 -6.427 -12.486 3.918 -4.716 -12.005 4.077 -6.836 -12.365 0 -4.533 -12.09
5 24 0 -6.427 -12.486 0 -4.533 -12.09 3.918 -4.716 -12.005 -3.918 -4.716 -12.005
5 24 0 -4.533 -12.09 3.918 -4.716 -12.005 0 -6.427 -12.486 0 -1.598 -11.078
5 24 3.918 -4.716 -12.005 9.098 -5.383 -11.177 4.077 -6.836 -12.365 8.612 -1.899 -10.096
5 24 9.098 -5.383 -11.177 4.077 -6.836 -12.365 3.918 -4.716 -12.005 8.65 -7.975 -11.556
5 24 3.813 -1.597 -10.882 3.918 -4.716 -12.005 0 -1.598 -11.078 8.612 -1.899 -10.096
5 24 3.918 -4.716 -12.005 0 -1.598 -11.078 3.813 -1.597 -10.882 0 -4.533 -12.09
5 24 0 -4.533 -12.09 0 -1.598 -11.078 3.918 -4.716 -12.005 -3.918 -4.716 -12.005
5 24 3.918 -4.716 -12.005 8.612 -1.899 -10.096 9.098 -5.383 -11.177 3.813 -1.597 -10.882
5 24 -3.813 -1.597 -10.882 0 0 -9.779 0 -1.598 -11.078 -3.954 0 -9.454
5 24 0 -1.598 -11.078 -3.813 -1.597 -10.882 0 0 -9.779 -3.918 -4.716 -12.005
5 24 -3.813 -1.597 -10.882 -3.954 0 -9.454 0 0 -9.779 -8.25 0 -8.866
5 24 -3.813 -1.597 -10.882 -8.612 -1.899 -10.096 -8.25 0 -8.866 -3.918 -4.716 -12.005
5 24 -8.25 0 -8.866 -3.813 -1.597 -10.882 -8.612 -1.899 -10.096 -3.954 0 -9.454
5 24 -4.077 -6.836 -12.365 -3.918 -4.716 -12.005 0 -6.427 -12.486 -9.098 -5.383 -11.177
5 24 -3.918 -4.716 -12.005 0 -6.427 -12.486 -4.077 -6.836 -12.365 0 -4.533 -12.09
5 24 -3.918 -4.716 -12.005 0 -4.533 -12.09 0 -6.427 -12.486 0 -1.598 -11.078
5 24 -9.098 -5.383 -11.177 -3.918 -4.716 -12.005 -4.077 -6.836 -12.365 -8.612 -1.899 -10.096
5 24 -4.077 -6.836 -12.365 -9.098 -5.383 -11.177 -3.918 -4.716 -12.005 -8.65 -7.975 -11.556
5 24 0 -1.598 -11.078 -3.918 -4.716 -12.005 -3.813 -1.597 -10.882 0 -4.533 -12.09
5 24 -3.918 -4.716 -12.005 -3.813 -1.597 -10.882 0 -1.598 -11.078 -8.612 -1.899 -10.096
5 24 -8.612 -1.899 -10.096 -3.918 -4.716 -12.005 -9.098 -5.383 -11.177 -3.813 -1.597 -10.882
