0 Duplo Door / Window Pane  1 x  4 x  3 with One Pane and Rounded Sides
0 Name: 15582.dat
0 Author: Peter Blomberg [WUIt]
0 !LDRAW_ORG Part UPDATE 2025-08
0 !LICENSE Licensed under CC BY 4.0 : see CAreadme.txt

0 BFC CERTIFY CCW

0 !CATEGORY Door
0 !KEYWORDS building

0 !HISTORY 2025-08-31 [OrionP] Official Update 2025-08

1 16 0 0 0 1 0 0 0 1 0 0 0 1 s\15582s01.dat
1 16 0 0 0 1 0 0 0 -1 0 0 0 1 s\15582s01.dat

0 // back
1 16 -65.5 0 2.5 68 0 0 0 0 60 0 -4 0 box4o4a.dat
0 BFC INVERTNEXT
1 16 -1.5 0 .5 0 -128 0 0 0 56 -2 0 0 box3u7a.dat
4 16 -129.5 -56 2.5 -129.5 56 2.5 -133.5 60 2.5 -133.5 -60 2.5
4 16 0 37 2.5 0 -37.6 2.5 2.5 -60 2.5 2.5 60 2.5

0 // front
1 16 -120.5 60 -1.5 -13 0 0 0 -120 0 0 0 -13 1-4cylo.dat
1 16 -10.5 25 -1.5 13 0 0 0 -50 0 0 0 -13 1-4cyli.dat

0 // inside
0 BFC INVERTNEXT
1 16 -120.5 56 -1.5 -9 0 0 0 -112 0 0 0 -9 1-4cylo.dat
0 BFC INVERTNEXT
1 16 -10.5 21 -1.5 9 0 0 0 -42 0 0 0 -9 1-4cylo.dat
1 16 -1.5 0 .5 0 1 0 21 0 0 0 0 2 rect3.dat
4 16 0 25 2.5 -1.5 21 2.5 -1.5 -21 2.5 0 -25 2.5

0 // window
0 BFC INVERTNEXT
1 16 -105.5 -39 -14.5 -3 0 0 0 0 -3 0 4 0 1-4cylo.dat
0 BFC INVERTNEXT
1 16 -25.5 -39 -14.5 3 0 0 0 0 -3 0 4 0 1-4cylo.dat
0 BFC INVERTNEXT
1 16 -109.5 -1 -14.5 -3 0 0 0 0 3 0 4 0 1-4cylo.dat
0 BFC INVERTNEXT
1 16 -21.5 -1 -14.5 3 0 0 0 0 3 0 4 0 1-4cylo.dat
1 16 -65.5 -42 -12.5 40 0 0 0 -1 0 0 0 2 rect2p.dat
1 16 -65.5 2 -12.5 44 0 0 0 1 0 0 0 2 rect2p.dat
1 16 -110.5 -20 -12.5 -2 -1 0 19 0 0 0 0 2 rect2p.dat
1 16 -20.5 -20 -12.5 2 1 0 19 0 0 0 0 2 rect2p.dat
1 16 -105.5 -39 -14.5 -3 0 0 0 0 -3 0 1 0 1-4ndis.dat
1 16 -25.5 -39 -14.5 3 0 0 0 0 -3 0 1 0 1-4ndis.dat
1 16 -109.5 -1 -14.5 -3 0 0 0 0 3 0 1 0 1-4ndis.dat
1 16 -21.5 -1 -14.5 3 0 0 0 0 3 0 1 0 1-4ndis.dat
1 16 -105.5 -39 -10.5 -3 0 0 0 0 -3 0 -1 0 1-4ndis.dat
1 16 -25.5 -39 -10.5 3 0 0 0 0 -3 0 -1 0 1-4ndis.dat
1 16 -109.5 -1 -10.5 -3 0 0 0 0 3 0 -1 0 1-4ndis.dat
1 16 -21.5 -1 -10.5 3 0 0 0 0 3 0 -1 0 1-4ndis.dat

0 // most of front plate
3 16 -112.5 2 -14.5 -120.5 60 -14.5 -109.5 2 -14.5
4 16 -21.5 2 -14.5 -109.5 2 -14.5 -120.5 60 -14.5 -10.5 60 -14.5
4 16 -120.5 60 -14.5 -112.5 2 -14.5 -112.5 -1 -14.5 -120.5 -60 -14.5
3 16 -112.5 -1 -14.5 -108.5 -39 -14.5 -120.5 -60 -14.5
3 16 -120.5 -60 -14.5 -108.5 -39 -14.5 -108.5 -42 -14.5
3 16 -120.5 -60 -14.5 -108.5 -42 -14.5 -105.5 -42 -14.5
4 16 -120.5 -60 -14.5 -105.5 -42 -14.5 -25.5 -42 -14.5 -10.5 -60 -14.5
3 16 -10.5 -60 -14.5 -25.5 -42 -14.5 -22.5 -42 -14.5
4 16 -10.5 -60 -14.5 -22.5 -42 -14.5 -22.5 -39 -14.5 -10.5 -37 -14.5
3 16 -10.5 60 -14.5 -10.5 37 -14.5 -21.5 2 -14.5
3 16 -21.5 2 -14.5 -10.5 37 -14.5 -10.5 25 -14.5
3 16 -21.5 2 -14.5 -10.5 25 -14.5 -18.5 2 -14.5
4 16 -18.5 -1 -14.5 -18.5 2 -14.5 -10.5 25 -14.5 -10.5 -25 -14.5
4 16 -10.5 -37 -14.5 -22.5 -39 -14.5 -18.5 -1 -14.5 -10.5 -25 -14.5

0 // most of back plate
4 16 -25.5 -42 -10.5 -105.5 -42 -10.5 -120.5 -56 -10.5 -10.5 -56 -10.5
3 16 -22.5 -42 -10.5 -25.5 -42 -10.5 -10.5 -56 -10.5
4 16 -10.5 -56 -10.5 -10.5 -41 -10.5 -13.5 -41 -10.5 -22.5 -42 -10.5
3 16 -22.5 -42 -10.5 -13.5 -41 -10.5 -22.5 -39 -10.5
4 16 -18.5 -1 -10.5 -22.5 -39 -10.5 -13.5 -41 -10.5 -13.5 -21 -10.5
4 16 -18.5 -1 -10.5 -13.5 -21 -10.5 -10.5 -21 -10.5 -18.5 2 -10.5
4 16 -18.5 2 -10.5 -10.5 -21 -10.5 -10.5 21 -10.5 -13.5 21 -10.5
3 16 -105.5 -42 -10.5 -108.5 -42 -10.5 -120.5 -56 -10.5
3 16 -112.5 2 -10.5 -109.5 2 -10.5 -120.5 56 -10.5
4 16 -120.5 56 -10.5 -13.5 41 -10.5 -10.5 41 -10.5 -10.5 56 -10.5
4 16 -108.5 -42 -10.5 -108.5 -39 -10.5 -112.5 -1 -10.5 -120.5 -56 -10.5
4 16 -112.5 2 -10.5 -120.5 56 -10.5 -120.5 -56 -10.5 -112.5 -1 -10.5
4 16 -18.5 2 -10.5 -13.5 21 -10.5 -13.5 41 -10.5 -21.5 2 -10.5
4 16 -21.5 2 -10.5 -13.5 41 -10.5 -120.5 56 -10.5 -109.5 2 -10.5