0 Duplo Cabin  4 x  4 x  3
0 Name: 24179.dat
0 Author: Peter Blomberg [WUIt]
0 !LDRAW_ORG Part UPDATE 2025-09
0 !LICENSE Licensed under CC BY 4.0 : see CAreadme.txt

0 BFC CERTIFY CCW

0 !HISTORY 2025-09-29 [OrionP] Official Update 2025-09

1 16 0 0 0 1 0 0 0 2.75 0 0 0 1 stug7-1x2.dat
1 16 60 1 0 1 0 0 0 2.85 0 0 0 1 stud7a.dat
1 16 -60 1 0 1 0 0 0 2.85 0 0 0 1 stud7a.dat
1 16 60 0 0 -12 0 0 0 1 0 0 0 12 5-16edge.dat
1 16 60 0 0 -12 0 0 0 1 0 0 0 -12 5-16edge.dat
1 16 60 0 0 -9 0 0 0 1 0 0 0 9 3-8edge.dat
1 16 60 0 0 -9 0 0 0 1 0 0 0 -9 3-8edge.dat
1 16 -60 0 0 12 0 0 0 1 0 0 0 12 5-16edge.dat
1 16 -60 0 0 12 0 0 0 1 0 0 0 -12 5-16edge.dat
1 16 -60 0 0 9 0 0 0 1 0 0 0 9 3-8edge.dat
1 16 -60 0 0 9 0 0 0 1 0 0 0 -9 3-8edge.dat
4 16 68 0 20 -68 0 20 -32 0 -20 32 0 -20
3 16 68 144 -140 0 106.7906 -140 -68 144 -140
4 16 -24 6 -20 24 6 -20 32 0 -20 -32 0 -20
4 16 -24 6 16 24 6 16 24 6 -12 -24 6 -12
4 16 24 6 -12 24 6 -20 -24 6 -20 -24 6 -12
4 16 47 96 20 80 144 20 -80 144 20 -47 96 20
4 16 68 0 20 47 6 20 -47 6 20 -68 0 20
4 16 -47 6 20 47 6 20 47 96 20 -47 96 20
2 24 80 144 20 -80 144 20
2 24 68 144 -140 -68 144 -140
2 24 68 0 20 -68 0 20
2 24 24 6 -20 -24 6 -20
2 24 32 0 -20 -32 0 -20
2 24 24 6 16 -24 6 16
2 24 40 144 -100 -40 144 -100
0 BFC INVERTNEXT
1 16 0 144 -120 36 0 0 0 -28 0 0 0 16 box5.dat
4 16 40 144 -100 36 144 -104 -36 144 -104 -40 144 -100
4 16 -36 144 -136 36 144 -136 68 144 -140 -68 144 -140
4 16 80 144 20 44 144 16 -44 144 16 -80 144 20
4 16 -44 144 16 44 144 16 44 6 16 -44 6 16
4 16 -40 144 -100 -40 113 -100 40 113 -100 40 144 -100
4 16 40 113 -100 -40 113 -100 -40 108 -126 40 108 -126
2 24 40 108 -126 -40 108 -126
2 24 40 113 -100 -40 113 -100
3 16 40 108 -126 -40 108 -126 0 106.7906 -126
2 24 -44 144 16 44 144 16

0 // halves
1 16 0 0 0 1 0 0 0 1 0 0 0 1 s\24179s01.dat
1 16 0 0 0 -1 0 0 0 1 0 0 0 1 s\24179s01.dat

1 16 0 144 -120 8 0 0 0 -28 0 0 0 8 4-4cylo.dat
0 BFC INVERTNEXT
1 16 0 144 -120 6.4 0 0 0 -28 0 0 0 6.4 4-4cylo.dat
1 16 0 144 -120 1.6 0 0 0 -1 0 0 0 1.6 4-4ring4.dat

1 16 0 116 -112 0 0 1.5 0 18 0 -1.5 0 0 boxjcyl4.dat
1 16 0 116 -108 0 0 1.5 0 18 0 -4 0 0 box3u5p.dat