0 Duplo Plate  4 x  4 with Hinge Extended on Side
0 Name: 25548.dat
0 Author: Peter Blomberg [WUIt]
0 !LDRAW_ORG Part UPDATE 2025-07
0 !LICENSE Licensed under CC BY 4.0 : see CAreadme.txt

0 !HELP Secondary hinge position at 0 -5 160

0 BFC CERTIFY CCW

0 !HISTORY 2025-07-27 [OrionP] Official Update 2025-07

1 16 0 0 0 1 0 0 0 2.75 0 0 0 1 stug7-4x4.dat

1 16 0 0 0 1 0 0 0 1 0 0 0 1 s\25548s01.dat
1 16 0 0 0 -1 0 0 0 1 0 0 0 1 s\25548s01.dat

1 16 0 0 40 1 0 0 0 1 0 0 0 1 s\13355s01.dat

0 // understud with snap ring
1 16 0 4 0 1 0 0 0 -4 0 0 0 1 stud8a.dat
1 16 0 4 0 16 0 0 0 -1 0 0 0 16 4-4edge.dat
1 16 0 4 0 16 0 0 0 -1 0 0 0 16 4-4ndis.dat
1 16 0 0 0 14 0 0 0 -1 0 0 0 14 4-4edge.dat
1 16 0 0 0 14 0 0 0 1 0 0 0 14 4-4ndis.dat
0 BFC INVERTNEXT
1 16 0 0 0 14 0 0 0 4 0 0 0 14 4-4cyli.dat
1 16 0 24 0 1 0 0 0 1 0 0 0 1 dsnapridge.dat

0 // reinforcements
1 16 0 4 -46 0 0 -1.5 0 4 0 30 0 0 box3u5p.dat
1 16 0 4 -16 0 0 1.5 0 4 0 1.5 0 0 boxjcyl4.dat
1 16 0 4 40 0 0 1.5 0 4 0 -24 0 0 box3u8p.dat
1 16 0 4 16 0 0 1.5 0 4 0 -1.5 0 0 boxjcyl4.dat
1 16 0 4 64 0 0 1.5 0 4 0 1.5 0 0 boxjcyl4.dat

0 // inner box
0 BFC INVERTNEXT
1 16 0 14 76 0 0 76 10 0 0 0 -152 0 box3u4a.dat
3 16 -76 4 -76 -16 4 -16 0 4 -16
4 16 0 4 -16 16 4 -16 76 4 -76 -76 4 -76
3 16 0 4 16 -16 4 16 -36 4 76
4 16 36 4 76 16 4 16 0 4 16 -36 4 76
4 16 -18.5 4 111 18.5 4 111 36 4 76 -36 4 76

0 // outer box
1 16 0 12 80 0 0 80 12 0 0 0 -160 0 box3u2p.dat
3 16 0 0 -14 -14 0 -14 -80 0 -80
4 16 80 0 -80 14 0 -14 0 0 -14 -80 0 -80
3 16 0 0 14 14 0 14 40 0 80
4 16 -40 0 80 -14 0 14 0 0 14 40 0 80
4 16 -40 0 80 40 0 80 16.5 0 114 -16.5 0 114

0 // bottom helm
4 16 76 24 -76 80 24 -80 -80 24 -80 -76 24 -76
3 16 40 24 147.5 36 24 120 36 24 156.7287
3 16 40 24 147.5 36 24 156.7287 40 24 160
3 16 -36 24 120 -40 24 147.5 -36 24 156.7287
3 16 -36 24 156.7287 -40 24 147.5 -40 24 160

0 // fittings
2 24 42.6177 9.0433 154.183 40 10.2 160
2 24 40 10.2 160 40 14 160
3 16 48.3065 24 141.5412 40 24 160 40 14 160
4 16 42.6177 9.0433 154.183 44.8366 5.7479 149.2521 48.3065 12 141.5412 48.3065 24 141.5412
3 16 48.3065 12 141.5412 44.8366 5.7479 149.2521 46.3195 .817 145.9567
4 16 42.6177 9.0433 154.183 48.3065 24 141.5412 40 14 160 40 10.2 160
5 24 26.5 -5 144.8 40 -5 144.8 26.5 .817 145.9567 40 -10.817 145.9567
0 BFC INVERTNEXT
1 16 40 -5 160 0 6.84 0 0 0 15.2 15.2 0 0 1-8cyls2.dat

2 24 -40 10.2 160 -42.6177 9.0433 154.183
2 24 -40 14 160 -40 10.2 160
3 16 -40 24 160 -48.3065 24 141.5412 -40 14 160
4 16 -48.3065 12 141.5412 -44.8366 5.7479 149.2521 -42.6177 9.0433 154.183 -48.3065 24 141.5412
3 16 -44.8366 5.7479 149.2521 -48.3065 12 141.5412 -46.3195 .817 145.9567
4 16 -40 14 160 -48.3065 24 141.5412 -42.6177 9.0433 154.183 -40 10.2 160
5 24 -40 -5 144.8 -26.5 -5 144.8 -26.5 .817 145.9567 -40 -10.817 145.9567
0 BFC INVERTNEXT
1 16 -40 -5 160 0 -6.84 0 0 0 15.2 15.2 0 0 1-8cyls2.dat