0 ~Magnet Cylindrical Casing
0 Name: 2959b.dat
0 Author: Rene Rechthaler [Blechtaler]
0 !LDRAW_ORG Part UPDATE 2025-06
0 !LICENSE Licensed under CC BY 4.0 : see CAreadme.txt

0 BFC CERTIFY CCW

0 !HISTORY 2025-03-17 [Blechtaler] Rework for correct magnet size
0 !HISTORY 2025-06-26 [OrionP] Official Update 2025-06

1 16 0 0 -8.5 0 0 15 15 0 0 0 17 0 3-16cylo.dat
1 16 0 0 -8.5 0 0 15 -15 0 0 0 17 0 3-16cylo.dat
1 16 0 0 -8.5 0 0 -15 15 0 0 0 17 0 3-16cylo.dat
1 16 0 0 -8.5 0 0 -15 -15 0 0 0 17 0 3-16cylo.dat
0 BFC INVERTNEXT
1 16 0 0 -8 12.5 0 0 0 0 12.5 0 16 0 4-4cylo.dat

1 16 0 0 8.5 13 0 0 0 0 13 0 1 0 4-4edge.dat
0 BFC INVERTNEXT
1 16 0 0 8.5 .5 0 0 0 0 .5 0 -.5 0 4-4con25.dat

1 16 0 0 -8.5 13 0 0 0 0 13 0 -1 0 4-4edge.dat
0 BFC INVERTNEXT
1 16 0 0 -8.5 .5 0 0 0 0 .5 0 .5 0 4-4con25.dat

1 16 0 0 8.5 13 0 0 0 0 13 0 -1 0 1-16tang.dat
1 16 0 0 8.5 13 0 0 0 0 -13 0 -1 0 1-16tang.dat
1 16 0 0 8.5 -13 0 0 0 0 13 0 -1 0 1-16tang.dat
1 16 0 0 8.5 -13 0 0 0 0 -13 0 -1 0 1-16tang.dat
1 16 0 0 -8.5 13 0 0 0 0 13 0 1 0 1-16tang.dat
1 16 0 0 -8.5 13 0 0 0 0 -13 0 1 0 1-16tang.dat
1 16 0 0 -8.5 -13 0 0 0 0 13 0 1 0 1-16tang.dat
1 16 0 0 -8.5 -13 0 0 0 0 -13 0 1 0 1-16tang.dat

1 16 14.5 0 0 0 -1 0 3.8241 0 0 0 0 8.5 rect.dat
1 16 -14.5 0 0 0 1 0 3.8241 0 0 0 0 8.5 rect.dat
1 16 14.17925 4.7823 0 -.32075 0 0 0.9582 -1 0 0 0 8.5 rect2p.dat
1 16 14.17925 -4.7823 0 .32075 0 0 0.9582 1 0 0 0 8.5 rect2p.dat
1 16 -14.17925 4.7823 0 .32075 0 0 0.9582 -1 0 0 0 8.5 rect2p.dat
1 16 -14.17925 -4.7823 0 -.32075 0 0 0.9582 1 0 0 0 8.5 rect2p.dat

1 16 0 0 8.5 0 0 1 1 0 0 0 -1 0 3-16ring13.dat
1 16 0 0 8.5 0 0 1 1 0 0 0 -1 0 3-16ring14.dat
1 16 0 0 8.5 0 0 1 -1 0 0 0 -1 0 3-16ring13.dat
1 16 0 0 8.5 0 0 1 -1 0 0 0 -1 0 3-16ring14.dat
1 16 0 0 8.5 0 0 -1 1 0 0 0 -1 0 3-16ring13.dat
1 16 0 0 8.5 0 0 -1 1 0 0 0 -1 0 3-16ring14.dat
1 16 0 0 8.5 0 0 -1 -1 0 0 0 -1 0 3-16ring13.dat
1 16 0 0 8.5 0 0 -1 -1 0 0 0 -1 0 3-16ring14.dat

1 16 0 0 -8.5 0 0 1 1 0 0 0 1 0 3-16ring13.dat
1 16 0 0 -8.5 0 0 1 1 0 0 0 1 0 3-16ring14.dat
1 16 0 0 -8.5 0 0 1 -1 0 0 0 1 0 3-16ring13.dat
1 16 0 0 -8.5 0 0 1 -1 0 0 0 1 0 3-16ring14.dat
1 16 0 0 -8.5 0 0 -1 1 0 0 0 1 0 3-16ring13.dat
1 16 0 0 -8.5 0 0 -1 1 0 0 0 1 0 3-16ring14.dat
1 16 0 0 -8.5 0 0 -1 -1 0 0 0 1 0 3-16ring13.dat
1 16 0 0 -8.5 0 0 -1 -1 0 0 0 1 0 3-16ring14.dat

3 16 12.9346 5.3578 -8.5 13.8585 5.7405 -8.5 14.5 3.8241 -8.5
3 16 13.8585 -5.7405 -8.5 12.9346 -5.3578 -8.5 14.5 -3.8241 -8.5
3 16 13 -2.5857 -8.5 13 0 -8.5 14.5 -3.8241 -8.5
3 16 14.5 3.8241 8.5 13.8585 5.7405 8.5 12.9346 5.3578 8.5
3 16 14.5 -3.8241 8.5 13 0 8.5 13 -2.5857 8.5
3 16 12.9346 -5.3578 8.5 13.8585 -5.7405 8.5 14.5 -3.8241 8.5
3 16 -12.9346 5.3578 8.5 -13.8585 5.7405 8.5 -14.5 3.8241 8.5
3 16 -13 0 8.5 -14.5 -3.8241 8.5 -13 -2.5857 8.5
3 16 -14.5 -3.8241 8.5 -13.8585 -5.7405 8.5 -12.9346 -5.3578 8.5
3 16 -13.8585 5.7405 -8.5 -12.9346 5.3578 -8.5 -14.5 3.8241 -8.5
3 16 -14.5 -3.8241 -8.5 -13 0 -8.5 -13 -2.5857 -8.5
3 16 -12.9346 -5.3578 -8.5 -13.8585 -5.7405 -8.5 -14.5 -3.8241 -8.5
4 16 12.0107 4.9751 -8.5 12.9346 5.3578 -8.5 14.5 3.8241 -8.5 13 2.5857 -8.5
4 16 13 2.5857 -8.5 14.5 3.8241 -8.5 14.5 -3.8241 -8.5 13 0 -8.5
4 16 13 -2.5857 -8.5 14.5 -3.8241 -8.5 12.9346 -5.3578 -8.5 12.0107 -4.9751 -8.5
4 16 12.9346 5.3578 8.5 12.0107 4.9751 8.5 13 2.5857 8.5 14.5 3.8241 8.5
4 16 13 2.5857 8.5 13 0 8.5 14.5 -3.8241 8.5 14.5 3.8241 8.5
4 16 14.5 -3.8241 8.5 13 -2.5857 8.5 12.0107 -4.9751 8.5 12.9346 -5.3578 8.5
4 16 -12.0107 4.9751 8.5 -12.9346 5.3578 8.5 -14.5 3.8241 8.5 -13 2.5857 8.5
4 16 -13 2.5857 8.5 -14.5 3.8241 8.5 -14.5 -3.8241 8.5 -13 0 8.5
4 16 -12.0107 -4.9751 8.5 -13 -2.5857 8.5 -14.5 -3.8241 8.5 -12.9346 -5.3578 8.5
4 16 -12.9346 5.3578 -8.5 -12.0107 4.9751 -8.5 -13 2.5857 -8.5 -14.5 3.8241 -8.5
4 16 -14.5 3.8241 -8.5 -13 2.5857 -8.5 -13 0 -8.5 -14.5 -3.8241 -8.5
4 16 -12.0107 -4.9751 -8.5 -12.9346 -5.3578 -8.5 -14.5 -3.8241 -8.5 -13 -2.5857 -8.5
5 24 13.8585 5.7405 -8.5 13.8585 5.7405 8.5 14.5 3.8241 -8.5 10.6065 10.6065 -8.5
5 24 13.8585 -5.7405 -8.5 13.8585 -5.7405 8.5 10.6065 -10.6065 -8.5 14.5 -3.8241 -8.5
5 24 -13.8585 5.7405 -8.5 -13.8585 5.7405 8.5 -14.5 3.8241 -8.5 -10.6065 10.6065 -8.5
5 24 -13.8585 -5.7405 -8.5 -13.8585 -5.7405 8.5 -14.5 -3.8241 -8.5 -10.6065 -10.6065 -8.5

0 // Pegs
1 16 18 0 0 0 -3.5 0 2 0 0 0 0 2 4-4cylc.dat
1 16 -18 0 0 0 3.5 0 2 0 0 0 0 2 4-4cylc.dat