0 Tile  1 x  2 with Package with Dark Red "TOP SECRET" Stamp, Dark Green Lines and Dark Tan String with Bow Pattern
0 Name: 3069bp66.dat
0 Author: Peter Grass [Evilspyre]
0 !LDRAW_ORG Part UPDATE 2026-01
0 !LICENSE Licensed under CC BY 4.0 : see CAreadme.txt

0 BFC CERTIFY CCW

0 !KEYWORDS Bricklink 3069pb1194, Brickowl 1024506, Brickset 104987
0 !KEYWORDS Gringotts Wizarding Bank, Harry Potter, Ideas
0 !KEYWORDS Rebrickable 3069bpr0390, Set 21344, set 76417
0 !KEYWORDS The Orient Express Train

0 !HISTORY 2026-01-29 [OrionP] Official Update 2026-01

1 16 0 0 0 1 0 0 0 1 0 0 0 1 s\3069bs01.dat
4 16 -19.693 0 -.076 -19.386 0 -.611 -18.196 0 .878 -18.541 0 1.603
4 16 -18.042 0 .763 -18.196 0 .878 -19.386 0 -.611 -19.117 0 -.573
4 16 -7.601 0 1.985 -8.829 0 0 -6.411 0 .115 -6.372 0 .954
4 16 -8.829 0 0 -9.75 0 1.718 -10.403 0 1.679 -9.443 0 -.038
3 16 -10.403 0 1.679 -11.209 0 1.565 -9.443 0 -.038
4 16 -1.727 0 -3.74 -2.726 0 -3.702 -2.111 0 -4.466 -1.382 0 -4.008
3 16 -2.111 0 -4.466 -1.574 0 -4.237 -1.382 0 -4.008
4 16 -1.727 0 -3.74 -1.382 0 -4.008 -.998 0 -3.626 -1.305 0 -3.664
4 16 -2.188 0 -7.061 -4.683 0 -5.153 -5.413 0 -5.038 -2.649 0 -7.023
4 16 -2.188 0 -7.061 -1.459 0 -7.176 -3.762 0 -5.229 -4.683 0 -5.153
3 16 -1.996 0 -5.687 -2.073 0 -5.305 -2.687 0 -5.305
4 16 -3.762 0 -5.229 -1.459 0 -7.176 -1.996 0 -5.687 -3.493 0 -5.229
3 16 -1.996 0 -5.687 -2.687 0 -5.305 -3.493 0 -5.229
4 16 -1.344 0 -7.176 -1.843 0 -5.954 -1.996 0 -5.687 -1.459 0 -7.176
4 16 -4.069 0 -4.504 -2.111 0 -4.466 -3.263 0 -3.55 -3.877 0 -3.359
4 16 -3.225 0 -3.55 -3.263 0 -3.55 -2.111 0 -4.466 -2.726 0 -3.702
3 16 -4.568 0 -4.542 -4.069 0 -4.504 -3.877 0 -3.359
4 16 -4.376 0 -3.092 -4.568 0 -4.542 -3.877 0 -3.359 -4.107 0 -3.206
4 16 -5.298 0 -4.656 -4.568 0 -4.542 -4.376 0 -3.092 -4.722 0 -2.863
4 16 -7.102 0 -2.29 -4.952 0 -2.672 -5.374 0 -2.252 -6.027 0 -2.252
4 16 -16.161 0 -2.748 -11.248 0 -5 -11.478 0 -4.809 -15.816 0 -2.71
4 16 -6.679 0 -7.634 -6.948 0 -7.519 -19.117 0 -3.015 -19.693 0 -4.16
4 16 -6.257 0 -7.748 -6.679 0 -7.634 -19.693 0 -4.16 -20 0 -10
4 16 -11.248 0 -5 -16.161 0 -2.748 -6.948 0 -7.519 -7.025 0 -7.366
4 16 -6.948 0 -7.519 -16.161 0 -2.748 -18.311 0 -2.939 -19.117 0 -3.015
4 16 -1.382 0 -6.221 -1.075 0 -7.176 -.883 0 -7.214 -.998 0 -6.221
4 16 -.845 0 -7.366 -.422 0 -6.031 -.998 0 -6.221 -.883 0 -7.214
3 16 -1.344 0 -7.176 -1.651 0 -6.107 -1.843 0 -5.954
4 16 13.589 0 -4.618 13.704 0 -4.695 15.777 0 -1.26 14.357 0 -1.298
4 16 15.777 0 -1.26 13.704 0 -4.695 19.309 0 -1.641 19.079 0 -1.26
3 16 13.704 0 -4.695 19.578 0 -2.099 19.309 0 -1.641
4 16 12.246 0 -1.374 13.589 0 -4.618 14.357 0 -1.298 13.244 0 -1.336
3 16 12.246 0 -1.374 13.205 0 -4.542 13.589 0 -4.618
3 16 10.096 0 -1.489 9.674 0 -1.45 9.866 0 -1.718
4 16 9.866 0 -1.718 9.866 0 -2.328 11.363 0 -1.412 10.096 0 -1.489
4 16 8.752 0 -3.206 7.754 0 -4.198 9.482 0 -4.198 9.251 0 -3.015
4 16 9.251 0 -3.015 9.482 0 -4.198 9.635 0 -2.748 9.482 0 -2.824
4 16 4.107 0 -4.275 4.875 0 -4.275 4.568 0 -2.405 4.338 0 -2.557
3 16 4.875 0 -4.275 5.182 0 -2.71 4.568 0 -2.405
4 16 3.57 0 -4.084 4.107 0 -4.275 4.338 0 -2.557 3.877 0 -2.595
3 16 10.825 0 6.031 11.478 0 5.763 20 0 10
3 16 4.338 0 6.031 4.453 0 3.321 4.952 0 3.74
4 16 4.223 0 8.092 4.338 0 6.031 4.952 0 3.74 5.413 0 4.122
3 16 5.413 0 4.122 6.104 0 4.656 4.223 0 8.092
3 16 6.104 0 4.656 6.987 0 5.229 4.223 0 8.092
3 16 9.443 0 6.145 10.25 0 6.145 5.259 0 9.771
4 16 20 0 10 5.259 0 9.771 10.25 0 6.145 10.825 0 6.031
3 16 6.948 0 5.191 6.987 0 5.229 6.718 0 5.038
4 16 6.987 0 5.229 7.754 0 5.611 7.869 0 5.687 4.223 0 8.092
4 16 11.939 0 5.42 12.054 0 5.382 20 0 10 11.478 0 5.763
4 16 19.578 0 2.824 20 0 10 12.438 0 5.115 13.743 0 4.275
3 16 20 0 10 12.054 0 5.382 12.438 0 5.115
4 16 19.578 0 2.824 13.743 0 4.275 14.702 0 3.817 19.271 0 2.214
3 16 14.702 0 3.817 15.086 0 3.359 19.271 0 2.214
3 16 15.355 0 2.672 15.317 0 2.214 15.47 0 1.412
3 16 15.24 0 1.832 14.971 0 1.412 15.47 0 1.412
4 16 15.317 0 2.214 15.278 0 2.061 15.24 0 1.832 15.47 0 1.412
3 16 19.271 0 2.214 15.086 0 3.359 15.24 0 3.092
3 16 19.271 0 2.214 15.24 0 3.092 15.355 0 2.672
4 16 15.47 0 1.412 18.925 0 1.45 19.271 0 2.214 15.355 0 2.672
4 16 2.303 0 2.595 1.113 0 6.603 1.19 0 5.611 1.574 0 3.206
4 16 1.113 0 4.504 1.152 0 3.511 1.574 0 3.206 1.19 0 5.611
3 16 1.113 0 4.504 .921 0 3.664 1.152 0 3.511
3 16 2.226 0 5.115 2.188 0 6.031 1.996 0 9.084
4 16 2.226 0 5.115 1.996 0 9.084 .921 0 7.595 1.113 0 6.603
4 16 .653 0 9.771 -5.528 0 8.321 -3.647 0 8.397 -2.342 0 8.55
4 16 -.077 0 8.092 -.461 0 8.092 -.307 0 7.252 .077 0 7.672
4 16 -.729 0 8.015 -.422 0 7.252 -.307 0 7.252 -.461 0 8.092
4 16 -9.29 0 7.824 -20 0 10 -11.862 0 7.557 -10.633 0 7.634
4 16 -11.862 0 7.557 -20 0 10 -14.434 0 7.328 -13.397 0 7.366
3 16 -9.021 0 6.069 -8.484 0 6.069 -8.791 0 7.023
4 16 -16.737 0 6.031 -16.43 0 5.076 -16.276 0 5.076 -16.315 0 6.145
3 16 -8.676 0 3.817 -8.599 0 2.71 -8.522 0 2.71
4 16 -3.916 0 4.58 -4.184 0 4.733 -4.491 0 4.656 -4.491 0 4.389
3 16 -3.186 0 3.702 -3.148 0 4.504 -3.685 0 4.504
4 16 -3.916 0 4.58 -4.491 0 4.389 -3.186 0 3.702 -3.685 0 4.504
3 16 -4.914 0 3.359 -3.916 0 3.435 -3.186 0 3.702
4 16 -4.568 0 4.351 -4.914 0 3.359 -3.186 0 3.702 -4.491 0 4.389
4 16 -6.18 0 2.214 -6.795 0 2.137 -6.18 0 1.641 -6.104 0 1.832
3 16 -5.835 0 2.328 -6.18 0 2.214 -6.104 0 1.832
4 16 -6.18 0 1.641 -6.795 0 2.137 -7.601 0 1.985 -6.372 0 .954
3 16 -8.829 0 0 -7.601 0 1.985 -9.75 0 1.718
4 16 -13.205 0 1.298 -9.443 0 -.038 -11.823 0 1.603 -12.476 0 1.527
3 16 -9.443 0 -.038 -11.209 0 1.565 -11.823 0 1.603
4 16 -15.432 0 -.191 -14.319 0 1.183 -15.854 0 1.031 -16.276 0 -.229
4 16 -17.313 0 -.344 -16.353 0 -.267 -16.276 0 -.229 -15.854 0 1.031
4 16 -17.428 0 -.382 -17.313 0 -.344 -15.854 0 1.031 -16.699 0 .954
4 16 -17.428 0 -.382 -17.236 0 .763 -18.042 0 .763 -19.117 0 -.573
3 16 -17.428 0 -.382 -16.699 0 .954 -17.236 0 .763
4 16 -18.964 0 3.092 -19.693 0 -.076 -18.541 0 1.603 -18.695 0 2.214
3 16 -19.693 0 -.076 -18.964 0 3.092 -19.079 0 3.664
4 16 -20 0 10 -19.693 0 -.076 -19.079 0 3.664 -19.117 0 5
3 16 -20 0 10 -19.117 0 5 -19.002 0 5.916
3 16 -20 0 10 -19.002 0 5.916 -18.81 0 6.565
3 16 -20 0 10 -18.81 0 6.565 -18.656 0 6.718
3 16 -20 0 10 -18.656 0 6.718 -18.081 0 6.87
4 16 -14.933 0 7.252 -18.081 0 6.87 -17.006 0 6.87 -16.084 0 7.023
3 16 -16.084 0 7.023 -15.547 0 7.099 -14.933 0 7.252
4 16 -14.434 0 7.328 -20 0 10 -18.081 0 6.87 -14.933 0 7.252
4 16 -5.566 0 8.282 -5.528 0 8.321 -7.793 0 8.053 -6.564 0 8.092
3 16 -5.528 0 8.321 .653 0 9.771 -7.793 0 8.053
4 16 -7.793 0 8.053 .653 0 9.771 -20 0 10 -8.56 0 7.939
4 16 -9.098 0 7.824 -8.56 0 7.939 -20 0 10 -9.29 0 7.824
4 16 2.303 0 3.435 2.226 0 5.115 1.113 0 6.603 2.303 0 2.595
4 16 .077 0 7.672 -.307 0 7.252 -.23 0 7.137 .192 0 7.29
4 16 -.154 0 6.489 .345 0 6.489 .192 0 7.29 -.23 0 7.137
4 16 -.422 0 6.412 -.691 0 5.611 -.614 0 5.305 -.269 0 6.374
3 16 -.614 0 5.305 -.154 0 6.489 -.269 0 6.374
4 16 -.499 0 5.305 .345 0 6.489 -.154 0 6.489 -.614 0 5.305
4 16 -.499 0 6.527 -.576 0 6.718 -.806 0 6.603 -.691 0 5.611
3 16 -.576 0 6.718 -.806 0 6.718 -.806 0 6.603
3 16 -.691 0 5.611 -.422 0 6.412 -.499 0 6.527
4 16 -.422 0 5 .345 0 4.656 .422 0 5.573 -.422 0 5.115
4 16 .345 0 6.489 -.499 0 5.305 -.422 0 5.115 .422 0 5.573
3 16 -.461 0 4.084 -.499 0 4.924 -.921 0 4.847
4 16 .192 0 3.931 -.422 0 5 -.499 0 4.924 -.461 0 4.084
3 16 .192 0 3.931 .345 0 4.656 -.422 0 5
4 16 -1.651 0 6.26 -1.843 0 6.145 -1.305 0 6.107 -1.344 0 6.221
3 16 -1.42 0 6.641 -1.612 0 6.565 -1.651 0 6.26
4 16 -1.344 0 6.221 -1.382 0 6.603 -1.42 0 6.641 -1.651 0 6.26
4 16 -.729 0 8.015 -2.188 0 7.71 -2.418 0 6.985 -.422 0 7.252
4 16 -1.843 0 6.145 -1.958 0 6.183 -2.303 0 6.183 -2.226 0 5.649
4 16 -2.879 0 6.221 -2.841 0 6.031 -2.534 0 6.565 -2.917 0 6.489
4 16 -2.841 0 6.031 -2.649 0 6.031 -2.61 0 6.145 -2.534 0 6.565
3 16 -1.958 0 6.183 -2.035 0 6.45 -2.188 0 6.565
4 16 -2.38 0 6.298 -2.303 0 6.183 -1.958 0 6.183 -2.188 0 6.565
4 16 -2.188 0 6.565 -2.534 0 6.565 -2.534 0 6.26 -2.38 0 6.298
3 16 -2.61 0 6.145 -2.534 0 6.26 -2.534 0 6.565
4 16 -1.843 0 6.145 -2.226 0 5.649 -1.267 0 5.878 -1.305 0 6.107
4 16 -.461 0 4.084 -1.804 0 4.695 -1.996 0 4.656 -1.843 0 4.046
4 16 -2.572 0 5.611 -2.802 0 5.611 -2.764 0 5.344 -2.572 0 5.496
4 16 -2.572 0 5.496 -2.764 0 5.344 -2.726 0 5.076 -2.418 0 5.42
3 16 -1.267 0 5.878 -2.226 0 5.649 -2.265 0 5.458
4 16 -1.996 0 5.382 -1.804 0 5.382 -1.267 0 5.878 -2.265 0 5.458
4 16 -2.188 0 5.076 -2.035 0 5.153 -2.726 0 5.076 -2.61 0 5.038
4 16 -2.265 0 5.458 -2.726 0 5.076 -2.035 0 5.153 -1.996 0 5.382
3 16 -2.265 0 5.458 -2.418 0 5.42 -2.726 0 5.076
4 16 -1.267 0 4.809 -1.382 0 4.924 -1.727 0 5.229 -1.727 0 4.962
4 16 -1.727 0 5.229 -1.382 0 4.924 -1.382 0 5.115 -1.804 0 5.382
4 16 -1.228 0 5.229 -1.267 0 5.878 -1.804 0 5.382 -1.382 0 5.115
4 16 -.461 0 4.084 -.921 0 4.847 -1.267 0 4.809 -1.804 0 4.695
3 16 -1.727 0 4.962 -1.804 0 4.695 -1.267 0 4.809
4 16 -1.996 0 4.656 -2.418 0 4.58 -2.572 0 3.893 -1.843 0 4.046
4 16 -2.418 0 4.58 -3.148 0 4.504 -3.186 0 3.702 -2.572 0 3.893
4 16 -4.607 0 5.229 -4.683 0 5.153 -4.683 0 4.771 -4.568 0 4.733
4 16 -5.298 0 4.275 -5.758 0 4.084 -4.914 0 3.359 -4.568 0 4.351
4 16 -5.566 0 3.282 -4.914 0 3.359 -5.758 0 4.084 -6.449 0 4.084
4 16 -5.144 0 6.641 -4.491 0 6.756 -3.839 0 7.519 -5.336 0 7.481
4 16 -4.223 0 6.679 -3.685 0 6.718 -3.532 0 6.832 -3.839 0 7.519
3 16 -3.685 0 6.718 -3.608 0 6.756 -3.532 0 6.832
3 16 -3.839 0 7.519 -4.491 0 6.756 -4.223 0 6.679
4 16 -4.491 0 4.656 -4.184 0 4.733 -4.607 0 5.229 -4.568 0 4.733
4 16 -7.217 0 3.893 -6.219 0 3.092 -5.566 0 3.282 -6.449 0 4.084
4 16 -6.795 0 4.237 -7.102 0 4.008 -7.217 0 3.893 -6.449 0 4.084
4 16 -7.102 0 4.16 -7.102 0 4.008 -6.795 0 4.237 -6.948 0 4.237
4 16 -8.676 0 3.817 -8.522 0 2.71 -7.562 0 2.863 -8.1 0 3.779
4 16 -6.219 0 3.092 -7.217 0 3.893 -8.1 0 3.779 -7.562 0 2.863
4 16 -10.211 0 5.992 -9.712 0 6.107 -9.405 0 6.947 -10.48 0 6.794
4 16 -8.791 0 7.023 -9.405 0 6.947 -9.712 0 6.107 -9.021 0 6.069
4 16 -8.676 0 4.847 -9.098 0 4.695 -8.637 0 4.122 -8.599 0 4.275
4 16 -9.059 0 4.237 -8.752 0 4.122 -8.637 0 4.122 -9.098 0 4.695
3 16 -9.29 0 4.962 -9.098 0 4.695 -8.676 0 4.847
4 16 -9.559 0 5.115 -9.29 0 4.962 -8.676 0 4.847 -8.752 0 5.344
4 16 -9.866 0 5.611 -9.789 0 5.191 -9.443 0 5.42 -9.674 0 5.611
4 16 -9.981 0 2.557 -10.25 0 3.626 -10.365 0 3.702 -11.056 0 2.443
4 16 -9.443 0 5.42 -9.789 0 5.191 -9.367 0 5.305 -9.367 0 5.42
4 16 -9.367 0 5.305 -9.789 0 5.191 -9.559 0 5.115 -8.752 0 5.344
3 320 -9.789 0 5.191 -10.096 0 4.542 -9.559 0 4.351
4 16 -9.866 0 5.611 -10.058 0 5.534 -10.058 0 5.382 -9.789 0 5.191
4 16 -8.752 0 4.122 -9.059 0 4.237 -9.213 0 3.931 -8.791 0 3.931
4 16 -8.791 0 3.931 -9.213 0 3.931 -9.52 0 3.664 -8.676 0 3.817
4 16 -8.599 0 2.71 -8.676 0 3.817 -9.52 0 3.664 -9.827 0 3.588
4 16 -9.827 0 3.588 -10.25 0 3.626 -9.981 0 2.557 -8.599 0 2.71
4 16 -9.52 0 4.198 -9.559 0 4.351 -9.942 0 4.046 -9.635 0 4.046
4 16 -10.211 0 4.275 -9.942 0 4.046 -9.559 0 4.351 -10.096 0 4.542
4 16 -10.211 0 4.275 -10.096 0 4.542 -10.403 0 4.771 -10.403 0 4.275
4 16 -11.747 0 6.718 -11.823 0 6.718 -12.399 0 5.611 -12.169 0 5.496
4 16 -10.211 0 5.992 -12.169 0 5.496 -11.977 0 5.267 -10.518 0 5.725
4 16 -10.211 0 5.992 -10.48 0 6.794 -11.747 0 6.718 -12.169 0 5.496
4 16 -8.791 0 7.023 -8.484 0 6.069 -7.716 0 6.221 -7.985 0 7.176
4 16 -7.601 0 6.183 -7.601 0 6.26 -7.985 0 7.176 -7.716 0 6.221
3 16 -6.718 0 6.412 -6.372 0 6.489 -6.411 0 7.252
4 16 -6.718 0 6.412 -6.411 0 7.252 -7.985 0 7.176 -7.601 0 6.26
4 16 -6.833 0 6.298 -6.718 0 6.412 -7.601 0 6.26 -7.025 0 6.221
4 16 -5.336 0 7.481 -5.835 0 7.366 -5.298 0 6.489 -5.144 0 6.641
4 16 -5.835 0 7.366 -6.411 0 7.252 -6.372 0 6.489 -5.797 0 6.45
4 16 -5.298 0 6.26 -5.298 0 6.489 -5.797 0 6.45 -5.605 0 6.336
3 16 -5.298 0 6.489 -5.835 0 7.366 -5.797 0 6.45
4 16 -5.413 0 5.038 -5.221 0 5.153 -5.298 0 6.26 -5.566 0 5.076
3 16 -5.298 0 6.26 -5.566 0 5.687 -5.566 0 5.076
3 16 -5.605 0 6.336 -5.566 0 5.687 -5.298 0 6.26
4 16 -6.027 0 5.954 -6.219 0 5.992 -6.526 0 5.802 -5.873 0 5.611
4 16 -6.679 0 5.076 -5.873 0 5.611 -6.526 0 5.802 -6.718 0 5.496
3 16 -6.104 0 4.618 -5.835 0 4.733 -5.566 0 5.076
4 16 -6.526 0 4.771 -6.372 0 4.656 -6.104 0 4.618 -6.679 0 5.076
4 16 -6.104 0 4.618 -5.566 0 5.076 -5.605 0 5.611 -6.679 0 5.076
3 16 -5.605 0 5.611 -5.873 0 5.611 -6.679 0 5.076
3 16 -5.566 0 5.687 -5.605 0 5.611 -5.566 0 5.076
3 16 -5.298 0 4.885 -5.221 0 5.153 -5.413 0 5.038
4 16 -3.877 0 5.878 -4.069 0 5.534 -3.301 0 5.42 -3.455 0 6.45
4 16 -3.301 0 5.42 -4.069 0 5.534 -3.34 0 4.962 -3.263 0 4.962
4 16 -3.877 0 5.305 -3.57 0 5.076 -3.34 0 4.962 -4.069 0 5.534
4 16 -3.455 0 6.45 -3.608 0 6.45 -3.877 0 6.221 -3.877 0 5.878
4 16 -3.608 0 6.45 -3.685 0 6.527 -4.031 0 6.527 -3.877 0 6.221
4 16 -4.223 0 6.679 -4.031 0 6.527 -3.685 0 6.527 -3.685 0 6.718
3 16 -3.608 0 6.756 -3.532 0 6.756 -3.532 0 6.832
4 16 -3.839 0 7.519 -3.532 0 6.832 -2.418 0 6.985 -2.188 0 7.71
4 16 -4.607 0 5.687 -4.376 0 5.878 -4.376 0 6.107 -4.683 0 5.687
4 16 -4.683 0 5.687 -4.376 0 6.107 -4.53 0 6.26 -4.722 0 5.954
3 16 -4.53 0 6.26 -4.76 0 6.26 -4.722 0 5.954
4 16 -7.524 0 4.313 -7.37 0 4.389 -7.37 0 4.58 -7.754 0 4.313
4 16 -7.678 0 4.656 -7.754 0 4.313 -7.37 0 4.58 -7.601 0 4.809
3 16 -7.178 0 4.656 -7.217 0 4.924 -7.678 0 5.076
4 16 -7.178 0 4.656 -7.678 0 5.076 -7.601 0 4.809 -7.37 0 4.58
4 16 -7.37 0 5.496 -7.678 0 5.076 -7.217 0 4.924 -7.255 0 5.42
4 16 -7.678 0 4.656 -7.869 0 4.656 -8.1 0 4.427 -8.023 0 4.275
3 16 -8.023 0 4.275 -7.754 0 4.313 -7.678 0 4.656
4 16 -7.946 0 4.847 -8.138 0 4.847 -8.1 0 4.427 -7.869 0 4.656
4 16 -7.37 0 5.611 -7.678 0 5.42 -7.678 0 5.076 -7.37 0 5.496
3 16 -7.37 0 5.611 -7.524 0 5.802 -7.908 0 5.802
4 16 -7.831 0 5.496 -7.678 0 5.42 -7.37 0 5.611 -7.908 0 5.802
4 16 -7.985 0 5.229 -7.985 0 5.42 -8.215 0 5.42 -8.177 0 5.229
4 16 -7.831 0 5.496 -7.908 0 5.802 -8.253 0 5.725 -7.985 0 5.42
3 16 -8.253 0 5.725 -8.215 0 5.42 -7.985 0 5.42
4 16 -12.399 0 5.611 -11.823 0 6.718 -13.167 0 6.527 -12.668 0 5.649
4 16 -10.518 0 5.725 -11.977 0 5.267 -11.9 0 4.962 -10.633 0 5.382
3 16 -10.595 0 5.115 -10.633 0 5.382 -11.9 0 4.962
4 16 -10.403 0 4.275 -10.403 0 4.771 -11.939 0 4.695 -12.131 0 4.466
4 16 -11.9 0 4.962 -11.939 0 4.695 -10.403 0 4.771 -10.595 0 5.115
4 16 -12.438 0 3.359 -10.365 0 3.702 -10.48 0 4.16 -12.361 0 3.435
4 16 -10.365 0 3.702 -12.438 0 3.359 -12.054 0 2.443 -11.056 0 2.443
4 16 -12.131 0 4.466 -12.361 0 3.435 -10.48 0 4.16 -10.403 0 4.275
3 16 -14.319 0 3.511 -14.242 0 3.969 -14.319 0 4.427
4 16 -15.202 0 4.046 -14.319 0 4.427 -14.511 0 4.771 -15.24 0 4.542
4 16 -14.319 0 3.511 -14.319 0 4.427 -15.202 0 4.046 -15.086 0 3.702
4 16 -12.514 0 3.779 -12.514 0 4.237 -12.668 0 4.237 -12.63 0 3.855
4 16 -13.359 0 2.137 -13.935 0 3.321 -14.203 0 3.092 -13.896 0 2.061
4 16 -12.63 0 2.366 -13.205 0 3.244 -13.935 0 3.321 -13.359 0 2.137
3 16 -13.935 0 3.321 -13.205 0 3.244 -13.321 0 3.359
4 16 -13.321 0 3.588 -13.704 0 3.702 -13.935 0 3.321 -13.321 0 3.359
4 16 -12.514 0 4.237 -12.514 0 3.779 -12.399 0 3.664 -12.361 0 4.275
4 16 -12.361 0 4.275 -12.399 0 3.664 -12.361 0 3.435 -12.131 0 4.466
3 16 -13.205 0 3.244 -12.63 0 2.366 -12.054 0 2.443
4 16 -12.438 0 3.359 -12.975 0 3.282 -13.205 0 3.244 -12.054 0 2.443
4 16 -15.086 0 1.947 -13.896 0 2.061 -14.203 0 3.092 -14.664 0 2.977
4 16 -16.43 0 3.092 -16.392 0 2.901 -14.664 0 2.977 -15.086 0 3.015
4 16 -14.818 0 5.382 -14.434 0 5.344 -13.551 0 5.458 -14.626 0 6.45
4 16 -13.551 0 5.458 -13.474 0 5.534 -13.167 0 6.527 -14.626 0 6.45
4 16 -13.474 0 5.534 -13.167 0 5.534 -12.668 0 5.649 -13.167 0 6.527
4 16 -13.474 0 5.153 -13.551 0 5.229 -13.896 0 4.962 -13.704 0 4.542
3 16 -14.165 0 5.229 -13.896 0 4.962 -13.551 0 5.229
4 16 -13.551 0 5.229 -13.551 0 5.458 -14.434 0 5.344 -14.165 0 5.229
4 16 -13.321 0 3.588 -13.167 0 3.702 -13.704 0 4.542 -13.704 0 3.702
3 16 -13.167 0 3.702 -13.205 0 3.817 -13.704 0 4.542
3 16 -13.474 0 5.153 -13.704 0 4.542 -13.205 0 3.817
4 16 -13.474 0 5.153 -13.205 0 3.817 -13.282 0 4.924 -13.359 0 5.115
3 16 -16.43 0 2.748 -16.2 0 1.87 -15.086 0 1.947
4 16 -14.664 0 2.977 -16.392 0 2.901 -16.43 0 2.748 -15.086 0 1.947
3 16 -15.086 0 3.015 -15.355 0 3.168 -16.43 0 3.092
4 16 -16.238 0 6.145 -16.315 0 6.145 -16.276 0 5.076 -15.125 0 5.305
4 16 -16.276 0 5.076 -16.161 0 4.847 -15.432 0 5.153 -15.125 0 5.305
4 16 -15.624 0 4.924 -15.432 0 5.153 -16.161 0 4.847 -16.123 0 4.427
4 16 -16.238 0 6.145 -15.125 0 5.305 -14.818 0 5.382 -15.393 0 6.26
3 16 -14.818 0 5.382 -14.626 0 6.45 -15.393 0 6.26
4 16 8.56 0 3.168 7.946 0 2.863 8.522 0 1.107 8.752 0 1.107
4 16 -12.438 0 5.038 -12.706 0 4.656 -12.591 0 4.656 -12.438 0 4.809
4 16 -12.706 0 4.656 -12.438 0 5.038 -12.553 0 5.153 -12.745 0 4.809
3 16 -12.553 0 5.153 -12.783 0 5.229 -12.745 0 4.809
4 16 -16.161 0 4.237 -15.777 0 4.58 -15.624 0 4.924 -16.123 0 4.427
4 16 -16.737 0 4.198 -16.66 0 3.282 -16.161 0 4.237 -16.392 0 4.275
4 16 -15.777 0 4.58 -16.161 0 4.237 -16.66 0 3.282 -15.777 0 3.931
4 16 -16.775 0 4.58 -16.737 0 4.198 -16.392 0 4.275 -16.583 0 4.542
4 16 -16.66 0 3.282 -16.583 0 3.092 -15.662 0 3.511 -15.777 0 3.931
4 16 -15.662 0 3.511 -16.583 0 3.092 -16.43 0 3.092 -15.355 0 3.168
4 16 -16.852 0 1.794 -16.2 0 1.87 -16.43 0 2.748 -17.159 0 2.634
3 16 -16.43 0 2.748 -16.852 0 2.71 -17.159 0 2.634
4 16 -17.85 0 2.099 -17.351 0 2.748 -17.351 0 2.939 -18.196 0 3.244
3 16 -17.351 0 2.748 -17.85 0 2.099 -17.697 0 1.603
4 16 -17.351 0 2.748 -17.697 0 1.603 -16.852 0 1.794 -17.159 0 2.634
3 16 -17.697 0 1.603 -17.39 0 1.603 -16.852 0 1.794
4 16 -17.505 0 4.504 -17.62 0 4.389 -17.62 0 4.122 -17.351 0 4.466
4 16 -17.198 0 3.015 -17.198 0 3.397 -17.351 0 4.466 -17.62 0 4.122
4 16 -17.735 0 4.008 -17.351 0 2.939 -17.198 0 3.015 -17.62 0 4.122
4 16 -18.311 0 3.779 -18.196 0 3.244 -17.735 0 4.008 -17.889 0 4.008
3 16 -18.196 0 3.244 -17.351 0 2.939 -17.735 0 4.008
3 16 -17.889 0 4.008 -17.965 0 4.122 -18.311 0 3.779
4 16 -18.311 0 5.305 -18.311 0 3.779 -17.965 0 4.122 -17.965 0 4.809
4 16 -18.196 0 5.992 -17.965 0 4.809 -17.697 0 4.885 -17.428 0 5.954
3 16 -18.196 0 5.992 -18.311 0 5.305 -17.965 0 4.809
4 16 -16.737 0 6.031 -17.428 0 5.954 -17.697 0 4.885 -16.43 0 5.076
4 16 -14.587 0 3.397 -14.319 0 3.511 -15.086 0 3.702 -14.779 0 3.397
3 16 -15.125 0 4.809 -15.24 0 4.542 -14.511 0 4.771
4 16 -14.894 0 4.962 -15.125 0 4.809 -14.511 0 4.771 -14.741 0 4.962
4 16 9.981 0 3.397 9.443 0 1.145 10.058 0 1.26 10.441 0 3.244
3 16 10.672 0 3.092 10.441 0 3.244 10.058 0 1.26
3 16 11.67 0 1.87 10.902 0 2.939 10.672 0 3.092
4 16 10.058 0 1.26 10.902 0 1.527 11.67 0 1.87 10.672 0 3.092
3 16 11.171 0 2.786 10.902 0 2.939 11.67 0 1.87
4 16 11.593 0 2.519 11.171 0 2.786 11.67 0 1.87 11.747 0 1.908
3 16 7.179 0 1.336 7.37 0 1.298 8.522 0 1.107
4 16 7.179 0 1.336 8.522 0 1.107 7.946 0 2.863 7.14 0 2.366
4 16 8.752 0 1.107 9.981 0 3.397 9.251 0 3.397 8.56 0 3.168
3 16 8.752 0 1.107 9.443 0 1.145 9.981 0 3.397
4 16 -2.726 0 1.336 -1.958 0 1.603 -2.226 0 1.527 -2.342 0 1.489
4 16 -3.992 0 .763 -4.223 0 .534 -4.223 0 .382 -4.146 0 .305
4 16 -.384 0 1.756 -1.228 0 1.794 .384 0 .611 -.115 0 1.603
4 16 .384 0 .611 -1.228 0 1.794 -1.843 0 1.641 -3.109 0 .344
4 16 -3.109 0 .344 -2.726 0 1.336 -3.186 0 1.145 -3.608 0 .344
4 16 -2.726 0 1.336 -3.109 0 .344 -1.843 0 1.641 -1.958 0 1.603
4 16 -.115 0 1.603 .384 0 .611 .576 0 .611 .537 0 .992
4 16 -4.146 0 .305 -3.608 0 .344 -3.186 0 1.145 -3.992 0 .763
4 16 6.987 0 -3.206 6.219 0 -3.053 5.72 0 -4.389 6.641 0 -4.237
4 16 4.875 0 -4.275 5.72 0 -4.389 6.219 0 -3.053 5.182 0 -2.71
4 16 7.562 0 -3.244 6.987 0 -3.206 6.641 0 -4.237 7.639 0 -4.237
4 16 8.484 0 -3.244 7.639 0 -4.237 7.754 0 -4.198 8.752 0 -3.206
3 16 8.484 0 -3.244 7.562 0 -3.244 7.639 0 -4.237
4 16 9.866 0 -2.328 9.635 0 -2.748 10.595 0 -4.504 11.363 0 -1.412
4 16 10.595 0 -4.504 9.635 0 -2.748 9.482 0 -4.198 10.096 0 -4.504
4 16 10.595 0 -4.504 11.171 0 -4.389 12.246 0 -1.374 11.363 0 -1.412
3 16 11.171 0 -4.389 12.207 0 -4.466 12.246 0 -1.374
3 16 12.246 0 -1.374 12.207 0 -4.466 13.205 0 -4.542
3 16 9.559 0 -7.519 13.282 0 -5 12.668 0 -5.115
4 16 20 0 -10 19.578 0 -2.099 13.704 0 -4.695 13.704 0 -4.847
4 16 20 0 -10 13.704 0 -4.847 13.282 0 -5 9.559 0 -7.519
4 16 9.29 0 -5.038 8.292 0 -5.038 7.754 0 -6.985 9.021 0 -7.061
4 16 5.988 0 -5.229 6.334 0 -7.023 6.987 0 -6.947 6.488 0 -5.115
4 16 9.29 0 -5.038 9.021 0 -7.061 9.175 0 -7.099 9.827 0 -5.305
4 16 5.182 0 -7.252 5.451 0 -7.137 5.413 0 -5.229 4.837 0 -5.115
4 16 -7.831 0 -4.389 -7.486 0 -4.466 -5.489 0 -4.695 -7.102 0 -2.29
3 16 -7.486 0 -4.466 -5.681 0 -4.733 -5.489 0 -4.695
3 16 -8.983 0 -4.313 -7.831 0 -4.389 -7.102 0 -2.29
3 16 -9.827 0 -4.313 -8.983 0 -4.313 -7.102 0 -2.29
4 16 -5.489 0 -4.695 -5.298 0 -4.656 -4.952 0 -2.672 -7.102 0 -2.29
3 16 -4.722 0 -2.863 -4.952 0 -2.672 -5.298 0 -4.656
4 16 -5.681 0 -4.733 -7.486 0 -4.466 -7.102 0 -4.618 -5.72 0 -4.924
4 16 -7.102 0 -4.618 -7.063 0 -4.809 -6.411 0 -7.176 -5.835 0 -7.061
4 16 -11.363 0 -4.542 -10.979 0 -2.519 -12.975 0 -2.634 -11.516 0 -4.618
3 16 -15.816 0 -2.71 -11.478 0 -4.809 -11.516 0 -4.618
4 16 -14.511 0 -2.672 -15.816 0 -2.71 -11.516 0 -4.618 -12.975 0 -2.634
4 0 -14.626 0 -1.87 -14.511 0 -2.672 -12.975 0 -2.634 -13.013 0 -1.832
4 16 9.559 0 -7.519 12.668 0 -5.115 12.438 0 -5.115 9.559 0 -7.29
4 16 9.482 0 -7.214 9.827 0 -5.305 9.175 0 -7.099 9.251 0 -7.137
4 16 11.132 0 -5.191 10.48 0 -5.344 9.559 0 -7.29 12.438 0 -5.115
4 16 9.482 0 -7.214 9.559 0 -7.29 10.48 0 -5.344 9.827 0 -5.305
4 16 8.253 0 -7.824 3.8 0 -9.771 20 0 -10 9.136 0 -7.672
3 16 20 0 -10 9.559 0 -7.519 9.136 0 -7.672
4 16 4.338 0 -5.115 3.724 0 -5.267 5.182 0 -7.481 5.182 0 -7.252
3 16 5.182 0 -7.252 4.837 0 -5.115 4.338 0 -5.115
4 16 6.334 0 -7.023 5.988 0 -5.229 5.413 0 -5.229 5.451 0 -7.137
3 16 5.451 0 -7.137 5.681 0 -7.137 6.334 0 -7.023
4 16 7.754 0 -6.985 8.292 0 -5.038 6.488 0 -5.115 6.987 0 -6.947
4 16 -1.075 0 -7.176 -1.382 0 -6.221 -1.651 0 -6.107 -1.344 0 -7.176
4 16 -6.756 0 -7.176 -6.411 0 -7.176 -7.063 0 -4.809 -7.217 0 -4.962
4 16 -6.987 0 -7.252 -6.756 0 -7.176 -7.217 0 -4.962 -7.639 0 -5.038
4 16 -7.102 0 -4.618 -5.835 0 -7.061 -5.566 0 -6.985 -5.72 0 -4.924
4 16 -10.864 0 -5.115 -7.025 0 -7.366 -6.987 0 -7.252 -8.445 0 -5.191
3 16 -6.987 0 -7.252 -7.639 0 -5.038 -8.445 0 -5.191
3 16 -7.025 0 -7.366 -10.864 0 -5.115 -11.248 0 -5
4 16 -5.566 0 -6.985 -2.649 0 -7.023 -5.413 0 -5.038 -5.72 0 -4.924
4 16 -8.023 0 -2.328 -10.979 0 -2.519 -11.363 0 -4.542 -10.403 0 -4.389
4 16 -7.102 0 -2.29 -8.023 0 -2.328 -10.403 0 -4.389 -9.827 0 -4.313
3 16 -8.023 0 -2.328 -9.866 0 -2.443 -10.979 0 -2.519
3 16 11.747 0 1.908 12.207 0 2.176 11.593 0 2.519
4 16 7.063 0 2.29 6.372 0 1.794 5.873 0 1.336 6.603 0 1.374
4 16 7.063 0 2.29 6.603 0 1.374 7.179 0 1.336 7.14 0 2.366
4 0 9.175 0 -2.099 9.866 0 -2.328 9.866 0 -1.718 9.175 0 -2.023
4 0 4.223 0 8.092 3.532 0 7.443 3.724 0 3.817 4.453 0 3.321
4 0 3.532 0 7.443 4.223 0 8.092 4.223 0 9.084 3.493 0 9.771
4 28 .192 0 3.13 -.461 0 3.282 -.576 0 2.595 -.077 0 2.481
4 0 -6.18 0 -.649 -6.411 0 .115 -8.829 0 0 -8.1 0 -.763
4 0 -.461 0 4.084 -1.843 0 4.046 -.461 0 3.282 .192 0 3.13
3 0 -1.843 0 4.046 -1.152 0 3.321 -.461 0 3.282
4 320 -1.267 0 8.779 -.729 0 8.015 -.461 0 8.092 -.729 0 8.893
4 320 -.729 0 8.015 -1.267 0 8.779 -1.651 0 8.74 -2.188 0 7.71
4 0 -3.34 0 2.824 -3.186 0 3.702 -3.916 0 3.435 -3.916 0 3.359
3 0 -19.693 0 -.076 -19.693 0 -1.45 -19.386 0 -.611
4 0 -19.693 0 -1.45 -17.889 0 -1.221 -17.428 0 -.382 -19.117 0 -.573
3 0 -19.117 0 -.573 -19.386 0 -.611 -19.693 0 -1.45
4 320 -18.196 0 5.992 -19.002 0 5.916 -19.117 0 5 -18.311 0 5.305
4 0 -17.313 0 -.344 -17.428 0 -.382 -17.889 0 -1.221 -16.545 0 -1.069
4 0 -15.317 0 -.954 -15.432 0 -.191 -16.276 0 -.229 -16.353 0 -.267
4 0 -15.432 0 -.191 -15.317 0 -.954 -13.82 0 -.878 -14.818 0 -.115
4 0 -9.827 0 -.84 -9.443 0 -.038 -14.818 0 -.115 -13.82 0 -.878
4 0 -9.443 0 -.038 -9.827 0 -.84 -8.1 0 -.763 -8.829 0 0
4 0 -4.146 0 2.481 -4.491 0 3.13 -5.336 0 2.71 -4.952 0 2.099
3 28 -11.823 0 -1.756 -9.904 0 -1.641 -9.827 0 -.84
4 28 -16.046 0 -1.947 -16.545 0 -1.069 -17.889 0 -1.221 -17.965 0 -2.099
4 0 -14.511 0 -2.672 -14.626 0 -1.87 -16.046 0 -1.947 -15.816 0 -2.71
4 28 -16.545 0 -1.069 -16.046 0 -1.947 -14.626 0 -1.87 -15.317 0 -.954
3 0 -5.758 0 -1.45 -5.336 0 -.802 -5.566 0 -.305
4 0 -6.18 0 -.649 -5.988 0 -1.069 -5.758 0 -1.45 -5.566 0 -.305
4 28 -4.798 0 1.031 -5.489 0 1.412 -5.643 0 .878 -4.914 0 .763
4 28 -5.988 0 -1.069 -6.18 0 -.649 -8.1 0 -.763 -6.948 0 -1.489
3 28 -6.948 0 -1.489 -5.758 0 -1.45 -5.988 0 -1.069
4 28 -8.215 0 -1.565 -6.948 0 -1.489 -8.1 0 -.763 -9.827 0 -.84
3 28 -9.827 0 -.84 -9.904 0 -1.641 -8.215 0 -1.565
4 28 -13.013 0 -1.832 -13.82 0 -.878 -15.317 0 -.954 -14.626 0 -1.87
4 28 -9.827 0 -.84 -13.82 0 -.878 -13.013 0 -1.832 -11.823 0 -1.756
4 0 -16.353 0 -.267 -17.313 0 -.344 -16.545 0 -1.069 -15.317 0 -.954
4 28 -17.889 0 -1.221 -19.693 0 -1.45 -19.693 0 -2.29 -17.965 0 -2.099
4 288 -2.687 0 -5.305 -2.111 0 -4.466 -4.069 0 -4.504 -3.493 0 -5.229
4 288 -1.42 0 -7.71 -.96 0 -7.519 -.845 0 -7.366 -1.459 0 -7.176
4 288 -1.881 0 -4.771 -2.111 0 -4.466 -2.687 0 -5.305 -2.073 0 -5.305
3 288 -1.881 0 -4.771 -1.574 0 -4.237 -2.111 0 -4.466
4 0 -4.875 0 -1.641 -5.182 0 -1.031 -5.336 0 -.802 -5.758 0 -1.45
4 0 -6.948 0 -1.489 -8.215 0 -1.565 -8.023 0 -2.328 -7.102 0 -2.29
4 0 -4.376 0 -3.092 -3.839 0 -2.519 -4.415 0 -2.137 -4.722 0 -2.863
4 288 -5.489 0 -4.695 -5.413 0 -5.038 -3.762 0 -5.229 -4.568 0 -4.542
3 288 -5.413 0 -5.038 -4.683 0 -5.153 -3.762 0 -5.229
3 288 -4.568 0 -4.542 -5.298 0 -4.656 -5.489 0 -4.695
4 288 -3.762 0 -5.229 -3.493 0 -5.229 -4.069 0 -4.504 -4.568 0 -4.542
4 0 -5.758 0 -1.45 -6.027 0 -2.252 -4.415 0 -2.137 -4.875 0 -1.641
3 0 -6.027 0 -2.252 -5.374 0 -2.252 -4.415 0 -2.137
4 0 -7.102 0 -2.29 -6.027 0 -2.252 -5.758 0 -1.45 -6.948 0 -1.489
4 0 -8.023 0 -2.328 -8.215 0 -1.565 -9.904 0 -1.641 -9.866 0 -2.443
4 0 -12.975 0 -2.634 -10.979 0 -2.519 -11.823 0 -1.756 -13.013 0 -1.832
4 0 -18.311 0 -2.939 -16.161 0 -2.748 -15.816 0 -2.71 -19.693 0 -2.29
4 0 -17.965 0 -2.099 -19.693 0 -2.29 -15.816 0 -2.71 -16.046 0 -1.947
3 0 -19.693 0 -4.16 -19.117 0 -3.015 -19.693 0 -2.29
4 28 -1.344 0 -5.382 -1.19 0 -5.458 -.768 0 -5.305 -1.305 0 -5.191
4 28 -.345 0 -5.076 -.96 0 -4.656 -1.305 0 -5.191 -.768 0 -5.305
4 28 .345 0 -1.489 -.576 0 -1.87 .038 0 -2.328 .384 0 -1.603
4 0 -.422 0 -6.031 -.768 0 -5.305 -1.19 0 -5.458 -.998 0 -6.221
4 0 -1.843 0 -5.954 -1.344 0 -5.382 -2.073 0 -5.305 -1.996 0 -5.687
4 0 -1.382 0 -6.221 -.998 0 -6.221 -1.843 0 -5.954 -1.651 0 -6.107
4 0 -1.843 0 -5.954 -.998 0 -6.221 -1.19 0 -5.458 -1.344 0 -5.382
4 28 2.956 0 -3.473 3.186 0 -2.214 2.994 0 -1.832 1.996 0 -4.275
4 28 1.996 0 -4.275 2.994 0 -1.832 2.764 0 -1.985 2.418 0 -2.405
3 288 4.837 0 -5.115 5.413 0 -5.229 5.72 0 -4.389
4 288 4.107 0 -4.275 4.837 0 -5.115 5.72 0 -4.389 4.875 0 -4.275
4 0 2.956 0 -3.473 3.301 0 -5.267 3.493 0 -4.466 3.57 0 -4.084
3 0 19.578 0 -.496 19.309 0 -1.641 19.578 0 -2.099
3 0 19.578 0 -.496 19.079 0 -1.26 19.309 0 -1.641
4 0 13.896 0 -.534 13.244 0 -1.336 14.357 0 -1.298 16.852 0 -.458
4 0 13.896 0 -.534 11.67 0 -.611 12.246 0 -1.374 13.244 0 -1.336
4 0 11.67 0 -.611 10.902 0 -.076 9.981 0 -.305 11.363 0 -1.412
3 0 11.363 0 -1.412 12.246 0 -1.374 11.67 0 -.611
4 28 15.701 0 .649 13.973 0 .573 13.474 0 .229 16.852 0 -.458
4 0 10.134 0 4.198 9.674 0 4.237 9.06 0 4.16 11.209 0 3.664
3 0 11.209 0 3.664 10.633 0 4.046 10.134 0 4.198
4 28 9.06 0 -1.908 8.983 0 -2.29 9.175 0 -2.099 9.175 0 -2.023
4 0 7.562 0 -3.244 8.484 0 -3.244 8.56 0 -2.443 7.754 0 -2.481
4 28 3.992 0 -1.832 4.146 0 -1.794 4.338 0 -1.565 3.762 0 -1.756
4 28 5.643 0 -1.26 5.144 0 -1.832 6.948 0 -2.405 6.564 0 -1.565
3 28 5.144 0 -1.832 5.912 0 -2.137 6.948 0 -2.405
4 28 4.99 0 -.954 5.144 0 -1.832 5.643 0 -1.26 5.029 0 -.954
4 0 3.992 0 -1.832 3.186 0 -2.214 3.877 0 -2.595 4.146 0 -1.794
4 0 2.994 0 -1.832 3.186 0 -2.214 3.992 0 -1.832 3.762 0 -1.756
4 0 3.57 0 -4.084 3.877 0 -2.595 3.186 0 -2.214 2.956 0 -3.473
3 0 15.777 0 -1.26 19.079 0 -1.26 19.578 0 -.496
4 0 15.777 0 -1.26 19.578 0 -.496 16.852 0 -.458 14.357 0 -1.298
4 28 16.852 0 -.458 13.474 0 .229 12.476 0 -.267 13.896 0 -.534
3 28 12.476 0 -.267 11.67 0 -.611 13.896 0 -.534
3 28 18.081 0 .687 15.701 0 .649 16.852 0 -.458
4 28 19.578 0 -.496 19.578 0 .611 18.081 0 .687 16.852 0 -.458
3 28 8.983 0 -.42 9.981 0 -.305 10.902 0 -.076
4 28 10.288 0 .496 9.443 0 .344 8.983 0 -.42 10.902 0 -.076
4 28 7.908 0 -.382 8.983 0 -.42 9.443 0 .344 8.253 0 .344
4 28 8.253 0 5 9.06 0 4.16 9.251 0 5.305 8.791 0 5.191
4 0 10.825 0 6.031 10.25 0 6.145 9.75 0 5.382 10.288 0 5.344
4 0 9.251 0 5.305 9.75 0 5.382 10.25 0 6.145 9.443 0 6.145
4 0 9.251 0 5.305 9.443 0 6.145 8.676 0 5.992 7.869 0 5.687
4 0 11.478 0 5.763 10.825 0 6.031 10.288 0 5.344 10.749 0 5.229
4 0 11.209 0 5 12.438 0 5.115 12.054 0 5.382 11.939 0 5.42
4 28 13.82 0 1.336 13.359 0 1.985 12.591 0 1.489 13.129 0 .878
4 0 15.278 0 2.061 15.317 0 2.214 15.355 0 2.672 14.626 0 2.443
3 0 15.355 0 2.672 14.587 0 2.71 14.626 0 2.443
3 0 15.47 0 1.412 15.701 0 .649 18.081 0 .687
4 0 19.578 0 .611 18.925 0 1.45 15.47 0 1.412 18.081 0 .687
4 0 15.355 0 2.672 15.086 0 3.359 14.434 0 3.015 14.587 0 2.71
3 0 15.355 0 2.672 15.24 0 3.092 15.086 0 3.359
4 0 18.925 0 1.45 19.578 0 .611 19.578 0 2.824 19.271 0 2.214
4 28 2.687 0 9.771 2.726 0 9.008 3.532 0 7.443 3.493 0 9.771
4 320 .422 0 5.573 .345 0 4.656 .921 0 3.664 1.113 0 4.504
4 320 .806 0 3.664 .921 0 3.664 .345 0 4.656 .192 0 3.931
4 28 2.342 0 1.145 2.188 0 .42 2.649 0 .191 2.841 0 .916
4 28 6.795 0 4.198 7.447 0 3.473 8.33 0 3.931 7.486 0 4.618
4 28 3.724 0 3.817 3.033 0 3.626 3.071 0 1.87 3.724 0 2.557
3 0 3.724 0 3.817 3.724 0 2.557 3.916 0 1.756
4 0 5.029 0 2.786 4.453 0 3.321 3.724 0 3.817 3.916 0 1.756
4 28 3.033 0 3.626 3.724 0 3.817 3.532 0 7.443 2.956 0 5.305
3 28 3.532 0 7.443 2.726 0 9.008 2.956 0 5.305
3 0 4.453 0 3.321 4.338 0 6.031 4.223 0 8.092
3 28 .921 0 1.756 1.036 0 1.908 1.19 0 2.519
4 28 .23 0 2.328 .845 0 1.756 .921 0 1.756 1.19 0 2.519
3 28 -.077 0 2.481 .23 0 2.328 1.19 0 2.519
4 28 .691 0 2.901 .192 0 3.13 -.077 0 2.481 1.19 0 2.519
4 0 1.152 0 3.511 .921 0 3.664 .806 0 3.664 .691 0 2.901
4 0 3.033 0 3.626 2.342 0 1.145 2.841 0 .916 3.071 0 1.87
3 0 3.033 0 3.626 2.303 0 3.435 2.303 0 2.595
4 0 1.766 0 1.336 2.342 0 1.145 3.033 0 3.626 2.303 0 2.595
4 0 2.226 0 5.115 2.303 0 3.435 3.033 0 3.626 2.956 0 5.305
4 0 2.726 0 9.008 2.188 0 6.031 2.226 0 5.115 2.956 0 5.305
4 0 2.687 0 9.771 1.996 0 9.084 2.188 0 6.031 2.726 0 9.008
4 320 1.113 0 6.603 .345 0 6.489 .422 0 5.573 1.19 0 5.611
4 320 .345 0 6.489 1.113 0 6.603 .921 0 7.595 .192 0 7.29
3 320 .307 0 8.893 -.077 0 8.092 .077 0 7.672
4 320 .921 0 7.595 .614 0 8.511 .461 0 8.702 .192 0 7.29
4 320 .077 0 7.672 .192 0 7.29 .461 0 8.702 .307 0 8.893
4 320 -.499 0 6.527 -.422 0 6.412 -.269 0 6.374 -.154 0 6.489
4 320 -5.336 0 7.481 -3.839 0 7.519 -1.651 0 8.74 -2.342 0 8.55
3 320 -3.839 0 7.519 -2.188 0 7.71 -1.651 0 8.74
3 320 -2.342 0 8.55 -3.647 0 8.397 -5.336 0 7.481
4 320 -5.336 0 7.481 -3.647 0 8.397 -5.566 0 8.282 -6.564 0 8.092
3 320 -2.418 0 6.985 -1.612 0 6.565 -1.42 0 6.641
4 320 -.806 0 6.718 -.422 0 7.252 -2.418 0 6.985 -1.42 0 6.641
4 320 -4.184 0 4.733 -3.877 0 5.305 -4.069 0 5.534 -4.607 0 5.687
4 320 -3.877 0 5.878 -4.376 0 5.878 -4.607 0 5.687 -4.069 0 5.534
4 320 -7.985 0 7.176 -9.29 0 7.824 -9.405 0 6.947 -8.791 0 7.023
4 320 -4.76 0 6.26 -4.53 0 6.26 -4.223 0 6.679 -4.491 0 6.756
4 320 -6.795 0 2.137 -6.18 0 2.214 -5.835 0 2.328 -6.219 0 3.092
4 320 -5.566 0 3.282 -6.219 0 3.092 -5.835 0 2.328 -5.681 0 2.405
3 320 -6.219 0 3.092 -7.562 0 2.863 -6.795 0 2.137
3 320 -11.823 0 6.718 -11.747 0 6.718 -10.48 0 6.794
4 320 -10.633 0 7.634 -11.862 0 7.557 -11.823 0 6.718 -10.48 0 6.794
4 320 -13.397 0 7.366 -14.434 0 7.328 -14.626 0 6.45 -13.167 0 6.527
4 320 -13.397 0 7.366 -13.167 0 6.527 -11.823 0 6.718 -11.862 0 7.557
4 320 -18.081 0 6.87 -18.196 0 5.992 -17.428 0 5.954 -17.006 0 6.87
4 320 -18.81 0 6.565 -18.196 0 5.992 -18.081 0 6.87 -18.656 0 6.718
4 320 -16.737 0 6.031 -16.315 0 6.145 -17.006 0 6.87 -17.428 0 5.954
3 320 -16.084 0 7.023 -17.006 0 6.87 -16.315 0 6.145
3 320 -15.432 0 5.153 -15.624 0 4.924 -15.777 0 4.58
4 320 -15.432 0 5.153 -15.777 0 4.58 -15.24 0 4.542 -15.125 0 4.809
4 320 -18.695 0 2.214 -18.541 0 1.603 -17.697 0 1.603 -17.85 0 2.099
4 320 -12.63 0 2.366 -13.359 0 2.137 -13.205 0 1.298 -12.476 0 1.527
4 320 -11.977 0 5.267 -12.169 0 5.496 -12.553 0 5.153 -12.438 0 5.038
4 320 -11.823 0 1.603 -12.054 0 2.443 -12.63 0 2.366 -12.476 0 1.527
4 320 -10.403 0 1.679 -11.056 0 2.443 -11.823 0 1.603 -11.209 0 1.565
3 320 -11.056 0 2.443 -12.054 0 2.443 -11.823 0 1.603
4 320 -10.058 0 5.382 -10.403 0 4.771 -10.096 0 4.542 -9.789 0 5.191
4 320 -7.601 0 1.985 -8.599 0 2.71 -9.981 0 2.557 -9.75 0 1.718
4 320 -6.795 0 2.137 -8.522 0 2.71 -8.599 0 2.71 -7.601 0 1.985
3 320 -6.795 0 2.137 -7.562 0 2.863 -8.522 0 2.71
4 320 -10.25 0 3.626 -9.942 0 4.046 -10.48 0 4.16 -10.365 0 3.702
4 320 -4.914 0 3.359 -5.566 0 3.282 -5.681 0 2.405 -5.336 0 2.71
4 320 -7.102 0 4.16 -7.37 0 4.389 -7.524 0 4.313 -7.102 0 4.008
4 320 -5.336 0 2.71 -4.491 0 3.13 -3.916 0 3.435 -4.914 0 3.359
3 320 -4.491 0 3.13 -3.916 0 3.359 -3.916 0 3.435
4 320 -11.056 0 2.443 -10.403 0 1.679 -9.75 0 1.718 -9.981 0 2.557
4 320 -15.854 0 1.031 -14.319 0 1.183 -13.896 0 2.061 -15.086 0 1.947
4 320 -16.699 0 .954 -15.854 0 1.031 -15.086 0 1.947 -16.852 0 1.794
3 320 -15.086 0 1.947 -16.2 0 1.87 -16.852 0 1.794
4 320 -17.39 0 1.603 -17.697 0 1.603 -18.042 0 .763 -17.236 0 .763
4 320 -16.852 0 1.794 -17.39 0 1.603 -17.236 0 .763 -16.699 0 .954
4 320 -18.042 0 .763 -17.697 0 1.603 -18.541 0 1.603 -18.196 0 .878
4 320 -18.311 0 5.305 -19.117 0 5 -19.079 0 3.664 -18.311 0 3.779
4 320 -18.964 0 3.092 -18.196 0 3.244 -18.311 0 3.779 -19.079 0 3.664
4 320 -17.85 0 2.099 -18.196 0 3.244 -18.964 0 3.092 -18.695 0 2.214
3 320 -18.81 0 6.565 -19.002 0 5.916 -18.196 0 5.992
4 320 -16.315 0 6.145 -16.238 0 6.145 -15.547 0 7.099 -16.084 0 7.023
4 320 -15.547 0 7.099 -16.238 0 6.145 -15.393 0 6.26 -14.933 0 7.252
4 320 -15.393 0 6.26 -14.626 0 6.45 -14.434 0 7.328 -14.933 0 7.252
4 320 -9.29 0 7.824 -10.633 0 7.634 -10.48 0 6.794 -9.405 0 6.947
4 320 -9.29 0 7.824 -7.985 0 7.176 -6.411 0 7.252 -9.098 0 7.824
4 320 -7.793 0 8.053 -8.56 0 7.939 -9.098 0 7.824 -5.336 0 7.481
4 320 -6.411 0 7.252 -5.835 0 7.366 -5.336 0 7.481 -9.098 0 7.824
3 320 -5.336 0 7.481 -6.564 0 8.092 -7.793 0 8.053
3 320 -5.528 0 8.321 -5.566 0 8.282 -3.647 0 8.397
4 320 -.461 0 8.092 -.077 0 8.092 .307 0 8.893 -.729 0 8.893
3 320 .307 0 8.893 -.269 0 8.969 -.729 0 8.893
3 320 1.113 0 4.504 1.19 0 5.611 .422 0 5.573
4 320 -.499 0 6.527 -.154 0 6.489 -.23 0 7.137 -.576 0 6.718
4 320 -.806 0 6.718 -.576 0 6.718 -.307 0 7.252 -.422 0 7.252
3 320 -.576 0 6.718 -.23 0 7.137 -.307 0 7.252
4 320 -1.267 0 5.878 -1.228 0 5.229 -.614 0 5.305 -.691 0 5.611
4 320 -4.683 0 5.687 -4.607 0 5.229 -4.184 0 4.733 -4.607 0 5.687
4 320 -.422 0 5 -.422 0 5.115 -.921 0 4.847 -.499 0 4.924
4 320 -.614 0 5.305 -.921 0 4.847 -.422 0 5.115 -.499 0 5.305
3 320 -.614 0 5.305 -1.228 0 5.229 -.921 0 4.847
4 320 -1.382 0 4.924 -1.267 0 4.809 -.921 0 4.847 -1.228 0 5.229
3 320 -1.228 0 5.229 -1.382 0 5.115 -1.382 0 4.924
4 320 -3.148 0 4.504 -2.418 0 4.58 -2.61 0 5.038 -2.726 0 5.076
3 320 -2.572 0 5.496 -2.418 0 5.42 -2.265 0 5.458
4 320 -2.226 0 5.649 -2.572 0 5.611 -2.572 0 5.496 -2.265 0 5.458
4 320 -.806 0 6.603 -1.305 0 6.107 -1.267 0 5.878 -.691 0 5.611
4 320 -1.305 0 6.107 -.806 0 6.603 -1.382 0 6.603 -1.344 0 6.221
4 320 -.806 0 6.603 -.806 0 6.718 -1.42 0 6.641 -1.382 0 6.603
4 320 -1.651 0 6.26 -2.035 0 6.45 -1.958 0 6.183 -1.843 0 6.145
3 320 -1.651 0 6.26 -1.612 0 6.565 -2.418 0 6.985
4 320 -2.035 0 6.45 -1.651 0 6.26 -2.418 0 6.985 -2.188 0 6.565
4 320 -3.532 0 6.832 -2.534 0 6.565 -2.188 0 6.565 -2.418 0 6.985
4 320 -3.455 0 6.45 -2.917 0 6.489 -2.534 0 6.565 -3.532 0 6.832
3 320 -3.532 0 6.832 -3.532 0 6.756 -3.455 0 6.45
4 320 -2.534 0 6.26 -2.61 0 6.145 -2.649 0 6.031 -2.303 0 6.183
3 320 -2.649 0 6.031 -2.226 0 5.649 -2.303 0 6.183
3 320 -2.303 0 6.183 -2.38 0 6.298 -2.534 0 6.26
3 320 -2.226 0 5.649 -2.649 0 6.031 -2.841 0 6.031
4 320 -2.572 0 5.611 -2.226 0 5.649 -2.841 0 6.031 -2.802 0 5.611
3 320 -1.727 0 5.229 -2.035 0 5.153 -2.188 0 5.076
4 320 -1.804 0 4.695 -1.727 0 4.962 -1.727 0 5.229 -2.188 0 5.076
4 320 -1.996 0 5.382 -2.035 0 5.153 -1.727 0 5.229 -1.804 0 5.382
3 320 -1.804 0 4.695 -2.188 0 5.076 -2.61 0 5.038
4 320 -1.996 0 4.656 -1.804 0 4.695 -2.61 0 5.038 -2.418 0 4.58
4 320 -3.877 0 5.305 -4.184 0 4.733 -3.916 0 4.58 -3.57 0 5.076
3 320 -4.683 0 5.153 -4.683 0 5.687 -4.722 0 5.954
4 320 -4.683 0 5.153 -4.722 0 5.954 -5.298 0 6.26 -5.221 0 5.153
4 320 -6.948 0 4.237 -6.526 0 4.771 -7.178 0 4.656 -7.102 0 4.16
4 320 -4.491 0 4.389 -4.491 0 4.656 -4.568 0 4.733 -4.568 0 4.351
4 320 -4.683 0 4.771 -5.298 0 4.885 -4.568 0 4.351 -4.568 0 4.733
4 320 -5.413 0 5.038 -5.566 0 5.076 -5.835 0 4.733 -5.298 0 4.885
4 320 -6.104 0 4.618 -4.568 0 4.351 -5.298 0 4.885 -5.835 0 4.733
3 320 -6.104 0 4.618 -5.298 0 4.275 -4.568 0 4.351
4 320 -6.219 0 5.992 -6.833 0 6.298 -7.025 0 6.221 -7.37 0 5.611
4 320 -8.752 0 4.122 -8.791 0 3.931 -8.676 0 3.817 -8.637 0 4.122
4 320 -7.908 0 5.802 -7.524 0 5.802 -7.601 0 6.183 -7.716 0 6.221
3 320 -9.712 0 6.107 -9.674 0 5.611 -9.443 0 5.42
4 320 -9.021 0 6.069 -9.712 0 6.107 -9.443 0 5.42 -9.367 0 5.42
4 320 -9.059 0 4.237 -9.098 0 4.695 -9.52 0 4.198 -9.213 0 3.931
4 320 -9.559 0 4.351 -9.52 0 4.198 -9.098 0 4.695 -9.29 0 4.962
4 320 -9.674 0 5.611 -9.712 0 6.107 -10.211 0 5.992 -9.866 0 5.611
4 320 -10.518 0 5.725 -10.058 0 5.534 -9.866 0 5.611 -10.211 0 5.992
4 320 -10.403 0 4.275 -10.48 0 4.16 -9.942 0 4.046 -10.211 0 4.275
4 320 -12.438 0 4.809 -11.939 0 4.695 -11.977 0 5.267 -12.438 0 5.038
3 320 -11.939 0 4.695 -11.9 0 4.962 -11.977 0 5.267
4 320 -9.52 0 3.664 -9.213 0 3.931 -9.52 0 4.198 -9.635 0 4.046
3 320 -10.25 0 3.626 -9.827 0 3.588 -9.52 0 3.664
4 320 -9.52 0 3.664 -9.635 0 4.046 -9.942 0 4.046 -10.25 0 3.626
4 320 -9.789 0 5.191 -9.559 0 4.351 -9.29 0 4.962 -9.559 0 5.115
3 320 -10.518 0 5.725 -10.633 0 5.382 -10.595 0 5.115
4 320 -10.403 0 4.771 -10.058 0 5.382 -10.518 0 5.725 -10.595 0 5.115
3 320 -10.518 0 5.725 -10.058 0 5.382 -10.058 0 5.534
4 320 -9.367 0 5.305 -8.752 0 5.344 -9.021 0 6.069 -9.367 0 5.42
4 320 -6.372 0 6.489 -6.219 0 5.992 -6.027 0 5.954 -5.797 0 6.45
4 320 -6.104 0 4.618 -6.372 0 4.656 -6.795 0 4.237 -6.449 0 4.084
4 320 -6.948 0 4.237 -6.795 0 4.237 -6.372 0 4.656 -6.526 0 4.771
3 320 -7.255 0 5.42 -6.526 0 5.802 -6.219 0 5.992
4 320 -6.718 0 6.412 -6.833 0 6.298 -6.219 0 5.992 -6.372 0 6.489
4 320 -5.605 0 5.611 -5.566 0 5.687 -6.027 0 5.954 -5.873 0 5.611
4 320 -5.566 0 5.687 -5.605 0 6.336 -5.797 0 6.45 -6.027 0 5.954
4 320 -6.449 0 4.084 -5.758 0 4.084 -5.298 0 4.275 -6.104 0 4.618
4 320 -4.683 0 5.153 -5.221 0 5.153 -5.298 0 4.885 -4.683 0 4.771
4 320 -5.144 0 6.641 -5.298 0 6.489 -4.76 0 6.26 -4.491 0 6.756
4 320 -3.608 0 6.45 -3.455 0 6.45 -3.532 0 6.756 -3.608 0 6.756
3 320 -2.802 0 5.611 -2.841 0 6.031 -2.879 0 6.221
4 320 -2.917 0 6.489 -3.455 0 6.45 -2.802 0 5.611 -2.879 0 6.221
4 320 -3.263 0 4.962 -3.148 0 4.504 -2.726 0 5.076 -2.764 0 5.344
3 320 -2.764 0 5.344 -3.301 0 5.42 -3.263 0 4.962
4 320 -3.916 0 4.58 -3.685 0 4.504 -3.34 0 4.962 -3.57 0 5.076
4 320 -3.263 0 4.962 -3.34 0 4.962 -3.685 0 4.504 -3.148 0 4.504
4 320 -3.301 0 5.42 -2.764 0 5.344 -2.802 0 5.611 -3.455 0 6.45
4 320 -3.685 0 6.527 -3.608 0 6.45 -3.608 0 6.756 -3.685 0 6.718
3 320 -4.376 0 6.107 -3.877 0 6.221 -4.031 0 6.527
4 320 -4.223 0 6.679 -4.53 0 6.26 -4.376 0 6.107 -4.031 0 6.527
4 320 -4.376 0 6.107 -4.376 0 5.878 -3.877 0 5.878 -3.877 0 6.221
3 320 -4.683 0 5.687 -4.683 0 5.153 -4.607 0 5.229
4 320 -5.298 0 6.26 -4.722 0 5.954 -4.76 0 6.26 -5.298 0 6.489
4 320 -7.601 0 6.26 -7.601 0 6.183 -7.524 0 5.802 -7.37 0 5.611
3 320 -7.37 0 5.611 -7.025 0 6.221 -7.601 0 6.26
4 320 -6.718 0 5.496 -7.217 0 4.924 -7.178 0 4.656 -6.679 0 5.076
3 320 -7.178 0 4.656 -6.526 0 4.771 -6.679 0 5.076
4 320 -6.219 0 5.992 -7.37 0 5.611 -7.37 0 5.496 -7.255 0 5.42
4 320 -7.255 0 5.42 -7.217 0 4.924 -6.718 0 5.496 -6.526 0 5.802
4 320 -7.178 0 4.656 -7.37 0 4.58 -7.37 0 4.389 -7.102 0 4.16
4 320 -8.138 0 4.847 -8.676 0 4.847 -8.599 0 4.275 -8.1 0 4.427
4 320 -8.599 0 4.275 -8.637 0 4.122 -8.1 0 3.779 -8.023 0 4.275
3 320 -8.637 0 4.122 -8.676 0 3.817 -8.1 0 3.779
4 320 -7.217 0 3.893 -7.102 0 4.008 -7.524 0 4.313 -8.1 0 3.779
3 320 -8.023 0 4.275 -8.1 0 4.427 -8.599 0 4.275
4 320 -7.678 0 5.076 -7.985 0 5.229 -8.138 0 4.847 -7.946 0 4.847
3 320 -7.601 0 4.809 -7.678 0 5.076 -7.946 0 4.847
4 320 -7.869 0 4.656 -7.678 0 4.656 -7.601 0 4.809 -7.946 0 4.847
4 320 -7.831 0 5.496 -7.985 0 5.42 -7.678 0 5.076 -7.678 0 5.42
3 320 -7.985 0 5.42 -7.985 0 5.229 -7.678 0 5.076
4 320 -7.985 0 5.229 -8.177 0 5.229 -8.676 0 4.847 -8.138 0 4.847
4 320 -8.177 0 5.229 -8.215 0 5.42 -9.021 0 6.069 -8.752 0 5.344
4 320 -8.484 0 6.069 -9.021 0 6.069 -8.215 0 5.42 -8.253 0 5.725
3 320 -8.752 0 5.344 -8.676 0 4.847 -8.177 0 5.229
4 320 -7.716 0 6.221 -8.484 0 6.069 -8.253 0 5.725 -7.908 0 5.802
3 320 -12.553 0 5.153 -12.169 0 5.496 -12.399 0 5.611
4 320 -12.514 0 3.779 -12.438 0 3.359 -12.361 0 3.435 -12.399 0 3.664
4 320 -13.321 0 3.359 -13.205 0 3.244 -12.975 0 3.282 -13.321 0 3.588
4 320 -13.321 0 3.588 -12.975 0 3.282 -12.63 0 3.855 -13.167 0 3.702
4 320 -12.438 0 3.359 -12.514 0 3.779 -12.63 0 3.855 -12.975 0 3.282
4 320 -13.167 0 3.702 -12.63 0 3.855 -12.668 0 4.237 -13.205 0 3.817
4 320 -13.359 0 5.115 -12.783 0 5.229 -12.668 0 5.649 -13.167 0 5.534
4 320 -12.399 0 5.611 -12.668 0 5.649 -12.783 0 5.229 -12.553 0 5.153
4 320 -13.474 0 5.534 -13.551 0 5.458 -13.551 0 5.229 -13.474 0 5.153
4 320 -14.779 0 3.397 -14.664 0 2.977 -14.203 0 3.092 -14.587 0 3.397
4 320 -15.432 0 5.153 -15.125 0 4.809 -14.894 0 4.962 -15.125 0 5.305
4 320 -17.697 0 4.885 -16.775 0 4.58 -16.583 0 4.542 -16.43 0 5.076
4 320 -14.434 0 5.344 -14.818 0 5.382 -14.894 0 4.962 -14.741 0 4.962
3 320 -14.818 0 5.382 -15.125 0 5.305 -14.894 0 4.962
4 28 9.06 0 4.16 9.674 0 4.237 9.75 0 5.382 9.251 0 5.305
4 0 9.981 0 -.305 8.983 0 -.42 10.096 0 -1.489 11.363 0 -1.412
3 0 8.983 0 -.42 9.674 0 -1.45 10.096 0 -1.489
4 28 11.785 0 .229 11.094 0 .763 10.288 0 .496 10.902 0 -.076
4 0 11.939 0 5.42 11.478 0 5.763 10.749 0 5.229 11.209 0 5
4 0 11.209 0 5 13.129 0 3.74 13.743 0 4.275 12.438 0 5.115
4 0 10.902 0 -.076 11.67 0 -.611 12.476 0 -.267 11.785 0 .229
4 0 14.434 0 3.015 15.086 0 3.359 14.702 0 3.817 14.242 0 3.168
4 0 14.242 0 3.168 14.702 0 3.817 13.743 0 4.275 13.704 0 3.397
3 0 13.743 0 4.275 13.129 0 3.74 13.704 0 3.397
4 0 14.626 0 2.443 14.511 0 2.023 15.24 0 1.832 15.278 0 2.061
4 0 13.82 0 1.336 14.971 0 1.412 15.24 0 1.832 14.511 0 2.023
4 28 14.511 0 2.023 13.743 0 2.29 13.359 0 1.985 13.82 0 1.336
4 28 13.743 0 2.29 14.511 0 2.023 14.626 0 2.443 13.743 0 2.366
4 0 13.474 0 .229 13.973 0 .573 13.82 0 1.336 13.129 0 .878
3 0 15.47 0 1.412 14.971 0 1.412 13.82 0 1.336
4 0 15.47 0 1.412 13.82 0 1.336 13.973 0 .573 15.701 0 .649
4 0 13.282 0 2.519 12.207 0 2.176 12.591 0 1.489 13.359 0 1.985
3 0 13.474 0 .229 13.129 0 .878 12.476 0 .534
4 0 11.785 0 .229 12.476 0 -.267 13.474 0 .229 12.476 0 .534
4 0 9.866 0 -1.718 9.674 0 -1.45 9.06 0 -1.908 9.175 0 -2.023
4 0 5.489 0 .534 7.179 0 1.336 6.603 0 1.374 5.873 0 1.336
4 0 7.409 0 .496 7.37 0 1.298 7.179 0 1.336 6.603 0 .573
3 0 7.179 0 1.336 5.489 0 .534 6.603 0 .573
4 0 5.029 0 -.954 5.029 0 -.076 4.223 0 -.649 4.99 0 -.954
3 28 4.99 0 -.954 5.029 0 -1.756 5.144 0 -1.832
4 0 4.952 0 .115 4.798 0 .382 3.916 0 0 5.029 0 -.076
3 0 3.916 0 0 4.223 0 -.649 5.029 0 -.076
4 28 5.489 0 .534 4.837 0 .42 4.798 0 .382 4.952 0 .115
4 28 4.952 0 .115 5.029 0 -.076 6.334 0 -.115 5.489 0 .534
4 28 7.179 0 -.229 6.603 0 .573 5.489 0 .534 6.334 0 -.115
4 28 6.564 0 2.901 5.72 0 3.397 5.029 0 2.786 5.835 0 2.328
4 28 7.908 0 -.382 7.409 0 .496 6.603 0 .573 7.179 0 -.229
4 0 6.795 0 4.198 7.486 0 4.618 6.948 0 5.191 6.718 0 5.038
3 28 7.908 0 -.382 8.253 0 .344 7.409 0 .496
4 28 13.129 0 3.74 10.633 0 4.046 11.209 0 3.664 12.361 0 2.977
4 28 12.361 0 2.977 13.282 0 2.519 13.704 0 3.397 13.129 0 3.74
4 28 11.094 0 .763 11.785 0 .229 12.476 0 .534 11.977 0 1.145
4 28 11.977 0 1.145 12.476 0 .534 13.129 0 .878 12.591 0 1.489
4 28 13.282 0 2.519 13.743 0 2.366 14.242 0 3.168 13.704 0 3.397
4 0 13.743 0 2.366 13.282 0 2.519 13.359 0 1.985 13.743 0 2.29
4 28 14.242 0 3.168 14.626 0 2.443 14.587 0 2.71 14.434 0 3.015
3 28 14.242 0 3.168 13.743 0 2.366 14.626 0 2.443
4 28 10.633 0 4.046 10.749 0 5.229 10.288 0 5.344 10.134 0 4.198
4 28 10.749 0 5.229 10.633 0 4.046 13.129 0 3.74 11.209 0 5
3 0 5.72 0 3.397 6.795 0 4.198 6.718 0 5.038
4 28 7.447 0 3.473 6.795 0 4.198 5.72 0 3.397 6.564 0 2.901
4 0 5.873 0 1.336 4.952 0 1.565 4.837 0 .42 5.489 0 .534
4 28 3.916 0 1.756 3.532 0 1.298 4.261 0 .878 4.952 0 1.565
4 0 4.798 0 .382 4.837 0 .42 4.952 0 1.565 3.916 0 0
3 0 4.952 0 1.565 4.261 0 .878 3.916 0 0
4 0 3.071 0 1.87 2.841 0 .916 3.301 0 .611 3.532 0 1.298
4 0 3.916 0 1.756 3.724 0 2.557 3.071 0 1.87 3.532 0 1.298
4 28 3.916 0 1.756 4.952 0 1.565 5.835 0 2.328 5.029 0 2.786
4 0 5.72 0 3.397 5.413 0 4.122 4.453 0 3.321 5.029 0 2.786
3 0 5.413 0 4.122 4.952 0 3.74 4.453 0 3.321
4 0 5.72 0 3.397 6.718 0 5.038 6.104 0 4.656 5.413 0 4.122
3 0 6.718 0 5.038 6.987 0 5.229 6.104 0 4.656
3 0 7.754 0 5.611 6.987 0 5.229 6.948 0 5.191
4 0 8.791 0 5.191 7.754 0 5.611 6.948 0 5.191 8.253 0 5
3 0 6.948 0 5.191 7.486 0 4.618 8.253 0 5
4 28 7.486 0 4.618 8.33 0 3.931 9.06 0 4.16 8.253 0 5
4 0 7.869 0 5.687 7.754 0 5.611 8.791 0 5.191 9.251 0 5.305
4 28 9.674 0 4.237 10.134 0 4.198 10.288 0 5.344 9.75 0 5.382
4 320 -13.167 0 5.534 -13.474 0 5.534 -13.474 0 5.153 -13.359 0 5.115
4 320 -12.706 0 4.656 -12.668 0 4.237 -12.514 0 4.237 -12.591 0 4.656
4 320 -12.591 0 4.656 -12.514 0 4.237 -12.361 0 4.275 -12.438 0 4.809
4 320 -11.939 0 4.695 -12.438 0 4.809 -12.361 0 4.275 -12.131 0 4.466
4 320 -13.205 0 3.817 -12.668 0 4.237 -12.706 0 4.656 -13.282 0 4.924
3 320 -12.706 0 4.656 -12.745 0 4.809 -13.282 0 4.924
4 320 -13.359 0 5.115 -13.282 0 4.924 -12.745 0 4.809 -12.783 0 5.229
3 320 -16.123 0 4.427 -16.161 0 4.847 -16.583 0 4.542
4 320 -16.161 0 4.237 -16.123 0 4.427 -16.583 0 4.542 -16.392 0 4.275
4 320 -17.505 0 4.504 -17.351 0 4.466 -16.775 0 4.58 -17.697 0 4.885
3 320 -17.198 0 3.397 -16.66 0 3.282 -16.737 0 4.198
4 320 -17.198 0 3.397 -16.737 0 4.198 -16.775 0 4.58 -17.351 0 4.466
3 320 -16.43 0 2.748 -16.392 0 2.901 -16.43 0 3.092
4 320 -16.43 0 2.748 -16.43 0 3.092 -16.583 0 3.092 -16.852 0 2.71
4 320 -17.198 0 3.015 -17.351 0 2.939 -17.159 0 2.634 -16.852 0 2.71
3 320 -17.351 0 2.939 -17.351 0 2.748 -17.159 0 2.634
3 320 -16.852 0 2.71 -16.583 0 3.092 -16.66 0 3.282
4 320 -17.198 0 3.397 -17.198 0 3.015 -16.852 0 2.71 -16.66 0 3.282
4 320 -17.965 0 4.122 -17.62 0 4.122 -17.62 0 4.389 -17.965 0 4.809
4 320 -17.62 0 4.122 -17.965 0 4.122 -17.889 0 4.008 -17.735 0 4.008
4 320 -17.505 0 4.504 -17.697 0 4.885 -17.965 0 4.809 -17.62 0 4.389
4 320 -16.583 0 4.542 -16.161 0 4.847 -16.276 0 5.076 -16.43 0 5.076
4 320 -14.165 0 5.229 -14.434 0 5.344 -14.741 0 4.962 -14.511 0 4.771
4 320 -13.704 0 3.702 -13.704 0 4.542 -14.319 0 4.427 -14.242 0 3.969
3 320 -13.704 0 4.542 -13.896 0 4.962 -14.165 0 5.229
4 320 -13.704 0 4.542 -14.165 0 5.229 -14.511 0 4.771 -14.319 0 4.427
4 320 -14.587 0 3.397 -14.203 0 3.092 -13.935 0 3.321 -14.319 0 3.511
4 320 -13.935 0 3.321 -13.704 0 3.702 -14.242 0 3.969 -14.319 0 3.511
4 320 -14.664 0 2.977 -14.779 0 3.397 -15.355 0 3.168 -15.086 0 3.015
4 320 -14.779 0 3.397 -15.086 0 3.702 -15.662 0 3.511 -15.355 0 3.168
4 320 -15.202 0 4.046 -15.777 0 4.58 -15.662 0 3.511 -15.086 0 3.702
3 320 -15.777 0 4.58 -15.777 0 3.931 -15.662 0 3.511
3 320 -15.202 0 4.046 -15.24 0 4.542 -15.777 0 4.58
4 0 11.209 0 3.664 11.171 0 2.786 11.593 0 2.519 12.361 0 2.977
4 0 9.251 0 3.397 9.981 0 3.397 11.209 0 3.664 9.06 0 4.16
3 0 9.981 0 3.397 10.441 0 3.244 11.209 0 3.664
4 0 9.443 0 .344 10.288 0 .496 10.058 0 1.26 9.443 0 1.145
4 0 10.672 0 3.092 11.171 0 2.786 11.209 0 3.664 10.441 0 3.244
3 0 10.672 0 3.092 10.902 0 2.939 11.171 0 2.786
4 0 11.593 0 2.519 12.207 0 2.176 13.282 0 2.519 12.361 0 2.977
3 0 11.977 0 1.145 12.591 0 1.489 12.207 0 2.176
4 0 11.747 0 1.908 11.094 0 .763 11.977 0 1.145 12.207 0 2.176
4 0 10.288 0 .496 11.094 0 .763 10.902 0 1.527 10.058 0 1.26
3 0 11.67 0 1.87 10.902 0 1.527 11.094 0 .763
4 0 8.253 0 .344 9.443 0 .344 9.443 0 1.145 8.752 0 1.107
4 0 8.752 0 1.107 8.522 0 1.107 7.409 0 .496 8.253 0 .344
3 0 8.522 0 1.107 7.37 0 1.298 7.409 0 .496
4 0 5.873 0 1.336 6.372 0 1.794 6.564 0 2.901 5.835 0 2.328
4 0 7.063 0 2.29 7.14 0 2.366 6.564 0 2.901 6.372 0 1.794
3 0 5.835 0 2.328 4.952 0 1.565 5.873 0 1.336
4 0 8.56 0 3.168 8.33 0 3.931 7.447 0 3.473 7.946 0 2.863
4 0 7.946 0 2.863 7.447 0 3.473 6.564 0 2.901 7.14 0 2.366
4 0 9.06 0 4.16 8.33 0 3.931 8.56 0 3.168 9.251 0 3.397
3 0 .691 0 2.901 .806 0 3.664 .192 0 3.931
4 0 .192 0 3.931 -.461 0 4.084 .192 0 3.13 .691 0 2.901
3 28 1.382 0 2.061 1.19 0 2.519 1.036 0 1.908
4 28 1.19 0 2.519 1.382 0 2.061 1.689 0 2.061 1.689 0 2.137
4 0 1.19 0 2.519 1.689 0 2.137 2.303 0 2.595 1.574 0 3.206
4 0 .691 0 2.901 1.19 0 2.519 1.574 0 3.206 1.152 0 3.511
4 0 1.689 0 2.061 1.382 0 2.061 1.036 0 1.908 1.497 0 1.336
3 0 1.689 0 2.061 1.497 0 1.336 1.766 0 1.336
4 0 1.689 0 2.137 1.689 0 2.061 1.766 0 1.336 2.303 0 2.595
4 0 -3.263 0 -3.55 -3.225 0 -3.55 -4.107 0 -3.206 -3.877 0 -3.359
4 0 -4.107 0 -3.206 -3.225 0 -3.55 -3.839 0 -2.519 -4.376 0 -3.092
3 0 -3.225 0 -3.55 -3.225 0 -2.748 -3.839 0 -2.519
4 0 -4.722 0 -2.863 -4.415 0 -2.137 -5.374 0 -2.252 -4.952 0 -2.672
4 0 -.115 0 1.603 .23 0 2.328 -.077 0 2.481 -.384 0 1.756
4 0 -1.228 0 1.794 -.384 0 1.756 -.077 0 2.481 -1.075 0 2.595
3 0 -.077 0 2.481 -.576 0 2.595 -1.075 0 2.595
4 28 -1.766 0 3.244 -2.534 0 3.092 -2.457 0 2.29 -1.804 0 2.481
4 0 -5.336 0 2.71 -5.681 0 2.405 -5.298 0 1.794 -4.952 0 2.099
3 0 -5.681 0 2.405 -5.835 0 2.328 -6.104 0 1.832
4 0 -6.104 0 1.832 -6.18 0 1.641 -6.372 0 .954 -5.681 0 2.405
3 0 -5.489 0 1.412 -5.298 0 1.794 -5.681 0 2.405
4 0 -4.798 0 1.031 -3.992 0 .763 -3.186 0 1.145 -4.415 0 1.412
4 0 -5.681 0 2.405 -6.372 0 .954 -5.643 0 .878 -5.489 0 1.412
4 28 -3.148 0 -1.908 -3.225 0 -2.748 -2.495 0 -2.939 -2.495 0 -2.099
4 0 -4.607 0 -.496 -4.299 0 -1.107 -3.608 0 -.84 -3.8 0 -.534
3 28 -1.958 0 -2.137 -2.495 0 -2.099 -2.495 0 -2.939
3 0 -4.952 0 .305 -4.798 0 -.229 -4.607 0 -.496
4 0 -3.263 0 -1.069 -3.608 0 -.84 -4.299 0 -1.107 -3.8 0 -1.603
3 0 -2.534 0 -1.336 -2.994 0 -1.183 -3.148 0 -1.908
4 28 -.115 0 -2.557 .038 0 -2.328 -.576 0 -1.87 -.729 0 -2.748
4 0 .384 0 -1.603 .038 0 -2.328 .845 0 -2.328 1.344 0 -1.794
3 0 .038 0 -2.328 -.115 0 -2.557 .845 0 -2.328
4 0 -.998 0 -3.626 .845 0 -2.328 -.115 0 -2.557 -.729 0 -2.748
4 28 -.576 0 -1.87 -1.305 0 -2.061 -1.344 0 -2.901 -.729 0 -2.748
4 0 -.729 0 -2.748 -1.344 0 -2.901 -1.305 0 -3.664 -.998 0 -3.626
4 0 -2.495 0 -2.939 -1.727 0 -3.74 -1.305 0 -3.664 -1.344 0 -2.901
4 28 -2.495 0 -2.939 -1.344 0 -2.901 -1.305 0 -2.061 -1.958 0 -2.137
4 0 -1.727 0 -3.74 -2.495 0 -2.939 -3.225 0 -3.55 -2.726 0 -3.702
3 0 -2.495 0 -2.939 -3.225 0 -2.748 -3.225 0 -3.55
4 28 -4.415 0 -2.137 -3.225 0 -2.748 -3.148 0 -1.908 -3.8 0 -1.603
3 28 -4.415 0 -2.137 -3.839 0 -2.519 -3.225 0 -2.748
3 28 -5.182 0 -1.031 -4.299 0 -1.107 -4.607 0 -.496
3 28 -3.8 0 -1.603 -4.299 0 -1.107 -5.182 0 -1.031
4 28 -3.8 0 -1.603 -5.182 0 -1.031 -4.875 0 -1.641 -4.415 0 -2.137
4 28 -5.182 0 -1.031 -4.607 0 -.496 -4.798 0 -.229 -5.336 0 -.802
4 28 -5.336 0 -.802 -4.798 0 -.229 -4.952 0 .305 -5.566 0 -.305
4 0 -6.411 0 .115 -5.681 0 .267 -5.643 0 .878 -6.372 0 .954
4 0 -5.681 0 .267 -6.411 0 .115 -6.18 0 -.649 -5.566 0 -.305
3 28 -4.952 0 .305 -4.914 0 .763 -5.643 0 .878
4 28 -5.566 0 -.305 -4.952 0 .305 -5.643 0 .878 -5.681 0 .267
4 28 -5.489 0 1.412 -4.798 0 1.031 -4.415 0 1.412 -4.952 0 2.099
3 28 -4.952 0 2.099 -5.298 0 1.794 -5.489 0 1.412
4 0 -3.34 0 2.824 -3.916 0 3.359 -4.491 0 3.13 -4.146 0 2.481
4 28 -3.148 0 2.023 -4.146 0 2.481 -4.952 0 2.099 -4.415 0 1.412
4 0 -1.766 0 3.244 -2.572 0 3.893 -3.186 0 3.702 -2.534 0 3.092
3 0 -3.186 0 3.702 -3.34 0 2.824 -2.534 0 3.092
4 28 -3.34 0 2.824 -4.146 0 2.481 -3.148 0 2.023 -2.534 0 3.092
3 28 -3.148 0 2.023 -2.457 0 2.29 -2.534 0 3.092
4 28 -1.804 0 2.481 -1.075 0 2.595 -1.152 0 3.321 -1.766 0 3.244
4 0 -2.572 0 3.893 -1.766 0 3.244 -1.152 0 3.321 -1.843 0 4.046
4 28 -1.075 0 2.595 -.576 0 2.595 -.461 0 3.282 -1.152 0 3.321
4 0 .537 0 .992 .845 0 1.756 .23 0 2.328 -.115 0 1.603
4 0 1.344 0 1.221 .921 0 1.756 .845 0 1.756 .537 0 .992
4 0 .576 0 .611 1.459 0 -.115 1.497 0 .649 1.344 0 .725
4 0 .921 0 1.756 1.344 0 1.221 1.497 0 1.336 1.036 0 1.908
3 28 2.188 0 .42 2.342 0 1.145 1.766 0 1.336
4 28 1.766 0 1.336 1.344 0 .725 1.497 0 .649 2.188 0 .42
4 28 .537 0 -.191 .115 0 -.191 -.192 0 -.954 .307 0 -.611
3 28 -.192 0 -.954 .307 0 -.725 .307 0 -.611
4 28 -2.994 0 -1.183 -2.534 0 -1.336 -1.075 0 -1.26 -.192 0 -.954
4 28 -3.608 0 -.84 -3.263 0 -1.069 -2.994 0 -1.183 -3.762 0 -.496
4 28 -.192 0 -.954 .115 0 -.191 -3.762 0 -.496 -2.994 0 -1.183
4 0 -4.607 0 -.496 -4.146 0 .305 -4.223 0 .382 -4.952 0 .305
4 0 -4.914 0 .763 -4.952 0 .305 -4.223 0 .382 -4.223 0 .534
4 0 -4.914 0 .763 -4.223 0 .534 -3.992 0 .763 -4.798 0 1.031
4 0 -4.607 0 -.496 -3.109 0 .344 -3.608 0 .344 -4.146 0 .305
4 0 -4.415 0 1.412 -3.186 0 1.145 -2.726 0 1.336 -3.148 0 2.023
4 0 -2.226 0 1.527 -2.457 0 2.29 -3.148 0 2.023 -2.342 0 1.489
3 0 -3.148 0 2.023 -2.726 0 1.336 -2.342 0 1.489
4 0 -2.226 0 1.527 -1.958 0 1.603 -1.843 0 1.641 -2.457 0 2.29
4 0 -2.457 0 2.29 -1.843 0 1.641 -1.228 0 1.794 -1.804 0 2.481
3 0 -1.228 0 1.794 -1.075 0 2.595 -1.804 0 2.481
4 0 2.649 0 .191 2.38 0 -.496 2.61 0 -.687 3.109 0 -.153
4 28 3.301 0 .611 3.109 0 -.153 3.378 0 -.496 3.916 0 0
4 0 3.916 0 0 4.261 0 .878 3.532 0 1.298 3.301 0 .611
4 0 3.877 0 -2.595 4.568 0 -2.405 4.338 0 -1.565 4.146 0 -1.794
3 0 3.762 0 -1.756 3.647 0 -1.527 2.994 0 -1.832
4 28 3.608 0 -.992 3.647 0 -1.527 4.338 0 -1.565 4.338 0 -1.145
3 28 3.647 0 -1.527 3.762 0 -1.756 4.338 0 -1.565
4 0 3.647 0 -1.527 3.608 0 -.992 2.61 0 -.763 2.994 0 -1.832
3 28 4.223 0 -.649 3.916 0 0 3.378 0 -.496
4 28 4.338 0 -1.145 4.223 0 -.649 3.378 0 -.496 3.608 0 -.992
3 0 3.608 0 -.992 3.378 0 -.496 3.109 0 -.153
4 0 2.61 0 -.763 3.608 0 -.992 3.109 0 -.153 2.61 0 -.687
4 28 2.841 0 .916 2.649 0 .191 3.109 0 -.153 3.301 0 .611
4 0 1.651 0 -.153 2.38 0 -.496 2.649 0 .191 2.188 0 .42
4 0 1.651 0 -.153 2.188 0 .42 1.497 0 .649 1.459 0 -.115
3 0 .576 0 .611 1.344 0 .725 1.267 0 .992
4 0 1.344 0 1.221 .537 0 .992 .576 0 .611 1.267 0 .992
4 28 1.766 0 1.336 1.497 0 1.336 1.344 0 1.221 1.267 0 .992
3 28 1.267 0 .992 1.344 0 .725 1.766 0 1.336
4 28 1.267 0 -.382 .96 0 -.84 2.303 0 -1.26 2.61 0 -.763
3 28 1.459 0 -.115 1.267 0 -.382 2.61 0 -.763
4 28 1.459 0 -.115 2.61 0 -.763 2.61 0 -.687 2.38 0 -.496
4 28 2.111 0 -1.679 1.113 0 -1.565 1.344 0 -1.794 1.958 0 -1.794
4 0 2.418 0 -2.405 2.764 0 -1.985 2.303 0 -1.26 2.111 0 -1.679
4 0 2.61 0 -.763 2.303 0 -1.26 2.764 0 -1.985 2.994 0 -1.832
4 0 1.113 0 -1.565 .998 0 -1.145 .345 0 -1.489 .384 0 -1.603
3 0 1.344 0 -1.794 1.113 0 -1.565 .384 0 -1.603
3 0 2.111 0 -1.679 1.958 0 -1.794 2.418 0 -2.405
4 0 .921 0 -3.55 1.996 0 -4.275 2.418 0 -2.405 1.459 0 -2.672
3 28 2.111 0 -1.679 2.303 0 -1.26 .96 0 -.84
4 28 .998 0 -1.145 1.113 0 -1.565 2.111 0 -1.679 .96 0 -.84
4 0 .96 0 -.84 .307 0 -.725 .345 0 -1.489 .998 0 -1.145
3 28 2.38 0 -.496 1.651 0 -.153 1.459 0 -.115
3 0 1.459 0 -.115 .576 0 .611 .384 0 .611
4 0 .537 0 -.191 1.267 0 -.382 1.459 0 -.115 .384 0 .611
3 0 .96 0 -.84 1.267 0 -.382 .537 0 -.191
4 0 .307 0 -.725 .96 0 -.84 .537 0 -.191 .307 0 -.611
4 0 .307 0 -.725 -.192 0 -.954 -.576 0 -1.87 .345 0 -1.489
4 0 -3.148 0 -1.908 -2.495 0 -2.099 -1.958 0 -2.137 -2.534 0 -1.336
4 0 -1.305 0 -2.061 -1.075 0 -1.26 -2.534 0 -1.336 -1.958 0 -2.137
4 0 -1.305 0 -2.061 -.576 0 -1.87 -.192 0 -.954 -1.075 0 -1.26
4 0 -3.8 0 -1.603 -3.148 0 -1.908 -2.994 0 -1.183 -3.263 0 -1.069
3 28 -3.762 0 -.496 -3.8 0 -.534 -3.608 0 -.84
4 0 .537 0 -.191 .384 0 .611 -3.109 0 .344 .115 0 -.191
3 0 -3.109 0 .344 -3.762 0 -.496 .115 0 -.191
4 0 -3.762 0 -.496 -3.109 0 .344 -4.607 0 -.496 -3.8 0 -.534
4 0 6.334 0 -.115 5.029 0 -.076 5.029 0 -.954 5.643 0 -1.26
4 0 7.179 0 -.229 6.334 0 -.115 5.643 0 -1.26 6.564 0 -1.565
3 0 3.877 0 -2.595 4.338 0 -2.557 4.568 0 -2.405
4 0 7.908 0 -.382 7.179 0 -.229 6.564 0 -1.565 7.332 0 -1.718
4 0 7.332 0 -1.718 8.676 0 -1.794 8.983 0 -.42 7.908 0 -.382
4 28 7.332 0 -1.718 7.754 0 -2.481 8.56 0 -2.443 8.676 0 -1.794
4 0 9.06 0 -1.908 9.674 0 -1.45 8.983 0 -.42 8.676 0 -1.794
4 0 8.983 0 -2.29 8.56 0 -2.443 8.484 0 -3.244 9.482 0 -2.824
4 0 9.482 0 -2.824 9.635 0 -2.748 9.866 0 -2.328 8.983 0 -2.29
3 0 9.866 0 -2.328 9.175 0 -2.099 8.983 0 -2.29
4 0 9.482 0 -2.824 8.484 0 -3.244 8.752 0 -3.206 9.251 0 -3.015
4 28 8.56 0 -2.443 8.983 0 -2.29 9.06 0 -1.908 8.676 0 -1.794
4 0 6.987 0 -3.206 7.562 0 -3.244 7.754 0 -2.481 6.948 0 -2.405
4 28 7.754 0 -2.481 7.332 0 -1.718 6.564 0 -1.565 6.948 0 -2.405
4 0 5.912 0 -2.137 6.219 0 -3.053 6.987 0 -3.206 6.948 0 -2.405
4 0 6.219 0 -3.053 5.912 0 -2.137 5.144 0 -1.832 5.182 0 -2.71
3 0 5.144 0 -1.832 4.568 0 -2.405 5.182 0 -2.71
4 0 4.338 0 -1.565 4.568 0 -2.405 5.144 0 -1.832 5.029 0 -1.756
3 0 4.338 0 -1.145 4.338 0 -1.565 5.029 0 -1.756
4 0 4.99 0 -.954 4.223 0 -.649 4.338 0 -1.145 5.029 0 -1.756
4 0 .845 0 -2.328 1.152 0 -2.481 1.459 0 -2.519 1.344 0 -1.794
4 0 1.958 0 -1.794 1.459 0 -2.519 1.459 0 -2.672 2.418 0 -2.405
3 0 1.958 0 -1.794 1.344 0 -1.794 1.459 0 -2.519
4 28 1.459 0 -2.672 1.152 0 -2.481 .845 0 -2.328 .576 0 -2.824
3 28 1.459 0 -2.672 1.459 0 -2.519 1.152 0 -2.481
4 0 .461 0 -4.237 .998 0 -5.267 1.996 0 -4.275 .921 0 -3.55
3 0 .461 0 -4.237 .921 0 -5.153 .998 0 -5.267
4 0 .038 0 -5.725 .614 0 -5.191 .461 0 -4.237 -.345 0 -5.076
3 0 .614 0 -5.191 .921 0 -5.153 .461 0 -4.237
4 0 -.422 0 -6.031 .038 0 -5.725 -.345 0 -5.076 -.768 0 -5.305
4 0 -.998 0 -3.626 -1.382 0 -4.008 -1.574 0 -4.237 -1.881 0 -4.771
4 0 -1.881 0 -4.771 -.96 0 -4.656 .845 0 -2.328 -.998 0 -3.626
4 0 -.96 0 -4.656 -1.881 0 -4.771 -2.073 0 -5.305 -1.305 0 -5.191
3 0 -2.073 0 -5.305 -1.344 0 -5.382 -1.305 0 -5.191
4 28 -.96 0 -4.656 -.345 0 -5.076 .461 0 -4.237 -.461 0 -4.198
3 0 .576 0 -2.824 .845 0 -2.328 -.96 0 -4.656
4 0 -.96 0 -4.656 -.461 0 -4.198 .077 0 -3.55 .576 0 -2.824
4 28 1.459 0 -2.672 .576 0 -2.824 .077 0 -3.55 .921 0 -3.55
4 28 -.461 0 -4.198 .461 0 -4.237 .921 0 -3.55 .077 0 -3.55
3 288 5.528 0 -7.672 5.681 0 -7.137 5.451 0 -7.137
4 288 5.988 0 -5.229 6.641 0 -4.237 5.72 0 -4.389 5.413 0 -5.229
4 288 5.988 0 -5.229 6.488 0 -5.115 7.639 0 -4.237 6.641 0 -4.237
4 288 12.207 0 -4.466 11.171 0 -4.389 13.589 0 -4.618 13.205 0 -4.542
4 288 13.589 0 -4.618 11.132 0 -5.191 12.438 0 -5.115 13.704 0 -4.695
3 288 13.704 0 -4.695 12.438 0 -5.115 12.668 0 -5.115
4 288 13.282 0 -5 13.704 0 -4.847 13.704 0 -4.695 12.668 0 -5.115
4 288 10.595 0 -4.504 10.096 0 -4.504 9.827 0 -5.305 10.48 0 -5.344
3 288 10.595 0 -4.504 10.48 0 -5.344 11.132 0 -5.191
4 288 13.589 0 -4.618 11.171 0 -4.389 10.595 0 -4.504 11.132 0 -5.191
4 288 9.827 0 -5.305 10.096 0 -4.504 9.482 0 -4.198 9.29 0 -5.038
4 288 9.29 0 -5.038 9.482 0 -4.198 7.754 0 -4.198 8.292 0 -5.038
4 288 6.488 0 -5.115 8.292 0 -5.038 7.754 0 -4.198 7.639 0 -4.237
4 288 5.528 0 -7.672 5.451 0 -7.137 5.182 0 -7.252 5.182 0 -7.481
4 288 -5.681 0 -4.733 -5.72 0 -4.924 -5.413 0 -5.038 -5.489 0 -4.695
4 288 -7.639 0 -5.038 -7.217 0 -4.962 -7.102 0 -4.618 -7.486 0 -4.466
3 288 -7.217 0 -4.962 -7.063 0 -4.809 -7.102 0 -4.618
3 288 -8.983 0 -4.313 -9.827 0 -4.313 -10.403 0 -4.389
4 288 -7.486 0 -4.466 -7.831 0 -4.389 -8.983 0 -4.313 -7.639 0 -5.038
3 288 -8.983 0 -4.313 -8.445 0 -5.191 -7.639 0 -5.038
4 288 -11.248 0 -5 -11.363 0 -4.542 -11.516 0 -4.618 -11.478 0 -4.809
4 288 -10.403 0 -4.389 -11.363 0 -4.542 -11.248 0 -5 -10.864 0 -5.115
4 288 -8.983 0 -4.313 -10.403 0 -4.389 -10.864 0 -5.115 -8.445 0 -5.191
4 288 9.136 0 -7.672 9.021 0 -7.061 7.754 0 -6.985 8.253 0 -7.824
4 288 9.482 0 -7.214 9.251 0 -7.137 9.021 0 -7.061 9.136 0 -7.672
3 288 9.251 0 -7.137 9.175 0 -7.099 9.021 0 -7.061
4 288 9.559 0 -7.519 9.559 0 -7.29 9.482 0 -7.214 9.136 0 -7.672
4 288 7.754 0 -6.985 6.987 0 -6.947 6.679 0 -7.786 8.253 0 -7.824
4 288 5.528 0 -7.672 5.797 0 -7.748 6.679 0 -7.786 6.987 0 -6.947
4 288 5.528 0 -7.672 6.987 0 -6.947 6.334 0 -7.023 5.681 0 -7.137
3 288 -1.344 0 -7.176 -1.459 0 -7.176 -.845 0 -7.366
4 288 -.845 0 -7.366 -.883 0 -7.214 -1.075 0 -7.176 -1.344 0 -7.176
4 288 -1.42 0 -7.71 -1.459 0 -7.176 -2.188 0 -7.061 -1.958 0 -7.786
4 288 -1.958 0 -7.786 -2.188 0 -7.061 -2.649 0 -7.023 -3.378 0 -7.863
4 288 -2.649 0 -7.023 -5.566 0 -6.985 -4.223 0 -7.863 -3.378 0 -7.863
4 288 -5.835 0 -7.061 -6.257 0 -7.748 -5.259 0 -7.786 -5.566 0 -6.985
4 288 -5.259 0 -7.786 -4.914 0 -7.824 -4.223 0 -7.863 -5.566 0 -6.985
4 288 -6.987 0 -7.252 -6.679 0 -7.634 -6.411 0 -7.176 -6.756 0 -7.176
4 288 -5.835 0 -7.061 -6.411 0 -7.176 -6.679 0 -7.634 -6.257 0 -7.748
4 288 -7.025 0 -7.366 -6.948 0 -7.519 -6.679 0 -7.634 -6.987 0 -7.252
4 0 -9.866 0 -2.443 -9.904 0 -1.641 -11.823 0 -1.756 -10.979 0 -2.519
3 0 11.747 0 1.908 11.67 0 1.87 11.094 0 .763
4 320 -13.551 0 1.221 -13.205 0 1.298 -13.359 0 2.137 -14.319 0 1.183
3 320 -13.359 0 2.137 -13.896 0 2.061 -14.319 0 1.183
4 16 -14.319 0 1.183 -15.432 0 -.191 -14.818 0 -.115 -13.551 0 1.221
4 16 -9.443 0 -.038 -13.205 0 1.298 -13.551 0 1.221 -14.818 0 -.115
4 320 -8.023 0 4.275 -8.1 0 3.779 -7.524 0 4.313 -7.754 0 4.313
3 0 -18.311 0 -2.939 -19.693 0 -2.29 -19.117 0 -3.015
3 288 4.837 0 -5.115 4.107 0 -4.275 3.57 0 -4.084
4 288 4.837 0 -5.115 3.57 0 -4.084 3.493 0 -4.466 4.338 0 -5.115
4 288 4.338 0 -5.115 3.493 0 -4.466 3.301 0 -5.267 3.724 0 -5.267
3 16 19.578 0 .611 19.578 0 -.496 20 0 0
4 16 20 0 10 19.578 0 2.824 19.578 0 .611 20 0 0
4 16 20 0 -10 20 0 0 19.578 0 -.496 19.578 0 -2.099
3 16 1.42 0 -9.771 .653 0 -9.771 0 0 -10
3 0 .653 0 -9.771 .077 0 -8.893 -1.29 0 -9.77
4 0 1.996 0 -4.275 .576 0 -6.832 .077 0 -8.893 .653 0 -9.771
3 0 .576 0 -6.832 1.996 0 -4.275 .998 0 -5.267
4 16 .614 0 -5.191 .576 0 -6.832 .998 0 -5.267 .921 0 -5.153
3 16 .576 0 -6.832 .614 0 -5.191 .038 0 -5.725
4 16 -.845 0 -7.366 .576 0 -6.832 .038 0 -5.725 -.422 0 -6.031
3 0 1.42 0 -9.771 3.8 0 -9.771 2.303 0 -9.084
4 0 2.956 0 -3.473 1.42 0 -9.771 2.303 0 -9.084 3.301 0 -5.267
4 16 2.303 0 -9.084 5.182 0 -7.481 3.724 0 -5.267 3.301 0 -5.267
4 16 5.528 0 -7.672 5.182 0 -7.481 2.303 0 -9.084 3.8 0 -9.771
3 16 5.528 0 -7.672 3.8 0 -9.771 5.797 0 -7.748
3 16 8.253 0 -7.824 6.679 0 -7.786 3.8 0 -9.771
3 16 3.8 0 -9.771 6.679 0 -7.786 5.797 0 -7.748
4 28 1.996 0 -4.275 .653 0 -9.771 1.42 0 -9.771 2.956 0 -3.473
4 16 1.42 0 -9.771 0 0 -10 20 0 -10 3.8 0 -9.771
4 16 .653 0 -9.771 -1.29 0 -9.77 -20 0 -10 0 0 -10
4 16 -.845 0 -7.366 -.96 0 -7.519 .077 0 -8.893 .576 0 -6.832
3 16 -.96 0 -7.519 -1.42 0 -7.71 .077 0 -8.893
3 16 -1.42 0 -7.71 -1.958 0 -7.786 .077 0 -8.893
4 16 -1.29 0 -9.77 .077 0 -8.893 -1.958 0 -7.786 -3.378 0 -7.863
4 16 -5.259 0 -7.786 -6.257 0 -7.748 -20 0 -10 -1.29 0 -9.77
3 16 -5.259 0 -7.786 -1.29 0 -9.77 -4.914 0 -7.824
3 16 -4.914 0 -7.824 -1.29 0 -9.77 -4.223 0 -7.863
3 16 -4.223 0 -7.863 -1.29 0 -9.77 -3.378 0 -7.863
3 16 2.687 0 9.771 3.493 0 9.771 0 0 10
4 16 -20 0 10 .653 0 9.771 2.687 0 9.771 0 0 10
4 16 0 0 10 3.493 0 9.771 5.259 0 9.771 20 0 10
3 0 .653 0 9.771 1.996 0 9.084 2.687 0 9.771
3 16 .614 0 8.511 .921 0 7.595 1.996 0 9.084
3 16 .461 0 8.702 .614 0 8.511 1.996 0 9.084
4 16 .653 0 9.771 .307 0 8.893 .461 0 8.702 1.996 0 9.084
3 16 .307 0 8.893 .653 0 9.771 -.269 0 8.969
3 16 -.269 0 8.969 .653 0 9.771 -.729 0 8.893
3 16 -2.342 0 8.55 -1.651 0 8.74 .653 0 9.771
4 16 -1.651 0 8.74 -1.267 0 8.779 -.729 0 8.893 .653 0 9.771
3 16 -19.693 0 -2.29 -19.693 0 -1.45 -20 0 0
4 16 -20 0 -10 -19.693 0 -4.16 -19.693 0 -2.29 -20 0 0
4 16 -19.693 0 -1.45 -19.693 0 -.076 -20 0 10 -20 0 0
3 0 3.493 0 9.771 4.223 0 9.084 5.259 0 9.771
3 16 5.259 0 9.771 4.223 0 9.084 9.443 0 6.145
3 16 9.443 0 6.145 4.223 0 9.084 8.676 0 5.992
3 16 8.676 0 5.992 4.223 0 9.084 7.869 0 5.687
3 16 7.869 0 5.687 4.223 0 9.084 4.223 0 8.092