0 Tile  1 x  2 with Mail Envelope with Black "SELECTED WINNER!" and Red "JUNK MAIL" Pattern
0 Name: 3069bp67.dat
0 Author: Peter Grass [Evilspyre]
0 !LDRAW_ORG Part UPDATE 2026-01
0 !LICENSE Licensed under CC BY 4.0 : see CAreadme.txt

0 BFC CERTIFY CCW

0 !KEYWORDS Rebrickable 3069bpr0434, Set 10339, Set 60495, Set 76457, Set 910050

0 !HISTORY 2026-01-29 [OrionP] Official Update 2026-01

1 16 0 0 0 1 0 0 0 1 0 0 0 1 s\3069bs01.dat
3 16 -14.797 0 9.412 -16.984 0 9.412 -16.984 0 8.64
4 16 -17.663 0 7.721 -14.797 0 8.64 -14.797 0 9.412 -16.984 0 8.64
3 16 -14.797 0 9.412 -12.422 0 9.412 -20 0 10
4 16 0 0 10 -20 0 10 -10.273 0 9.412 -7.936 0 9.412
4 16 -12.422 0 9.412 -12.422 0 8.64 -10.273 0 8.64 -10.273 0 9.412
3 16 -12.422 0 9.412 -10.273 0 9.412 -20 0 10
4 16 -7.936 0 9.412 -7.936 0 8.64 -5.749 0 8.64 -5.749 0 9.412
4 16 11.932 0 7.684 10.16 0 8.64 7.823 0 8.64 4.535 0 7.693
4 16 -1.225 0 8.64 -1.225 0 9.412 -3.412 0 9.412 -3.412 0 8.64
4 16 3.299 0 8.64 3.299 0 9.412 1.112 0 9.412 1.112 0 8.64
4 16 12.271 0 4.154 13.591 0 1.691 13.591 0 8.051 12.271 0 7.353
4 16 7.823 0 8.64 7.823 0 9.412 5.636 0 9.412 5.636 0 8.64
4 16 14.684 0 8.64 12.347 0 8.64 12.271 0 7.353 13.591 0 8.051
3 16 12.347 0 8.64 12.121 0 7.537 12.271 0 7.353
3 16 12.347 0 9.412 14.684 0 9.412 20 0 10
3 16 16.871 0 9.412 19.208 0 9.412 20 0 10
4 16 13.591 0 8.051 19.208 0 8.051 16.871 0 8.64 14.684 0 8.64
3 16 12.347 0 9.412 10.16 0 9.412 10.16 0 8.64
3 16 10.16 0 9.412 12.347 0 9.412 20 0 10
3 16 19.208 0 9.412 19.208 0 8.64 20 0 10
4 16 16.871 0 8.64 16.871 0 9.412 14.684 0 9.412 14.684 0 8.64
3 16 19.208 0 8.64 16.871 0 8.64 19.208 0 8.051
3 16 14.684 0 9.412 16.871 0 9.412 20 0 10
3 16 19.208 0 8.051 19.208 0 1.691 20 0 10
3 16 19.208 0 8.64 19.208 0 8.051 20 0 10
4 16 12.347 0 9.412 10.16 0 8.64 11.932 0 7.684 12.347 0 8.64
3 16 11.932 0 7.684 12.121 0 7.537 12.347 0 8.64
3 16 13.591 0 1.691 12.271 0 4.154 12.121 0 3.897
3 16 12.121 0 3.897 11.857 0 3.787 13.591 0 1.691
4 16 -18.115 0 7.243 -18.643 0 7.206 -18.643 0 4.743 -18.115 0 4.228
4 16 -18.002 0 7.5 -19.284 0 8.64 -18.643 0 7.206 -18.115 0 7.243
3 16 -17.851 0 7.647 -17.776 0 7.684 -16.984 0 8.64
4 16 -18.002 0 7.5 -17.851 0 7.647 -16.984 0 8.64 -19.284 0 8.64
3 16 -16.984 0 8.64 -17.776 0 7.684 -17.663 0 7.721
4 16 14.27 0 4.522 14.383 0 4.265 14.345 0 5.368 14.156 0 5.184
4 16 15.137 0 7.39 15.702 0 7.243 15.589 0 7.463 15.137 0 7.463
4 16 18.567 0 4.559 18.417 0 5.441 18.002 0 6.838 18.454 0 4.412
3 16 18.417 0 5.441 18.454 0 5.662 18.492 0 6.507
4 16 16.607 0 7.463 16.155 0 7.463 16.079 0 7.316 16.72 0 7.243
4 16 17.097 0 7.243 16.909 0 7.206 18.002 0 6.838 17.813 0 7.206
3 16 18.53 0 6.985 18.68 0 7.059 18.68 0 7.463
4 16 18.228 0 7.463 18.228 0 7.39 18.53 0 6.985 18.68 0 7.463
4 16 17.663 0 7.39 17.663 0 7.463 17.21 0 7.463 17.097 0 7.243
3 16 17.097 0 7.243 17.813 0 7.206 17.663 0 7.39
4 16 18.417 0 5.441 18.492 0 6.507 18.417 0 6.801 18.002 0 6.838
3 16 18.002 0 6.838 18.417 0 6.801 18.53 0 6.985
4 16 18.002 0 6.838 18.53 0 6.985 18.228 0 7.39 18.04 0 7.206
4 16 18.567 0 5.809 18.68 0 6.434 18.492 0 6.507 18.454 0 5.662
3 16 18.68 0 5.809 18.68 0 6.434 18.567 0 5.809
4 16 18.68 0 4.559 18.53 0 5.221 18.417 0 5.441 18.567 0 4.559
4 16 14.76 0 2.904 15.024 0 2.5 15.664 0 2.463 15.853 0 2.537
3 16 18.567 0 3.934 18.492 0 3.235 18.643 0 3.309
4 16 18.68 0 3.934 18.567 0 3.934 18.643 0 3.309 18.68 0 3.382
3 16 18.68 0 4.559 18.68 0 5.184 18.53 0 5.221
4 16 17.776 0 2.5 17.889 0 2.537 18.002 0 2.941 16.909 0 2.537
3 16 18.567 0 3.934 18.454 0 4.081 18.002 0 2.941
4 16 18.228 0 2.243 18.454 0 2.831 18.417 0 3.015 18.115 0 2.463
4 16 17.889 0 2.537 18.115 0 2.463 18.417 0 3.015 18.002 0 2.941
3 16 18.228 0 2.243 18.567 0 2.684 18.454 0 2.831
4 16 18.68 0 2.243 18.68 0 2.684 18.567 0 2.684 18.228 0 2.243
4 16 17.097 0 2.463 17.21 0 2.243 17.625 0 2.243 17.7 0 2.316
4 16 17.776 0 2.5 16.909 0 2.537 17.097 0 2.463 17.7 0 2.316
3 16 14.76 0 2.904 15.853 0 2.537 16.041 0 2.5
4 16 14.76 0 2.904 16.041 0 2.5 16.909 0 2.537 18.002 0 2.941
3 16 16.72 0 2.463 16.909 0 2.537 16.041 0 2.5
4 16 18.002 0 6.838 18.002 0 2.941 18.454 0 4.081 18.454 0 4.412
4 16 16.72 0 2.463 16.041 0 2.5 16.192 0 2.243 16.607 0 2.243
4 16 15.137 0 2.243 15.589 0 2.243 15.664 0 2.463 15.024 0 2.5
4 16 15.024 0 2.5 14.76 0 2.904 14.27 0 2.721 14.873 0 2.537
3 16 14.27 0 2.721 14.684 0 2.463 14.873 0 2.537
3 16 14.383 0 5.515 14.345 0 5.368 14.383 0 4.265
3 16 14.383 0 2.978 14.27 0 2.721 14.76 0 2.904
3 16 14.081 0 2.684 14.081 0 2.243 14.533 0 2.243
4 16 14.684 0 2.463 14.27 0 2.721 14.081 0 2.684 14.533 0 2.243
4 16 14.194 0 3.934 14.194 0 3.309 14.345 0 3.162 14.345 0 4.118
4 16 14.383 0 2.978 14.383 0 4.265 14.345 0 4.118 14.345 0 3.162
4 16 14.081 0 3.309 14.194 0 3.309 14.194 0 3.934 14.081 0 3.971
4 16 14.081 0 4.559 14.27 0 4.522 14.156 0 5.184 14.081 0 5.184
4 16 14.948 0 7.206 14.76 0 6.838 18.002 0 6.838 15.891 0 7.206
4 16 16.079 0 7.316 15.891 0 7.206 18.002 0 6.838 16.72 0 7.243
3 16 18.002 0 6.838 16.909 0 7.206 16.72 0 7.243
4 16 14.383 0 4.265 14.76 0 2.904 14.76 0 6.838 14.383 0 5.515
4 16 14.194 0 6.434 14.081 0 6.434 14.081 0 5.809 14.27 0 5.772
4 16 14.383 0 5.515 14.345 0 6.618 14.194 0 6.434 14.27 0 5.772
4 16 14.232 0 7.059 14.76 0 6.838 14.948 0 7.206 14.722 0 7.206
3 16 14.232 0 7.059 14.345 0 6.875 14.76 0 6.838
3 16 14.722 0 7.206 14.533 0 7.463 14.081 0 7.463
4 16 14.081 0 7.059 14.232 0 7.059 14.722 0 7.206 14.081 0 7.463
4 16 -18.115 0 4.228 -18.643 0 4.743 -19.397 0 4.743 -19.397 0 2.5
3 16 -20 0 10 -19.397 0 4.743 -19.397 0 7.206
4 16 -19.284 0 8.64 -20 0 10 -19.397 0 7.206 -18.643 0 7.206
3 16 -19.284 0 8.64 -19.284 0 9.412 -20 0 10
3 16 17.813 0 7.206 18.002 0 6.838 18.04 0 7.206
4 16 18.567 0 3.934 18.002 0 2.941 18.417 0 3.015 18.492 0 3.235
3 16 14.383 0 2.978 14.76 0 2.904 14.383 0 4.265
3 16 15.891 0 7.206 15.702 0 7.243 14.948 0 7.206
3 16 15.702 0 7.243 15.137 0 7.39 14.948 0 7.206
4 16 14.383 0 5.515 14.76 0 6.838 14.345 0 6.875 14.345 0 6.618
3 16 17.286 0 5.074 17.286 0 6.029 17.21 0 5.11
4 16 15.514 0 6.029 16.795 0 5.294 17.21 0 5.11 17.286 0 6.029
3 16 15.514 0 6.029 16.192 0 5.331 16.795 0 5.294
3 16 15.853 0 5.257 15.514 0 6.029 15.589 0 5.147
3 16 15.589 0 5.147 15.514 0 6.029 15.514 0 5.11
4 16 16.079 0 5.294 16.192 0 5.331 15.514 0 6.029 15.853 0 5.257
4 16 3.412 0 .441 -.207 0 2.904 -.057 0 2.574 3.186 0 .368
4 16 3.186 0 .368 -.057 0 2.574 .019 0 1.912 2.846 0 .11
4 16 2.846 0 .11 .019 0 1.912 .17 0 .699 2.582 0 -.257
4 16 -1.791 0 2.279 -.396 0 1.029 -.66 0 2.463 -1.64 0 2.316
3 16 -.396 0 1.029 -.584 0 2.39 -.66 0 2.463
4 16 -.396 0 1.029 -1.791 0 2.279 -3.11 0 2.096 -.17 0 0
4 16 -10.009 0 1.507 -9.821 0 1.507 -4.769 0 2.206 -4.505 0 2.353
4 16 -10.009 0 1.507 -4.505 0 2.353 -4.279 0 2.426 -10.273 0 1.544
4 16 -19.397 0 2.5 -18.68 0 2.5 -17.964 0 3.934 -18.115 0 4.228
4 16 -18.643 0 -4.632 -16.041 0 -5.625 -16.569 0 -2.206 -18.643 0 -2.169
4 16 -16.268 0 .699 -17.738 0 3.787 -17.964 0 3.934 -16.532 0 .625
3 16 -15.702 0 -7.279 -15.966 0 -6.287 -18.643 0 -6.875
4 16 -15.551 0 -7.61 -15.702 0 -7.279 -18.643 0 -6.875 -17.172 0 -8.566
4 16 -16.607 0 -1.765 -16.871 0 -.037 -18.643 0 -2.169 -16.569 0 -2.206
4 16 -17.964 0 3.934 -18.68 0 2.5 -18.68 0 .074 -16.532 0 .625
3 16 -18.68 0 .074 -16.795 0 .331 -16.532 0 .625
3 16 -17.738 0 3.787 -16.268 0 .699 -12.535 0 1.287
3 16 -17.738 0 3.787 -12.535 0 1.287 -11.103 0 1.471
4 16 -4.279 0 2.426 -17.738 0 3.787 -11.103 0 1.471 -10.273 0 1.544
4 16 18.454 0 1.103 19.208 0 1.103 19.208 0 1.691 13.591 0 1.691
3 16 20 0 -10 19.208 0 -.147 19.208 0 -2.39
4 16 18.454 0 1.103 17.323 0 .294 17.7 0 -.074 18.454 0 -.147
4 16 -4.769 0 2 -4.844 0 2.096 -6.466 0 1.103 -6.466 0 .7
3 4 -7.22 0 -1.471 -7.333 0 -1.287 -7.37 0 -1.397
4 16 -7.22 0 -1.471 -7.37 0 -1.397 -7.182 0 -2.617 -6.579 0 -2.5
4 16 -10.914 0 -2.904 -10.311 0 -3.088 -10.349 0 -2.831 -10.839 0 -2.647
4 16 -9.821 0 1.324 -10.16 0 1.176 -10.198 0 .441 -9.482 0 .565
4 16 18.454 0 1.103 13.591 0 1.691 16.909 0 .441 17.21 0 .368
3 16 18.454 0 1.103 17.21 0 .368 17.323 0 .294
3 16 18.454 0 -.147 17.7 0 -.074 17.851 0 -.478
4 16 18.454 0 -2.39 19.208 0 -2.39 19.208 0 -.147 18.454 0 -.147
4 16 18.454 0 -4.853 17.813 0 -7.059 18.454 0 -7.096 19.208 0 -7.096
3 16 -12.686 0 -9.375 -14.835 0 -9.375 -20 0 -10
4 16 2.507 0 -.662 2.582 0 -.257 .17 0 -.221 .094 0 -.368
4 16 .886 0 -3.235 2.507 0 -.662 .094 0 -.368 .811 0 -3.235
3 16 .17 0 .699 .17 0 -.221 2.582 0 -.257
4 16 -.207 0 2.904 3.412 0 .441 16.909 0 .441 13.591 0 1.691
3 16 -10.311 0 -3.088 -10.914 0 -2.904 -11.14 0 -3.162
4 16 -13.289 0 -3.419 -12.271 0 -3.272 -12.535 0 -3.015 -13.063 0 -3.051
4 16 -11.48 0 -2.463 -12.008 0 -2.5 -11.894 0 -2.647 -11.706 0 -2.647
3 16 -11.517 0 -2.574 -11.48 0 -2.463 -11.706 0 -2.647
4 16 -13.553 0 -3.64 -11.857 0 -3.382 -12.271 0 -3.272 -13.289 0 -3.419
4 16 -15.476 0 -5.956 -15.401 0 -6.618 -13.553 0 -3.64 -13.893 0 -3.713
3 16 -15.778 0 -3.713 -14.647 0 -3.529 -14.835 0 -3.199
4 16 -15.778 0 -3.713 -15.476 0 -5.956 -14.27 0 -3.713 -14.647 0 -3.529
3 16 -13.893 0 -3.713 -14.27 0 -3.713 -15.476 0 -5.956
4 16 -14.948 0 -2.243 -14.684 0 -.956 -16.343 0 -.037 -15.778 0 -3.713
3 16 -14.835 0 -3.199 -14.948 0 -2.61 -15.778 0 -3.713
3 16 -14.948 0 -2.61 -14.948 0 -2.243 -15.778 0 -3.713
4 16 -13.742 0 -2.757 -14.27 0 -2.647 -14.194 0 -2.941 -14.006 0 -3.015
3 16 -13.779 0 -2.941 -13.742 0 -2.757 -14.006 0 -3.015
4 16 -19.397 0 -4.632 -19.397 0 -6.875 -18.643 0 -6.875 -18.643 0 -4.632
3 16 -20 0 -10 -19.397 0 -4.632 -19.397 0 -2.169
3 16 3.374 0 -7.831 3.11 0 -7.721 3.223 0 -8.566
4 16 -4.769 0 2 -6.466 0 .7 -6.579 0 -1.213 -3.563 0 -2.61
3 16 20 0 -10 19.208 0 -2.39 19.208 0 -4.853
3 16 19.208 0 -4.853 18.454 0 -4.853 19.208 0 -7.096
3 16 20 0 -10 19.208 0 -4.853 19.208 0 -7.096
4 16 18.454 0 -4.853 18.454 0 -2.39 17.851 0 -.478 17.813 0 -7.059
3 16 17.851 0 -.478 18.454 0 -2.39 18.454 0 -.147
4 16 -8.2 0 -3.493 -7.22 0 -3.309 -7.861 0 -2.721 -8.351 0 -2.794
3 16 .999 0 -3.382 2.507 0 -.662 .886 0 -3.235
4 16 2.545 0 -6.985 2.507 0 -.662 .999 0 -3.382 1.188 0 -4.007
3 16 1.489 0 -5.956 1.414 0 -6.25 2.545 0 -6.985
3 16 1.414 0 -6.25 1.225 0 -6.471 2.545 0 -6.985
4 16 -18.643 0 -6.875 -15.966 0 -6.287 -16.041 0 -5.625 -18.643 0 -4.632
4 16 -15.551 0 -7.61 -17.172 0 -8.566 -14.835 0 -8.566 -15.438 0 -7.61
4 16 -20 0 -10 -17.172 0 -9.375 -18.643 0 -9.338 -19.397 0 -9.338
3 16 -19.397 0 -6.875 -19.397 0 -4.632 -20 0 -10
3 16 -19.397 0 -9.338 -19.397 0 -6.875 -20 0 -10
3 16 20 0 -10 19.208 0 -7.096 19.208 0 -9.375
3 16 20 0 -10 19.208 0 -9.375 18.454 0 -9.375
4 16 3.223 0 -8.566 3.223 0 -9.375 5.41 0 -9.375 5.41 0 -8.566
4 16 17.625 0 -7.426 18.454 0 -9.375 18.454 0 -7.096 17.813 0 -7.059
3 16 -20 0 -10 -14.835 0 -9.375 -17.172 0 -9.375
4 16 -17.172 0 -8.566 -18.643 0 -6.875 -18.643 0 -9.338 -17.172 0 -9.375
4 16 -10.349 0 -8.566 -10.349 0 -9.375 -8.1 0 -8.566 -8.162 0 -7.831
3 16 -8.1 0 -8.566 -7.898 0 -7.904 -8.162 0 -7.831
3 16 -10.349 0 -9.375 -12.686 0 -9.375 -20 0 -10
4 16 -12.686 0 -8.566 -14.835 0 -8.566 -14.835 0 -9.375 -12.686 0 -9.375
3 16 -10.349 0 -9.375 -8.1 0 -9.375 -8.1 0 -8.566
4 16 -8.1 0 -8.566 -5.825 0 -8.566 -6.767 0 -7.831 -7.898 0 -7.904
4 16 -5.825 0 -9.375 -3.638 0 -9.375 -3.638 0 -8.566 -5.825 0 -8.566
3 16 3.374 0 -7.831 3.223 0 -8.566 5.41 0 -8.566
3 16 3.374 0 -7.831 7.747 0 -8.566 9.934 0 -8.566
4 16 0 0 -10 20 0 -10 9.934 0 -9.375 7.747 0 -9.375
3 16 3.374 0 -7.831 5.41 0 -8.566 7.747 0 -8.566
3 16 20 0 -10 18.454 0 -9.375 16.795 0 -9.375
4 16 16.795 0 -8.566 17.248 0 -7.757 16.946 0 -7.831 14.458 0 -8.566
4 16 7.747 0 -8.566 7.747 0 -9.375 9.934 0 -9.375 9.934 0 -8.566
4 16 3.374 0 -7.831 9.934 0 -8.566 12.271 0 -8.566 16.946 0 -7.831
3 16 16.795 0 -8.566 16.795 0 -9.375 18.454 0 -9.375
4 16 18.454 0 -9.375 17.625 0 -7.426 17.248 0 -7.757 16.795 0 -8.566
3 16 20 0 -10 16.795 0 -9.375 14.458 0 -9.375
4 16 .811 0 -3.235 .094 0 -.368 -.057 0 -.294 -1.791 0 -2.39
4 16 -.17 0 0 -2.432 0 -2.463 -1.791 0 -2.39 -.057 0 -.294
4 16 -2.432 0 -2.463 -.17 0 0 -3.11 0 2.096 -4.38 0 1.92
4 16 -4.769 0 2 -2.9 0 -2.53 -2.432 0 -2.463 -4.38 0 1.92
3 16 -3.563 0 -2.61 -2.9 0 -2.53 -4.769 0 2
4 16 20 0 -10 20 0 10 19.208 0 1.691 19.208 0 1.103
3 16 19.208 0 1.103 19.208 0 -.147 20 0 -10
3 16 12.271 0 -8.566 14.458 0 -8.566 16.946 0 -7.831
3 16 20 0 -10 12.271 0 -9.375 9.934 0 -9.375
3 16 14.458 0 -9.375 12.271 0 -9.375 20 0 -10
4 16 14.458 0 -8.566 12.271 0 -8.566 12.271 0 -9.375 14.458 0 -9.375
4 16 .886 0 -8.566 3.223 0 -8.566 3.11 0 -7.721 2.959 0 -7.647
4 16 -1.301 0 -8.566 .886 0 -8.566 2.959 0 -7.647 2.733 0 -7.39
3 16 .886 0 -9.375 .886 0 -8.566 -1.301 0 -8.566
3 16 -6.767 0 -7.831 -5.825 0 -8.566 -3.638 0 -8.566
4 16 -6.767 0 -7.831 -3.638 0 -8.566 2.545 0 -6.985 1.225 0 -6.471
4 16 -3.638 0 -8.566 -1.301 0 -8.566 2.733 0 -7.39 2.545 0 -6.985
3 16 0 0 -10 -1.3 0 -9.375 -3.638 0 -9.375
3 16 0 0 -10 -3.638 0 -9.375 -5.825 0 -9.375
3 16 .886 0 -9.375 0 0 -10 3.223 0 -9.375
3 16 5.41 0 -9.375 3.223 0 -9.375 0 0 -10
3 16 7.747 0 -9.375 5.41 0 -9.375 0 0 -10
4 16 -1.301 0 -8.566 -1.3 0 -9.375 0 0 -10 .886 0 -9.375
4 16 -10.349 0 -8.566 -8.162 0 -7.831 -8.2 0 -7.684 -8.501 0 -7.122
4 16 -15.401 0 -6.618 -14.835 0 -8.566 -11.857 0 -3.382 -13.553 0 -3.64
4 16 -11.404 0 -3.309 -11.857 0 -3.382 -14.835 0 -8.566 -12.686 0 -8.566
3 16 -15.401 0 -6.618 -15.401 0 -7.5 -14.835 0 -8.566
3 16 -15.401 0 -7.5 -15.438 0 -7.61 -14.835 0 -8.566
4 16 -17.738 0 3.787 -4.279 0 2.426 -3.45 0 2.61 -10.3393 0 3.787
4 16 -10.3393 0 3.787 -3.45 0 2.61 -.886 0 3.051 -2.9405 0 3.787
3 16 -3.45 0 2.61 -2.356 0 2.794 -.886 0 3.051
4 16 4.535 0 7.693 7.823 0 8.64 5.636 0 8.64 -2.8655 0 7.7025
3 16 -2.8655 0 7.7025 5.636 0 8.64 3.299 0 8.64
3 16 -2.8655 0 7.7025 3.299 0 8.64 1.112 0 8.64
3 16 -2.8655 0 7.7025 1.112 0 8.64 -1.225 0 8.64
3 16 -2.8655 0 7.7025 -1.225 0 8.64 -3.412 0 8.64
3 16 -2.8655 0 7.7025 -3.412 0 8.64 -5.749 0 8.64
3 16 -2.8655 0 7.7025 -5.749 0 8.64 -7.936 0 8.64
4 16 -10.2643 0 7.7118 -2.8655 0 7.7025 -7.936 0 8.64 -10.273 0 8.64
4 16 -10.2643 0 7.7118 -10.273 0 8.64 -12.422 0 8.64 -17.663 0 7.721
3 16 -17.663 0 7.721 -12.422 0 8.64 -14.797 0 8.64
3 16 0 0 -10 -5.825 0 -9.375 -8.1 0 -9.375
4 16 0 0 -10 -8.1 0 -9.375 -10.349 0 -9.375 -20 0 -10
3 16 -16.984 0 9.412 -14.797 0 9.412 -20 0 10
3 16 -16.984 0 9.412 -20 0 10 -19.284 0 9.412
3 16 -1.225 0 9.412 1.112 0 9.412 0 0 10
3 16 -3.412 0 9.412 -1.225 0 9.412 0 0 10
3 16 -3.412 0 9.412 0 0 10 -5.749 0 9.412
3 16 -5.749 0 9.412 0 0 10 -7.936 0 9.412
3 16 0 0 10 1.112 0 9.412 3.299 0 9.412
3 16 0 0 10 3.299 0 9.412 5.636 0 9.412
3 16 0 0 10 5.636 0 9.412 7.823 0 9.412
4 16 0 0 10 7.823 0 9.412 10.16 0 9.412 20 0 10
4 16 -.886 0 3.051 -.471 0 3.051 4.45 0 3.78 -2.9405 0 3.787
3 16 4.45 0 3.78 -.471 0 3.051 -.207 0 2.904
4 16 -.207 0 2.904 13.591 0 1.691 11.857 0 3.787 4.45 0 3.78
3 28 -8.878 0 6.691 -8.652 0 6.471 -8.577 0 6.765
4 28 11.367 0 5.699 12.271 0 4.154 12.271 0 7.353 11.442 0 6.36
3 28 -16.418 0 6.801 -17.663 0 7.721 -16.833 0 6.801
4 28 -17.663 0 7.721 -16.418 0 6.801 -15.476 0 6.765 -14.081 0 6.728
4 28 -16.72 0 5.993 -16.456 0 6.397 -16.758 0 6.397 -16.871 0 6.287
3 28 -16.871 0 6.287 -16.871 0 6.103 -16.72 0 5.993
4 28 -17.248 0 5.882 -17.399 0 5.074 -17.135 0 5.257 -16.946 0 5.625
3 28 -16.381 0 4.559 -16.833 0 4.559 -17.738 0 3.787
4 28 -16.192 0 6.176 -16.456 0 6.397 -16.72 0 5.993 -16.192 0 5.735
4 28 -16.192 0 6.176 -16.192 0 5.735 -16.004 0 5.588 -15.928 0 6.434
4 28 -17.21 0 4.743 -17.399 0 5 -18.115 0 4.228 -17.964 0 3.934
4 28 -17.21 0 4.743 -17.964 0 3.934 -17.738 0 3.787 -16.833 0 4.559
3 28 -17.399 0 5 -17.399 0 5.074 -18.115 0 4.228
4 28 -16.456 0 5.404 -16.946 0 5.625 -16.984 0 5.074 -16.758 0 4.963
3 28 -17.135 0 5.257 -16.984 0 5.074 -16.946 0 5.625
4 28 -16.456 0 4.963 -16.305 0 5.11 -16.305 0 5.257 -16.456 0 5.404
3 28 -16.758 0 4.963 -16.456 0 4.963 -16.456 0 5.404
4 28 -17.399 0 5.074 -17.248 0 5.882 -17.323 0 6.14 -18.115 0 4.228
4 28 -18.115 0 7.243 -18.115 0 4.228 -17.323 0 6.14 -17.286 0 6.397
4 28 -17.776 0 7.684 -17.135 0 6.654 -16.833 0 6.801 -17.663 0 7.721
4 28 -10.2643 0 7.7118 -17.663 0 7.721 -9.632 0 6.801 -9.218 0 6.801
4 28 -7.521 0 4.596 -6.39 0 4.596 -6.843 0 6.36 -7.484 0 6.36
3 28 -7.936 0 6.36 -8.539 0 6.36 -8.501 0 6.25
4 28 -8.501 0 6.25 -8.803 0 6.029 -8.69 0 5.257 -7.936 0 6.36
4 28 -13.139 0 6.765 -13.139 0 5 -12.234 0 5 -12.234 0 6.765
3 28 -8.803 0 6.029 -9.142 0 6.36 -9.482 0 6.397
4 28 -9.934 0 6.176 -10.085 0 5.882 -9.482 0 6.397 -9.746 0 6.324
4 28 -8.803 0 6.029 -9.482 0 6.397 -10.085 0 5.882 -8.841 0 5.331
4 28 -9.67 0 5 -8.841 0 5.331 -10.085 0 5.882 -9.896 0 5.184
3 28 -10.085 0 5.882 -10.085 0 5.478 -9.896 0 5.184
4 28 -9.67 0 5 -9.406 0 4.963 -9.142 0 5 -8.841 0 5.331
3 28 -8.841 0 5.331 -8.69 0 5.257 -8.803 0 6.029
4 28 -8.501 0 5.074 -7.936 0 4.596 -7.936 0 6.36 -8.69 0 5.257
3 28 -16.079 0 4.743 -15.476 0 4.596 -15.891 0 5
3 28 -16.381 0 4.559 -15.476 0 4.596 -16.079 0 4.743
3 28 2.545 0 6.801 3.713 0 5.515 3.751 0 6.801
4 28 2.394 0 4.596 2.394 0 6.801 1.942 0 6.801 1.942 0 4.596
4 28 4.166 0 4.596 4.618 0 4.596 4.618 0 6.801 4.166 0 6.801
3 28 5.108 0 5.846 5.071 0 4.596 6.239 0 4.596
4 28 12.271 0 7.353 12.121 0 7.537 11.48 0 6.801 11.442 0 6.36
3 28 11.857 0 3.787 9.142 0 4.596 8.728 0 4.596
4 28 11.932 0 7.684 10.952 0 6.801 11.48 0 6.801 12.121 0 7.537
3 28 -13.139 0 6.765 -17.663 0 7.721 -13.553 0 6.765
4 28 -14.081 0 6.728 -13.591 0 6.654 -13.553 0 6.765 -17.663 0 7.721
4 28 -15.024 0 6.36 -15.024 0 5.919 -14.345 0 5.882 -14.081 0 6.397
3 28 -16.117 0 6.654 -15.928 0 6.434 -15.476 0 6.765
4 28 -16.004 0 5.588 -15.891 0 5.368 -15.476 0 4.596 -15.928 0 6.434
3 28 -15.476 0 4.596 -15.476 0 6.765 -15.928 0 6.434
3 28 -14.081 0 6.728 -14.081 0 6.397 -13.591 0 6.654
3 28 -15.891 0 5 -15.476 0 4.596 -15.891 0 5.368
4 28 -15.024 0 5 -14.043 0 4.963 -14.345 0 5.588 -15.024 0 5.551
4 28 -14.043 0 4.963 -13.591 0 6.654 -14.081 0 6.397 -14.345 0 5.588
3 28 -14.081 0 6.397 -14.345 0 5.882 -14.345 0 5.588
4 28 -15.476 0 4.596 -16.381 0 4.559 -17.738 0 3.787 -14.043 0 4.596
3 28 -16.117 0 6.654 -15.476 0 6.765 -16.418 0 6.801
3 28 -13.139 0 6.765 -12.234 0 6.765 -17.663 0 7.721
4 28 -10.123 0 6.581 -10.839 0 6.765 -10.839 0 6.36 -10.349 0 6.324
4 28 -17.663 0 7.721 -12.234 0 6.765 -10.839 0 6.765 -9.632 0 6.801
3 28 -9.821 0 6.728 -10.839 0 6.765 -10.123 0 6.581
3 28 -9.632 0 6.801 -10.839 0 6.765 -9.821 0 6.728
3 28 -10.5 0 5.993 -10.349 0 6.324 -10.839 0 6.36
4 28 -11.103 0 5.882 -10.839 0 6.36 -11.781 0 6.36 -11.781 0 5.919
4 28 -10.5 0 5.993 -10.839 0 6.36 -11.103 0 5.882 -11.065 0 5.551
4 28 -11.065 0 5.551 -10.801 0 5 -10.5 0 5.368 -10.5 0 5.993
3 28 -10.801 0 5 -10.311 0 4.963 -10.5 0 5.368
4 28 -11.065 0 5.551 -11.781 0 5.551 -11.781 0 5 -10.801 0 5
4 28 -9.972 0 4.669 -10.311 0 4.963 -10.801 0 5 -10.801 0 4.596
4 28 -13.553 0 4.596 -13.591 0 6.654 -14.043 0 4.963 -14.043 0 4.596
4 28 -6.843 0 6.765 -6.843 0 6.36 -6.39 0 4.596 -6.39 0 6.765
4 28 -5.938 0 6.36 -5.938 0 5.919 -5.221 0 5.919 -4.995 0 6.397
4 28 -5.221 0 5.919 -5.221 0 5.551 -4.543 0 6.654 -4.995 0 6.397
4 28 -5.938 0 5 -4.958 0 4.963 -5.221 0 5.551 -5.938 0 5.551
3 28 -.735 0 4.596 -2.733 0 5.368 -2.884 0 5.037
4 28 -2.9405 0 3.787 -.735 0 4.596 -2.884 0 5.037 -3.186 0 4.743
4 28 -4.958 0 6.765 -4.995 0 6.397 -4.543 0 6.654 -4.505 0 6.765
4 28 -4.958 0 4.963 -4.958 0 4.596 -4.505 0 4.596 -4.543 0 6.654
3 28 -4.958 0 4.963 -4.543 0 6.654 -5.221 0 5.551
3 28 6.88 0 6.801 8.275 0 6.801 11.932 0 7.684
4 28 7.295 0 6.36 7.295 0 5.919 8.011 0 5.919 8.275 0 6.36
4 28 9.142 0 6.36 9.142 0 5.772 9.293 0 5.735 9.632 0 6.36
4 28 6.88 0 4.596 6.88 0 6.801 6.428 0 6.801 6.428 0 4.596
4 28 8.011 0 5.551 7.295 0 5.551 7.295 0 5 8.313 0 5
4 28 11.932 0 7.684 9.632 0 6.801 9.934 0 6.691 10.952 0 6.801
3 28 8.728 0 6.801 9.632 0 6.801 11.932 0 7.684
4 28 10.273 0 5.993 10.198 0 5.699 11.065 0 5.699 10.99 0 6.25
4 28 10.198 0 6.434 10.273 0 6.14 10.99 0 6.25 10.952 0 6.801
3 28 9.934 0 6.691 10.198 0 6.434 10.952 0 6.801
3 28 10.273 0 6.14 10.273 0 5.993 10.99 0 6.25
4 28 9.18 0 5.331 9.142 0 4.596 10.009 0 4.596 9.482 0 5.331
4 28 10.462 0 4.596 10.198 0 5.699 9.934 0 5.441 9.934 0 5.404
3 28 8.011 0 5.919 8.011 0 5.551 8.313 0 5
4 28 8.313 0 5 8.728 0 4.596 8.275 0 6.36 8.011 0 5.919
3 28 11.857 0 3.787 8.728 0 4.596 8.313 0 4.596
3 28 8.313 0 4.596 8.728 0 4.596 8.313 0 5
4 28 8.728 0 4.596 8.728 0 6.801 8.275 0 6.801 8.275 0 6.36
3 28 8.275 0 6.801 8.728 0 6.801 11.932 0 7.684
4 28 -3.148 0 5.551 -3.148 0 5.882 -3.336 0 6.176 -3.638 0 6.36
4 28 -3.223 0 5.331 -3.148 0 5.551 -3.676 0 5 -3.412 0 5.11
4 28 -3.676 0 5 -3.148 0 5.551 -3.638 0 6.36 -4.09 0 6.36
3 28 -4.09 0 6.36 -4.09 0 5 -3.676 0 5
4 28 9.821 0 5.919 9.821 0 6.213 9.632 0 6.36 9.67 0 5.772
3 28 9.632 0 6.36 9.293 0 5.735 9.67 0 5.772
3 28 11.367 0 5.699 11.291 0 5.221 11.517 0 5
3 28 12.271 0 4.154 11.517 0 5 11.48 0 4.743
3 28 11.857 0 3.787 12.121 0 3.897 12.271 0 4.154
3 28 11.367 0 5.699 11.517 0 5 12.271 0 4.154
4 28 12.271 0 4.154 11.48 0 4.743 11.329 0 4.596 11.857 0 3.787
3 28 11.329 0 4.596 11.103 0 4.596 11.857 0 3.787
4 28 10.198 0 5.699 10.914 0 4.926 11.027 0 5.11 11.065 0 5.699
4 28 11.065 0 5.699 11.027 0 5.11 11.178 0 5.221 11.367 0 5.699
3 28 11.178 0 5.221 11.291 0 5.221 11.367 0 5.699
3 28 3.525 0 -.294 3.374 0 -.368 3.223 0 -.551
3 28 -9.632 0 4.559 -10.801 0 4.596 -13.553 0 4.596
4 28 -14.043 0 4.596 -17.738 0 3.787 -9.632 0 4.559 -13.553 0 4.596
3 28 -10.801 0 4.596 -9.632 0 4.559 -9.972 0 4.669
3 28 -7.936 0 4.596 -8.501 0 5.074 -8.69 0 4.816
4 28 -9.218 0 4.559 -10.3393 0 3.787 -7.936 0 4.596 -8.916 0 4.669
3 28 -8.916 0 4.669 -7.936 0 4.596 -8.69 0 4.816
4 28 10.198 0 5.699 10.462 0 4.596 10.952 0 4.743 10.914 0 4.926
4 28 10.462 0 4.596 11.857 0 3.787 11.103 0 4.596 10.952 0 4.743
3 28 10.009 0 4.596 9.142 0 4.596 11.857 0 3.787
3 28 10.009 0 4.596 11.857 0 3.787 10.462 0 4.596
3 28 -3.186 0 4.743 -3.525 0 4.596 -2.9405 0 3.787
3 28 -.735 0 4.596 -2.9405 0 3.787 -.584 0 4.596
3 28 -.584 0 4.596 -2.9405 0 3.787 .584 0 4.596
3 28 .735 0 4.596 .584 0 4.596 -2.9405 0 3.787
3 28 -3.525 0 4.596 -4.505 0 4.596 -2.9405 0 3.787
3 28 -4.505 0 4.596 -4.958 0 4.596 -2.9405 0 3.787
3 28 -2.9405 0 3.787 -4.958 0 4.596 -6.39 0 4.596
3 28 -7.521 0 4.596 -7.936 0 4.596 -10.3393 0 3.787
4 28 -6.39 0 4.596 -7.521 0 4.596 -10.3393 0 3.787 -2.9405 0 3.787
4 28 -10.3393 0 3.787 -9.218 0 4.559 -9.632 0 4.559 -17.738 0 3.787
4 28 -8.878 0 6.691 -8.577 0 6.765 -10.2643 0 7.7118 -9.218 0 6.801
3 28 -10.2643 0 7.7118 -8.577 0 6.765 -6.843 0 6.765
3 28 -6.843 0 6.765 -6.39 0 6.765 -10.2643 0 7.7118
3 28 -4.958 0 6.765 -4.505 0 6.765 -2.8655 0 7.7025
4 28 -6.39 0 6.765 -4.958 0 6.765 -2.8655 0 7.7025 -10.2643 0 7.7118
3 28 -4.505 0 6.765 -3.638 0 6.765 -2.8655 0 7.7025
3 28 -2.8655 0 7.7025 -3.638 0 6.765 -3.261 0 6.654
3 28 -3.261 0 6.654 -2.959 0 6.397 -2.8655 0 7.7025
4 28 -.735 0 4.596 -1.565 0 6.765 -2.733 0 5.993 -2.733 0 5.368
4 28 -2.959 0 6.397 -2.733 0 5.993 -1.565 0 6.765 -2.8655 0 7.7025
4 28 -.094 0 6.801 -2.8655 0 7.7025 -1.565 0 6.765 -1.074 0 6.765
3 28 1.527 0 4.596 .735 0 4.596 -2.9405 0 3.787
3 28 1.942 0 4.596 1.527 0 4.596 -2.9405 0 3.787
3 28 2.394 0 4.596 1.942 0 4.596 -2.9405 0 3.787
4 28 4.45 0 3.78 4.015 0 4.596 2.884 0 5.846 2.846 0 4.596
3 28 4.015 0 4.596 4.45 0 3.78 4.166 0 4.596
3 28 4.166 0 4.596 4.45 0 3.78 4.618 0 4.596
3 28 4.618 0 4.596 4.45 0 3.78 5.071 0 4.596
3 28 5.071 0 4.596 4.45 0 3.78 6.239 0 4.596
3 28 6.239 0 4.596 4.45 0 3.78 6.428 0 4.596
3 28 6.88 0 4.596 6.428 0 4.596 4.45 0 3.78
4 28 8.313 0 4.596 6.88 0 4.596 4.45 0 3.78 11.857 0 3.787
4 28 4.45 0 3.78 2.846 0 4.596 2.394 0 4.596 -2.9405 0 3.787
3 15 16.909 0 -7.096 17.059 0 -6.985 17.172 0 -6.728
4 15 3.525 0 -.294 3.223 0 -.551 4.43 0 -1.618 4.656 0 -1.507
3 15 9.255 0 -1.507 11.555 0 -1.471 16.833 0 -.294
4 15 4.656 0 -1.507 9.255 0 -1.507 16.833 0 -.294 3.525 0 -.294
4 15 7.22 0 -3.199 9.255 0 -2.169 4.618 0 -2.169 4.581 0 -3.199
4 15 11.291 0 -1.985 11.291 0 -1.654 9.444 0 -1.691 9.444 0 -1.949
3 15 4.354 0 -1.875 4.43 0 -1.618 3.223 0 -.551
3 15 15.024 0 -1.471 15.25 0 -1.544 17.059 0 -.404
4 15 11.555 0 -1.471 15.024 0 -1.471 17.059 0 -.404 16.833 0 -.294
4 15 17.172 0 -.662 15.363 0 -1.765 15.363 0 -1.875 15.551 0 -3.419
4 15 17.172 0 -.662 17.059 0 -.404 15.25 0 -1.544 15.363 0 -1.765
4 15 15.25 0 -2.096 15.325 0 -3.199 15.551 0 -3.419 15.363 0 -1.875
4 15 9.444 0 -1.691 11.291 0 -1.654 11.48 0 -1.507 9.255 0 -1.507
3 15 11.555 0 -1.471 9.255 0 -1.507 11.48 0 -1.507
4 15 11.48 0 -2.169 9.444 0 -1.949 9.029 0 -3.199 11.706 0 -3.199
3 15 9.444 0 -1.949 9.255 0 -2.169 9.029 0 -3.199
3 15 11.48 0 -2.169 11.291 0 -1.985 9.444 0 -1.949
4 15 9.255 0 -2.169 7.22 0 -3.199 7.37 0 -3.272 9.029 0 -3.199
4 15 8.841 0 -3.382 9.029 0 -3.199 7.37 0 -3.272 7.484 0 -3.493
4 15 4.354 0 -5.404 3.223 0 -6.838 3.487 0 -7.096 4.354 0 -5.588
3 15 3.487 0 -7.096 4.581 0 -5.809 4.354 0 -5.588
4 15 4.467 0 -3.824 4.467 0 -5.184 4.543 0 -5.147 4.581 0 -3.86
4 15 4.354 0 -3.603 4.354 0 -3.419 3.223 0 -.551 3.223 0 -6.838
4 15 4.354 0 -3.419 4.467 0 -2.059 4.354 0 -1.875 3.223 0 -.551
4 15 4.467 0 -2.059 4.354 0 -3.419 4.581 0 -3.199 4.618 0 -2.169
4 15 8.841 0 -3.382 7.446 0 -3.676 7.295 0 -3.86 8.803 0 -3.64
3 15 7.295 0 -3.86 8.501 0 -5.147 8.69 0 -5.331
4 15 8.803 0 -3.64 7.295 0 -3.86 8.69 0 -5.331 8.992 0 -3.86
3 15 8.841 0 -3.382 7.484 0 -3.493 7.446 0 -3.676
3 15 15.325 0 -3.199 15.25 0 -2.096 14.948 0 -2.169
4 15 13.214 0 -3.199 15.325 0 -3.199 14.948 0 -2.169 11.48 0 -2.169
3 15 15.551 0 -3.603 15.438 0 -3.824 17.172 0 -6.728
4 15 15.551 0 -3.603 17.172 0 -6.728 17.172 0 -.662 15.551 0 -3.419
4 15 15.438 0 -3.824 14.194 0 -5.331 16.909 0 -7.096 17.172 0 -6.728
3 15 14.194 0 -5.331 14.194 0 -5.625 16.909 0 -7.096
4 15 13.176 0 -3.86 13.063 0 -3.75 11.744 0 -3.86 14.043 0 -5.147
4 15 11.894 0 -3.676 11.744 0 -3.86 13.063 0 -3.75 12.988 0 -3.603
3 15 11.894 0 -3.676 12.988 0 -3.603 12.988 0 -3.419
4 15 11.706 0 -3.199 11.894 0 -3.382 13.214 0 -3.199 11.48 0 -2.169
4 15 11.894 0 -3.676 12.988 0 -3.419 13.214 0 -3.199 11.894 0 -3.382
4 15 4.581 0 -5.809 3.487 0 -7.096 16.909 0 -7.096 8.426 0 -5.809
3 15 4.467 0 -5.184 4.467 0 -3.824 4.354 0 -3.603
4 15 4.467 0 -5.184 4.354 0 -3.603 3.223 0 -6.838 4.354 0 -5.404
4 15 7.295 0 -3.86 4.581 0 -3.86 4.543 0 -5.147 8.501 0 -5.147
3 15 16.909 0 -7.096 14.194 0 -5.625 14.043 0 -5.772
3 15 16.909 0 -7.096 14.043 0 -5.772 13.855 0 -5.809
4 15 8.577 0 -5.735 10.047 0 -5.809 9.896 0 -5.662 8.69 0 -5.625
4 15 16.909 0 -7.096 10.047 0 -5.809 8.577 0 -5.735 8.426 0 -5.809
4 15 9.859 0 -5.404 8.69 0 -5.331 8.69 0 -5.625 9.896 0 -5.662
4 15 8.69 0 -5.331 9.859 0 -5.404 9.972 0 -5.184 8.992 0 -3.86
3 15 8.992 0 -3.86 9.972 0 -5.184 10.047 0 -5.147
4 15 10.047 0 -5.147 14.043 0 -5.147 11.744 0 -3.86 8.992 0 -3.86
3 15 16.909 0 -7.096 13.855 0 -5.809 10.047 0 -5.809
4 15 15.438 0 -3.824 15.325 0 -3.86 14.043 0 -5.147 14.194 0 -5.331
3 15 15.325 0 -3.86 13.176 0 -3.86 14.043 0 -5.147
4 4 -14.797 0 8.64 -12.422 0 8.64 -12.422 0 9.412 -14.797 0 9.412
4 4 -10.273 0 8.64 -7.936 0 8.64 -7.936 0 9.412 -10.273 0 9.412
4 4 -3.412 0 9.412 -5.749 0 9.412 -5.749 0 8.64 -3.412 0 8.64
4 4 -1.225 0 8.64 1.112 0 8.64 1.112 0 9.412 -1.225 0 9.412
4 4 3.299 0 8.64 5.636 0 8.64 5.636 0 9.412 3.299 0 9.412
4 4 7.823 0 8.64 10.16 0 8.64 10.16 0 9.412 7.823 0 9.412
4 4 12.347 0 8.64 14.684 0 8.64 14.684 0 9.412 12.347 0 9.412
4 4 19.208 0 9.412 16.871 0 9.412 16.871 0 8.64 19.208 0 8.64
4 4 -19.397 0 4.743 -18.643 0 4.743 -18.643 0 7.206 -19.397 0 7.206
4 4 17.248 0 3.86 17.097 0 4.191 16.909 0 4.412 16.607 0 4.559
4 4 15.514 0 3.86 15.514 0 3.676 17.286 0 3.64 15.664 0 4.191
4 4 15.664 0 4.191 17.286 0 3.64 17.248 0 3.86 16.607 0 4.559
4 4 16.117 0 4.559 15.815 0 4.412 15.664 0 4.191 16.607 0 4.559
4 4 -.584 0 2.39 .019 0 1.912 -.057 0 2.574 -.207 0 2.904
4 4 .019 0 1.912 -.584 0 2.39 -.396 0 1.029 .17 0 .699
4 4 -.396 0 1.029 -.17 0 0 -.057 0 -.294 .17 0 .699
4 4 .094 0 -.368 .17 0 -.221 .17 0 .699 -.057 0 -.294
4 4 -10.009 0 1.507 -10.16 0 1.176 -9.821 0 1.324 -9.821 0 1.507
4 4 -2.356 0 2.794 -3.45 0 2.61 -3.11 0 2.096 -1.791 0 2.279
4 4 -16.532 0 .625 -16.305 0 .074 -16.192 0 .11 -16.268 0 .699
4 4 -11.103 0 1.471 -12.535 0 1.287 -12.234 0 .735 -11.065 0 .956
4 4 -16.192 0 .11 -12.234 0 .735 -12.535 0 1.287 -16.268 0 .699
4 4 -16.305 0 .074 -16.532 0 .625 -16.795 0 .331 -16.343 0 -.037
4 4 -15.778 0 -3.713 -16.569 0 -2.206 -16.041 0 -5.625 -15.476 0 -5.956
4 4 -15.966 0 -6.287 -15.401 0 -6.618 -15.476 0 -5.956 -16.041 0 -5.625
4 4 -15.966 0 -6.287 -15.702 0 -7.279 -15.551 0 -7.61 -15.401 0 -6.618
4 4 -6.579 0 -1.213 -7.031 0 -.515 -7.333 0 -1.287 -7.22 0 -1.471
4 4 -15.401 0 -6.618 -15.551 0 -7.61 -15.438 0 -7.61 -15.401 0 -7.5
4 4 -16.607 0 -1.765 -16.569 0 -2.206 -15.778 0 -3.713 -16.343 0 -.037
4 4 -16.871 0 -.037 -16.607 0 -1.765 -16.343 0 -.037 -16.795 0 .331
3 4 -11.103 0 1.471 -11.065 0 .956 -10.16 0 1.176
4 4 -10.009 0 1.507 -10.273 0 1.544 -11.103 0 1.471 -10.16 0 1.176
4 4 19.208 0 1.103 18.454 0 1.103 18.454 0 -.147 19.208 0 -.147
3 4 -11.857 0 -3.382 -11.404 0 -3.309 -11.14 0 -3.162
4 4 -11.706 0 -2.647 -11.894 0 -2.647 -11.857 0 -3.382 -11.14 0 -3.162
3 4 -14.27 0 -3.713 -13.893 0 -3.713 -13.553 0 -3.64
4 4 -13.779 0 -2.941 -14.006 0 -3.015 -14.27 0 -3.713 -13.553 0 -3.64
4 4 -11.894 0 -2.647 -12.535 0 -3.015 -12.271 0 -3.272 -11.857 0 -3.382
4 4 -11.894 0 -2.647 -12.008 0 -2.5 -12.648 0 -2.684 -12.535 0 -3.015
4 4 -11.14 0 -3.162 -10.914 0 -2.904 -10.839 0 -2.647 -11.706 0 -2.647
4 4 -11.706 0 -2.647 -10.839 0 -2.647 -10.839 0 -2.39 -11.517 0 -2.574
3 4 -10.839 0 -2.39 -11.48 0 -2.463 -11.517 0 -2.574
4 4 -14.27 0 -2.647 -14.948 0 -2.61 -14.835 0 -3.199 -14.194 0 -2.941
4 4 -14.006 0 -3.015 -14.194 0 -2.941 -14.835 0 -3.199 -14.27 0 -3.713
3 4 -14.835 0 -3.199 -14.647 0 -3.529 -14.27 0 -3.713
4 4 -13.289 0 -3.419 -13.063 0 -3.051 -13.779 0 -2.941 -13.553 0 -3.64
4 4 -13.063 0 -3.051 -13.101 0 -2.39 -13.742 0 -2.757 -13.779 0 -2.941
4 4 -19.397 0 -4.632 -18.643 0 -4.632 -18.643 0 -2.169 -19.397 0 -2.169
4 4 19.208 0 -2.39 18.454 0 -2.39 18.454 0 -4.853 19.208 0 -4.853
4 4 -7.974 0 -7.574 -8.2 0 -7.684 -8.162 0 -7.831 -7.898 0 -7.904
4 4 .735 0 -3.971 1.188 0 -4.007 .999 0 -3.382 .773 0 -3.309
4 4 -17.172 0 -8.566 -17.172 0 -9.375 -14.835 0 -9.375 -14.835 0 -8.566
4 4 -3.261 0 -6.728 -7.333 0 -7.39 -7.974 0 -7.574 -7.898 0 -7.904
4 4 .811 0 -6.066 -3.261 0 -6.728 -7.898 0 -7.904 -6.767 0 -7.831
3 4 1.225 0 -6.471 1.414 0 -6.25 1.489 0 -5.956
4 4 .773 0 -3.309 .999 0 -3.382 .886 0 -3.235 .811 0 -3.235
4 4 -18.643 0 -6.875 -19.397 0 -6.875 -19.397 0 -9.338 -18.643 0 -9.338
4 4 19.208 0 -7.096 18.454 0 -7.096 18.454 0 -9.375 19.208 0 -9.375
4 4 -10.349 0 -9.375 -10.349 0 -8.566 -12.686 0 -8.566 -12.686 0 -9.375
4 4 .886 0 -8.566 .886 0 -9.375 3.223 0 -9.375 3.223 0 -8.566
4 4 5.41 0 -9.375 7.747 0 -9.375 7.747 0 -8.566 5.41 0 -8.566
4 4 16.795 0 -8.566 14.458 0 -8.566 14.458 0 -9.375 16.795 0 -9.375
4 4 9.934 0 -9.375 12.271 0 -9.375 12.271 0 -8.566 9.934 0 -8.566
4 4 -.886 0 3.051 -2.356 0 2.794 -1.791 0 2.279 -1.64 0 2.316
4 4 -5.825 0 -9.375 -5.825 0 -8.566 -8.1 0 -8.566 -8.1 0 -9.375
4 4 -4.279 0 2.426 -4.505 0 2.353 -4.769 0 2.206 -4.844 0 2.096
4 4 -4.769 0 2 -4.38 0 1.92 -4.279 0 2.426 -4.844 0 2.096
4 4 -4.279 0 2.426 -4.38 0 1.92 -3.11 0 2.096 -3.45 0 2.61
4 4 -1.3 0 -9.375 -1.301 0 -8.566 -3.638 0 -8.566 -3.638 0 -9.375
4 4 1.489 0 -5.956 .961 0 -5.919 .811 0 -6.066 1.225 0 -6.471
3 4 -6.767 0 -7.831 1.225 0 -6.471 .811 0 -6.066
4 4 -19.284 0 9.412 -19.284 0 8.64 -16.984 0 8.64 -16.984 0 9.412
4 4 -.207 0 2.904 -.471 0 3.051 -.66 0 2.463 -.584 0 2.39
4 4 -.471 0 3.051 -.886 0 3.051 -1.64 0 2.316 -.66 0 2.463
3 0 -8.803 0 6.029 -8.501 0 6.25 -8.539 0 6.36
4 0 -9.218 0 6.801 -9.142 0 6.36 -8.803 0 6.029 -8.878 0 6.691
4 0 -8.539 0 6.36 -8.652 0 6.471 -8.878 0 6.691 -8.803 0 6.029
4 0 2.846 0 .11 2.582 0 -.257 3.223 0 -.551 3.374 0 -.368
4 0 -16.192 0 6.176 -15.928 0 6.434 -16.117 0 6.654 -16.456 0 6.397
4 0 19.208 0 8.051 13.591 0 8.051 15.137 0 7.463 15.589 0 7.463
4 0 14.533 0 7.463 14.948 0 7.206 15.137 0 7.463 13.591 0 8.051
3 0 14.722 0 7.206 14.948 0 7.206 14.533 0 7.463
3 0 15.137 0 7.39 15.137 0 7.463 14.948 0 7.206
3 0 19.208 0 8.051 15.589 0 7.463 16.155 0 7.463
4 0 15.589 0 7.463 15.702 0 7.243 15.891 0 7.206 16.079 0 7.316
3 0 16.155 0 7.463 15.589 0 7.463 16.079 0 7.316
3 0 19.208 0 8.051 16.155 0 7.463 16.607 0 7.463
3 0 19.208 0 8.051 16.607 0 7.463 17.21 0 7.463
4 0 17.097 0 7.243 17.21 0 7.463 16.72 0 7.243 16.909 0 7.206
3 0 17.21 0 7.463 16.607 0 7.463 16.72 0 7.243
3 0 19.208 0 8.051 17.21 0 7.463 17.663 0 7.463
3 0 19.208 0 8.051 17.663 0 7.463 18.228 0 7.463
4 0 18.04 0 7.206 18.228 0 7.463 17.663 0 7.463 17.813 0 7.206
3 0 17.663 0 7.463 17.663 0 7.39 17.813 0 7.206
3 0 18.04 0 7.206 18.228 0 7.39 18.228 0 7.463
3 0 19.208 0 8.051 18.228 0 7.463 18.68 0 7.463
3 0 18.68 0 7.463 18.68 0 7.059 19.208 0 8.051
3 0 19.208 0 8.051 18.68 0 7.059 18.68 0 6.434
3 0 18.68 0 6.434 18.68 0 7.059 18.53 0 6.985
4 0 18.68 0 6.434 18.53 0 6.985 18.417 0 6.801 18.492 0 6.507
3 0 18.68 0 6.434 18.68 0 5.809 19.208 0 8.051
4 0 18.68 0 5.184 19.208 0 1.691 19.208 0 8.051 18.68 0 5.809
4 0 18.417 0 5.441 18.68 0 5.184 18.68 0 5.809 18.454 0 5.662
3 0 18.68 0 5.809 18.567 0 5.809 18.454 0 5.662
3 0 18.417 0 5.441 18.53 0 5.221 18.68 0 5.184
3 0 18.68 0 5.184 18.68 0 4.559 19.208 0 1.691
4 0 19.208 0 1.691 18.68 0 4.559 18.68 0 3.934 18.718 0 3.272
3 0 18.68 0 4.559 18.567 0 4.559 18.454 0 4.412
3 0 18.454 0 4.081 18.567 0 3.934 18.68 0 3.934
4 0 18.68 0 3.934 18.68 0 4.559 18.454 0 4.412 18.454 0 4.081
3 0 18.718 0 3.272 18.68 0 3.934 18.68 0 3.382
3 0 18.68 0 3.382 18.643 0 3.309 18.718 0 3.272
4 0 18.718 0 3.272 18.643 0 3.309 18.492 0 3.235 18.417 0 3.015
3 0 18.68 0 2.684 18.718 0 3.272 18.417 0 3.015
4 0 18.417 0 3.015 18.454 0 2.831 18.567 0 2.684 18.68 0 2.684
4 0 19.208 0 1.691 18.718 0 3.272 18.68 0 2.684 18.68 0 2.243
3 0 18.68 0 2.243 18.228 0 2.243 19.208 0 1.691
4 0 16.192 0 2.243 13.591 0 1.691 19.208 0 1.691 16.607 0 2.243
4 0 17.625 0 2.243 19.208 0 1.691 18.228 0 2.243 17.7 0 2.316
4 0 18.115 0 2.463 17.889 0 2.537 17.7 0 2.316 18.228 0 2.243
3 0 17.889 0 2.537 17.776 0 2.5 17.7 0 2.316
3 0 17.625 0 2.243 17.21 0 2.243 19.208 0 1.691
3 0 17.21 0 2.243 16.607 0 2.243 19.208 0 1.691
4 0 17.21 0 2.243 17.097 0 2.463 16.72 0 2.463 16.607 0 2.243
3 0 16.909 0 2.537 16.72 0 2.463 17.097 0 2.463
3 0 13.591 0 1.691 16.192 0 2.243 15.589 0 2.243
4 0 15.664 0 2.463 15.589 0 2.243 16.041 0 2.5 15.853 0 2.537
3 0 15.589 0 2.243 16.192 0 2.243 16.041 0 2.5
3 0 13.591 0 1.691 15.589 0 2.243 15.137 0 2.243
4 0 15.137 0 2.243 15.024 0 2.5 14.533 0 2.243 13.591 0 1.691
4 0 14.533 0 2.243 15.024 0 2.5 14.873 0 2.537 14.684 0 2.463
3 0 13.591 0 1.691 14.533 0 2.243 14.081 0 2.243
3 0 14.081 0 2.243 14.081 0 2.684 13.591 0 1.691
4 0 14.194 0 3.309 14.081 0 3.309 14.081 0 2.684 14.345 0 3.162
4 0 14.345 0 3.162 14.081 0 2.684 14.27 0 2.721 14.383 0 2.978
3 0 13.591 0 1.691 14.081 0 2.684 14.081 0 3.309
3 0 14.081 0 3.309 14.081 0 3.971 13.591 0 1.691
4 0 14.383 0 4.265 14.27 0 4.522 14.081 0 4.559 14.081 0 3.971
4 0 14.081 0 3.971 14.194 0 3.934 14.345 0 4.118 14.383 0 4.265
4 0 13.591 0 8.051 13.591 0 1.691 14.081 0 4.559 14.081 0 5.184
3 0 14.081 0 3.971 14.081 0 4.559 13.591 0 1.691
4 0 14.383 0 5.515 14.081 0 5.184 14.156 0 5.184 14.345 0 5.368
4 0 14.081 0 5.809 14.081 0 5.184 14.383 0 5.515 14.27 0 5.772
3 0 13.591 0 8.051 14.081 0 5.809 14.081 0 6.434
3 0 14.081 0 5.184 14.081 0 5.809 13.591 0 8.051
3 0 13.591 0 8.051 14.081 0 6.434 14.081 0 7.059
4 0 14.345 0 6.875 14.081 0 6.434 14.194 0 6.434 14.345 0 6.618
4 0 14.345 0 6.875 14.232 0 7.059 14.081 0 7.059 14.081 0 6.434
3 0 13.591 0 8.051 14.081 0 7.059 14.081 0 7.463
3 0 13.591 0 8.051 14.081 0 7.463 14.533 0 7.463
4 0 -10.123 0 6.581 -9.934 0 6.176 -9.746 0 6.324 -9.821 0 6.728
4 0 -16.833 0 4.559 -16.381 0 4.559 -16.456 0 4.963 -16.758 0 4.963
4 0 -17.323 0 6.14 -16.871 0 6.103 -16.871 0 6.287 -17.286 0 6.397
4 0 -16.456 0 4.963 -16.381 0 4.559 -16.079 0 4.743 -16.305 0 5.11
3 0 -16.079 0 4.743 -15.891 0 5 -15.891 0 5.368
4 0 -15.476 0 4.596 -15.024 0 5.919 -15.024 0 6.36 -15.476 0 6.765
4 0 -16.758 0 4.963 -16.984 0 5.074 -17.21 0 4.743 -16.833 0 4.559
4 0 -17.399 0 5.074 -17.399 0 5 -16.984 0 5.074 -17.135 0 5.257
4 0 -16.871 0 6.103 -17.248 0 5.882 -16.946 0 5.625 -16.72 0 5.993
4 0 -16.456 0 5.404 -16.192 0 5.735 -16.72 0 5.993 -16.946 0 5.625
3 0 -17.399 0 5 -17.21 0 4.743 -16.984 0 5.074
3 0 -16.456 0 5.404 -16.305 0 5.257 -15.891 0 5.368
4 0 -16.079 0 4.743 -15.891 0 5.368 -16.305 0 5.257 -16.305 0 5.11
4 0 -15.891 0 5.368 -16.004 0 5.588 -16.192 0 5.735 -16.456 0 5.404
3 0 -17.323 0 6.14 -17.248 0 5.882 -16.871 0 6.103
4 0 -17.135 0 6.654 -17.286 0 6.397 -16.871 0 6.287 -16.758 0 6.397
4 0 -16.758 0 6.397 -16.418 0 6.801 -16.833 0 6.801 -17.135 0 6.654
4 0 -16.456 0 6.397 -16.117 0 6.654 -16.418 0 6.801 -16.758 0 6.397
3 0 -6.843 0 6.36 -6.843 0 6.765 -7.484 0 6.36
4 0 .584 0 4.596 .735 0 4.596 .584 0 5.515 .019 0 5.882
4 0 -7.936 0 6.36 -7.484 0 6.36 -6.843 0 6.765 -8.577 0 6.765
4 0 -15.024 0 5 -15.476 0 4.596 -14.043 0 4.596 -14.043 0 4.963
4 0 -9.67 0 5 -9.632 0 4.559 -9.218 0 4.559 -9.406 0 4.963
4 0 -7.521 0 4.596 -7.484 0 6.36 -7.936 0 6.36 -7.936 0 4.596
4 0 -8.539 0 6.36 -7.936 0 6.36 -8.577 0 6.765 -8.652 0 6.471
4 0 -10.5 0 5.993 -10.5 0 5.368 -10.085 0 5.478 -10.085 0 5.882
3 0 -12.234 0 5 -13.139 0 5 -13.553 0 4.596
4 0 -9.972 0 4.669 -9.67 0 5 -9.896 0 5.184 -10.311 0 4.963
4 0 -9.142 0 5 -9.406 0 4.963 -9.218 0 4.559 -8.916 0 4.669
4 0 -8.69 0 5.257 -8.841 0 5.331 -9.142 0 5 -8.69 0 4.816
3 0 -8.501 0 5.074 -8.69 0 5.257 -8.69 0 4.816
3 0 -8.69 0 4.816 -9.142 0 5 -8.916 0 4.669
3 0 -9.972 0 4.669 -9.632 0 4.559 -9.67 0 5
4 0 -10.085 0 5.478 -10.5 0 5.368 -10.311 0 4.963 -9.896 0 5.184
3 0 -15.024 0 5.551 -15.024 0 5.919 -15.476 0 4.596
4 0 -14.345 0 5.588 -14.345 0 5.882 -15.024 0 5.919 -15.024 0 5.551
4 0 -10.349 0 6.324 -10.5 0 5.993 -10.085 0 5.882 -9.934 0 6.176
3 0 -10.349 0 6.324 -9.934 0 6.176 -10.123 0 6.581
4 0 -11.781 0 5.551 -11.065 0 5.551 -11.103 0 5.882 -11.781 0 5.919
4 0 -9.482 0 6.397 -9.632 0 6.801 -9.821 0 6.728 -9.746 0 6.324
4 0 -9.142 0 6.36 -9.218 0 6.801 -9.632 0 6.801 -9.482 0 6.397
4 0 1.942 0 4.596 1.942 0 6.801 1.527 0 6.618 1.527 0 4.596
3 0 1.942 0 6.801 1.074 0 6.801 1.527 0 6.618
3 0 2.846 0 4.596 2.884 0 5.846 2.545 0 6.801
3 0 .057 0 6.801 .019 0 5.882 .584 0 5.515
3 0 -.66 0 5.515 -1.074 0 6.765 -1.565 0 6.765
4 0 4.015 0 4.596 4.166 0 4.596 3.713 0 5.515 2.884 0 5.846
4 0 3.713 0 5.515 4.166 0 4.596 4.166 0 6.801 3.751 0 6.801
3 0 2.545 0 6.801 2.884 0 5.846 3.713 0 5.515
4 0 11.48 0 6.801 10.952 0 6.801 10.99 0 6.25 11.442 0 6.36
4 0 6.239 0 4.596 6.428 0 4.596 5.938 0 5.515 5.108 0 5.846
4 0 5.938 0 5.515 6.428 0 4.596 6.428 0 6.801 5.976 0 6.801
4 0 4.618 0 4.596 5.071 0 4.596 5.108 0 5.846 4.618 0 6.801
4 0 11.367 0 5.699 11.442 0 6.36 10.99 0 6.25 11.065 0 5.699
4 0 11.103 0 4.596 11.48 0 4.743 10.914 0 4.926 10.952 0 4.743
4 0 -15.024 0 6.36 -14.081 0 6.397 -14.081 0 6.728 -15.476 0 6.765
4 0 -13.591 0 6.654 -13.553 0 4.596 -13.139 0 5 -13.139 0 6.765
3 0 -11.781 0 5 -12.234 0 5 -13.553 0 4.596
3 0 -15.024 0 5 -15.024 0 5.551 -15.476 0 4.596
4 0 -10.839 0 6.765 -12.234 0 6.765 -11.781 0 6.36 -10.839 0 6.36
4 0 -11.781 0 5.919 -11.781 0 6.36 -12.234 0 6.765 -12.234 0 5
3 0 -12.234 0 5 -11.781 0 5.551 -11.781 0 5.919
3 0 -12.234 0 5 -11.781 0 5 -11.781 0 5.551
4 0 -13.553 0 4.596 -10.801 0 4.596 -10.801 0 5 -11.781 0 5
3 0 -13.139 0 6.765 -13.553 0 6.765 -13.591 0 6.654
4 0 -5.938 0 5.551 -5.938 0 5.919 -6.39 0 6.765 -6.39 0 4.596
3 0 -5.938 0 5.919 -5.938 0 6.36 -6.39 0 6.765
4 0 -5.938 0 5 -6.39 0 4.596 -4.958 0 4.596 -4.958 0 4.963
4 0 -5.221 0 5.551 -5.221 0 5.919 -5.938 0 5.919 -5.938 0 5.551
3 0 -5.938 0 5 -5.938 0 5.551 -6.39 0 4.596
4 0 -4.958 0 6.765 -6.39 0 6.765 -5.938 0 6.36 -4.995 0 6.397
4 0 -3.261 0 6.654 -3.638 0 6.36 -3.336 0 6.176 -2.959 0 6.397
4 0 -3.223 0 5.331 -2.884 0 5.037 -2.733 0 5.368 -3.148 0 5.551
4 0 -3.638 0 6.765 -4.505 0 6.765 -4.09 0 6.36 -3.638 0 6.36
4 0 7.295 0 6.36 8.275 0 6.36 8.275 0 6.801 6.88 0 6.801
3 0 7.295 0 5.551 7.295 0 5.919 6.88 0 4.596
4 0 8.313 0 4.596 8.313 0 5 7.295 0 5 6.88 0 4.596
4 0 7.295 0 5.919 7.295 0 5.551 8.011 0 5.551 8.011 0 5.919
3 0 7.295 0 5 7.295 0 5.551 6.88 0 4.596
4 0 6.88 0 4.596 7.295 0 5.919 7.295 0 6.36 6.88 0 6.801
4 0 9.18 0 5.331 9.482 0 5.331 9.67 0 5.772 9.293 0 5.735
4 0 9.934 0 5.441 9.67 0 5.772 9.482 0 5.331 9.934 0 5.404
4 0 10.009 0 4.596 10.462 0 4.596 9.934 0 5.404 9.482 0 5.331
3 0 11.103 0 4.596 11.329 0 4.596 11.48 0 4.743
4 0 9.142 0 5.772 8.728 0 6.801 8.728 0 4.596 9.18 0 5.331
3 0 8.728 0 4.596 9.142 0 4.596 9.18 0 5.331
3 0 -3.638 0 6.765 -3.638 0 6.36 -3.261 0 6.654
4 0 -2.959 0 6.397 -3.336 0 6.176 -3.148 0 5.882 -2.733 0 5.993
4 0 -2.733 0 5.993 -3.148 0 5.882 -3.148 0 5.551 -2.733 0 5.368
4 0 -2.884 0 5.037 -3.223 0 5.331 -3.412 0 5.11 -3.186 0 4.743
4 0 -3.412 0 5.11 -3.676 0 5 -3.525 0 4.596 -3.186 0 4.743
4 0 -4.09 0 5 -4.505 0 4.596 -3.525 0 4.596 -3.676 0 5
4 0 -4.09 0 5 -4.09 0 6.36 -4.543 0 6.654 -4.505 0 4.596
3 0 -4.543 0 6.654 -4.09 0 6.36 -4.505 0 6.765
4 0 9.821 0 6.213 10.273 0 6.14 10.198 0 6.434 9.934 0 6.691
4 0 9.632 0 6.36 9.821 0 6.213 9.934 0 6.691 9.632 0 6.801
4 0 9.821 0 5.919 9.67 0 5.772 9.934 0 5.441 10.198 0 5.699
4 0 10.273 0 5.993 10.273 0 6.14 9.821 0 6.213 9.821 0 5.919
3 0 9.821 0 5.919 10.198 0 5.699 10.273 0 5.993
3 0 8.728 0 6.801 9.142 0 5.772 9.142 0 6.36
3 0 9.293 0 5.735 9.142 0 5.772 9.18 0 5.331
4 0 9.632 0 6.801 8.728 0 6.801 9.142 0 6.36 9.632 0 6.36
4 0 17.286 0 6.029 18.002 0 6.838 14.76 0 6.838 15.514 0 6.029
4 0 17.286 0 5.074 18.002 0 2.941 18.002 0 6.838 17.286 0 6.029
4 0 16.079 0 5.294 16.117 0 4.559 16.607 0 4.559 17.21 0 5.11
4 0 16.079 0 5.294 17.21 0 5.11 16.795 0 5.294 16.192 0 5.331
4 0 15.589 0 5.147 15.815 0 4.412 16.117 0 4.559 15.853 0 5.257
3 0 16.117 0 4.559 16.079 0 5.294 15.853 0 5.257
3 0 15.514 0 5.11 15.514 0 6.029 14.76 0 6.838
4 0 10.914 0 4.926 11.48 0 4.743 11.291 0 5.221 11.027 0 5.11
3 0 11.48 0 4.743 11.517 0 5 11.291 0 5.221
3 0 11.178 0 5.221 11.027 0 5.11 11.291 0 5.221
4 0 16.909 0 4.412 17.286 0 5.074 17.21 0 5.11 16.607 0 4.559
3 0 17.097 0 4.191 17.286 0 5.074 16.909 0 4.412
3 0 17.097 0 4.191 17.248 0 3.86 17.286 0 5.074
4 0 17.248 0 3.86 17.286 0 3.64 18.002 0 2.941 17.286 0 5.074
4 0 17.286 0 3.64 15.514 0 3.676 14.76 0 2.904 18.002 0 2.941
3 0 15.664 0 4.191 15.815 0 4.412 15.589 0 5.147
4 0 15.589 0 5.147 15.514 0 5.11 15.514 0 3.86 15.664 0 4.191
4 0 15.514 0 3.676 15.514 0 3.86 14.76 0 6.838 14.76 0 2.904
3 0 15.514 0 3.86 15.514 0 5.11 14.76 0 6.838
3 0 2.545 0 -6.985 3.223 0 -6.838 3.223 0 -.551
3 0 17.7 0 -.074 17.323 0 .294 17.21 0 .368
3 0 16.833 0 -.294 17.059 0 -.404 17.7 0 -.074
4 0 17.21 0 .368 16.909 0 .441 16.833 0 -.294 17.7 0 -.074
4 0 17.851 0 -.478 17.7 0 -.074 17.059 0 -.404 17.172 0 -.662
4 0 16.909 0 -7.096 17.248 0 -7.757 17.625 0 -7.426 17.059 0 -6.985
4 0 3.525 0 -.294 16.833 0 -.294 16.909 0 .441 3.412 0 .441
4 0 17.851 0 -.478 17.172 0 -.662 17.172 0 -6.728 17.813 0 -7.059
4 0 17.813 0 -7.059 17.172 0 -6.728 17.059 0 -6.985 17.625 0 -7.426
4 0 3.11 0 -7.721 3.374 0 -7.831 2.733 0 -7.39 2.959 0 -7.647
4 0 3.374 0 -7.831 16.946 0 -7.831 3.487 0 -7.096 2.733 0 -7.39
4 0 16.909 0 -7.096 3.487 0 -7.096 16.946 0 -7.831 17.248 0 -7.757
4 0 2.733 0 -7.39 3.487 0 -7.096 3.223 0 -6.838 2.545 0 -6.985
4 0 2.545 0 -6.985 3.223 0 -.551 2.582 0 -.257 2.507 0 -.662
3 0 4.618 0 -2.169 4.656 0 -1.507 4.43 0 -1.618
4 0 2.846 0 .11 3.374 0 -.368 3.412 0 .441 3.186 0 .368
3 0 3.374 0 -.368 3.525 0 -.294 3.412 0 .441
4 0 9.255 0 -2.169 9.444 0 -1.949 9.444 0 -1.691 9.255 0 -1.507
4 0 11.555 0 -1.471 11.48 0 -1.507 11.48 0 -2.169 15.024 0 -1.471
4 0 7.37 0 -3.272 7.22 0 -3.199 7.295 0 -3.86 7.446 0 -3.676
4 0 4.618 0 -2.169 4.43 0 -1.618 4.354 0 -1.875 4.467 0 -2.059
4 0 9.255 0 -2.169 9.255 0 -1.507 4.656 0 -1.507 4.618 0 -2.169
4 0 11.291 0 -1.654 11.291 0 -1.985 11.48 0 -2.169 11.48 0 -1.507
4 0 15.25 0 -1.544 15.024 0 -1.471 15.363 0 -1.875 15.363 0 -1.765
3 0 15.25 0 -2.096 15.363 0 -1.875 15.024 0 -1.471
4 0 11.48 0 -2.169 14.948 0 -2.169 15.25 0 -2.096 15.024 0 -1.471
3 0 7.446 0 -3.676 7.484 0 -3.493 7.37 0 -3.272
4 0 7.22 0 -3.199 4.581 0 -3.199 4.354 0 -3.419 7.295 0 -3.86
4 0 4.354 0 -3.603 4.581 0 -3.86 7.295 0 -3.86 4.354 0 -3.419
3 0 4.354 0 -5.588 4.581 0 -5.809 4.543 0 -5.147
4 0 4.467 0 -5.184 4.354 0 -5.404 4.354 0 -5.588 4.543 0 -5.147
3 0 4.354 0 -3.603 4.467 0 -3.824 4.581 0 -3.86
4 0 11.894 0 -3.382 11.706 0 -3.199 8.992 0 -3.86 11.894 0 -3.676
3 0 8.992 0 -3.86 11.744 0 -3.86 11.894 0 -3.676
3 0 9.029 0 -3.199 8.841 0 -3.382 8.803 0 -3.64
4 0 11.706 0 -3.199 9.029 0 -3.199 8.803 0 -3.64 8.992 0 -3.86
4 0 15.551 0 -3.419 15.325 0 -3.86 15.438 0 -3.824 15.551 0 -3.603
4 0 15.551 0 -3.419 15.325 0 -3.199 13.176 0 -3.86 15.325 0 -3.86
4 0 13.214 0 -3.199 13.063 0 -3.75 13.176 0 -3.86 15.325 0 -3.199
4 0 13.214 0 -3.199 12.988 0 -3.419 12.988 0 -3.603 13.063 0 -3.75
4 0 8.426 0 -5.809 8.577 0 -5.735 8.69 0 -5.625 8.501 0 -5.147
3 0 8.69 0 -5.625 8.69 0 -5.331 8.501 0 -5.147
4 0 8.501 0 -5.147 4.543 0 -5.147 4.581 0 -5.809 8.426 0 -5.809
4 0 14.043 0 -5.772 14.194 0 -5.625 14.194 0 -5.331 14.043 0 -5.147
4 0 14.043 0 -5.147 9.896 0 -5.662 10.047 0 -5.809 14.043 0 -5.772
3 0 10.047 0 -5.809 13.855 0 -5.809 14.043 0 -5.772
4 0 14.043 0 -5.147 10.047 0 -5.147 9.972 0 -5.184 9.896 0 -5.662
3 0 9.972 0 -5.184 9.859 0 -5.404 9.896 0 -5.662
4 0 -.584 0 4.596 -.66 0 5.515 -1.565 0 6.765 -.735 0 4.596
3 28 -1.074 0 6.765 -.66 0 5.515 -.094 0 6.801
3 0 -.094 0 6.801 -.66 0 5.515 .057 0 6.801
4 0 -.584 0 4.596 .019 0 5.882 .057 0 6.801 -.66 0 5.515
3 28 .019 0 5.882 -.584 0 4.596 .584 0 4.596
4 0 .735 0 4.596 1.527 0 6.618 1.074 0 6.801 .584 0 5.515
3 28 1.074 0 6.801 .057 0 6.801 .584 0 5.515
3 28 .735 0 4.596 1.527 0 4.596 1.527 0 6.618
3 28 -.094 0 6.801 .057 0 6.801 -2.8655 0 7.7025
3 28 -2.8655 0 7.7025 .057 0 6.801 1.074 0 6.801
4 0 5.108 0 5.846 5.938 0 5.515 4.78 0 6.801 4.618 0 6.801
4 0 2.394 0 6.801 2.394 0 4.596 2.846 0 4.596 2.545 0 6.801
3 28 3.751 0 6.801 4.166 0 6.801 4.535 0 7.693
3 28 3.751 0 6.801 4.535 0 7.693 2.545 0 6.801
3 28 2.545 0 6.801 4.535 0 7.693 2.394 0 6.801
3 28 1.942 0 6.801 2.394 0 6.801 4.535 0 7.693
4 28 1.074 0 6.801 1.942 0 6.801 4.535 0 7.693 -2.8655 0 7.7025
4 28 5.938 0 5.515 5.976 0 6.801 4.535 0 7.693 4.78 0 6.801
3 28 5.976 0 6.801 6.428 0 6.801 4.535 0 7.693
4 28 4.535 0 7.693 6.428 0 6.801 6.88 0 6.801 11.932 0 7.684
3 16 -10.198 0 .441 -9.218 0 -1.176 -9.482 0 .565
4 16 -7.861 0 -2.721 -8.351 0 .735 -8.841 0 .662 -8.351 0 -2.794
3 4 -7.559 0 -.074 -7.71 0 .846 -8.351 0 .735
4 16 -1.791 0 -2.39 -1.376 0 -5.16 .735 0 -3.971 .773 0 -3.309
3 16 -1.791 0 -2.39 .773 0 -3.309 .811 0 -3.235
4 4 -8.087 0 -5.221 -7.031 0 -6.434 -6.828 0 -5.105 -7.484 0 -5.147
3 16 -7.031 0 -6.434 -6.616 0 -6.714 -6.828 0 -5.105
4 16 -7.333 0 -7.39 -7.559 0 -6.507 -8.124 0 -5.294 -7.861 0 -6.981
4 4 -8.087 0 -5.221 -8.124 0 -5.294 -7.559 0 -6.507 -7.031 0 -6.434
4 16 -7.559 0 -6.507 -7.333 0 -7.39 -6.616 0 -6.714 -7.031 0 -6.434
3 4 -8.124 0 -5.294 -8.087 0 -5.221 -8.2 0 -3.493
4 16 -10.349 0 -8.566 -8.992 0 -3.626 -11.404 0 -3.309 -12.686 0 -8.566
3 16 -8.992 0 -3.626 -10.349 0 -8.566 -8.501 0 -7.122
4 16 -12.535 0 -3.015 -12.648 0 -2.684 -13.101 0 -2.39 -13.063 0 -3.051
4 16 -12.648 0 -2.684 -13.063 0 .02 -13.478 0 -.03 -13.101 0 -2.39
3 16 -10.839 0 -2.39 -10.839 0 -2.647 -10.349 0 -2.831
3 28 4.618 0 6.801 4.78 0 6.801 4.535 0 7.693
3 28 4.618 0 6.801 4.535 0 7.693 4.166 0 6.801
4 16 -18.643 0 -2.169 -18.68 0 .074 -19.397 0 .074 -19.397 0 -2.169
4 16 -16.795 0 .331 -18.68 0 .074 -18.643 0 -2.169 -16.871 0 -.037
3 16 -19.397 0 -2.169 -19.397 0 .074 -20 0 -10
4 4 -19.397 0 2.5 -19.397 0 .074 -18.68 0 .074 -18.68 0 2.5
3 16 -19.397 0 2.5 -19.397 0 4.743 -20 0 10
4 16 -19.397 0 .074 -19.397 0 2.5 -20 0 10 -20 0 -10
4 28 -17.135 0 6.654 -17.776 0 7.684 -17.851 0 7.647 -17.286 0 6.397
4 28 -18.115 0 7.243 -17.286 0 6.397 -17.851 0 7.647 -18.002 0 7.5
4 4 -7.333 0 -1.287 -7.031 0 -.515 -7.106 0 .956 -7.559 0 -.074
3 16 -7.559 0 -.074 -7.106 0 .956 -7.71 0 .846
3 16 -7.031 0 -.515 -6.579 0 -1.213 -6.466 0 .7
4 16 -5.938 0 -6.581 -5.561 0 -6.507 -5.41 0 -2.904 -6.466 0 -3.125
3 4 -8.501 0 -7.122 -7.861 0 -6.981 -8.124 0 -5.294
3 4 -4.882 0 -5.735 -4.317 0 -5.662 -5.41 0 -2.904
4 4 -5.561 0 -6.507 -4.92 0 -6.35 -4.882 0 -5.735 -5.41 0 -2.904
4 4 -5.41 0 -2.904 -4.317 0 -5.662 -3.45 0 -6.176 -4.656 0 -2.771
4 16 -5.862 0 -2.409 -4.656 0 -2.771 -3.563 0 -2.61 -6.579 0 -1.213
4 4 -7.22 0 -1.471 -6.579 0 -2.5 -5.862 0 -2.409 -6.579 0 -1.213
4 4 -6.466 0 1.103 -7.106 0 .956 -7.031 0 -.515 -6.466 0 .7
4 16 -7.106 0 .956 -6.466 0 1.103 -4.844 0 2.096 -9.821 0 1.507
3 16 -4.844 0 2.096 -4.769 0 2.206 -9.821 0 1.507
3 16 -5.41 0 -2.904 -4.656 0 -2.771 -5.862 0 -2.409
4 16 -6.579 0 -2.5 -6.466 0 -3.125 -5.41 0 -2.904 -5.862 0 -2.409
4 4 -8.351 0 .735 -7.861 0 -2.721 -7.182 0 -2.617 -7.37 0 -1.397
4 4 -7.333 0 -1.287 -7.559 0 -.074 -8.351 0 .735 -7.37 0 -1.397
4 16 -7.22 0 -3.309 -6.466 0 -3.125 -6.579 0 -2.5 -7.182 0 -2.617
3 16 -7.861 0 -2.721 -7.22 0 -3.309 -7.182 0 -2.617
3 4 -8.087 0 -5.221 -7.484 0 -5.147 -8.2 0 -3.493
3 16 -8.2 0 -3.493 -7.484 0 -5.147 -7.22 0 -3.309
4 4 -7.22 0 -3.309 -7.484 0 -5.147 -6.828 0 -5.105 -6.466 0 -3.125
4 4 -6.828 0 -5.105 -6.616 0 -6.714 -5.938 0 -6.581 -6.466 0 -3.125
4 4 -8.501 0 -7.122 -8.124 0 -5.294 -8.2 0 -3.493 -8.992 0 -3.626
4 16 -7.861 0 -6.981 -8.501 0 -7.122 -7.974 0 -7.574 -7.333 0 -7.39
3 16 -7.974 0 -7.574 -8.501 0 -7.122 -8.2 0 -7.684
3 16 -6.616 0 -6.714 -7.333 0 -7.39 -5.938 0 -6.581
4 16 -5.938 0 -6.581 -7.333 0 -7.39 -3.261 0 -6.728 -5.561 0 -6.507
4 16 -4.882 0 -5.735 -4.92 0 -6.35 -4.128 0 -6.266 -4.317 0 -5.662
3 4 -4.128 0 -6.266 -3.45 0 -6.176 -4.317 0 -5.662
3 16 -3.261 0 -6.728 -3.45 0 -6.176 -4.128 0 -6.266
4 16 -5.561 0 -6.507 -3.261 0 -6.728 -4.128 0 -6.266 -4.92 0 -6.35
4 4 -10.349 0 -2.831 -10.311 0 -3.088 -9.67 0 -2.998 -9.896 0 -1.434
4 4 -8.351 0 -2.794 -8.841 0 .662 -9.482 0 .565 -9.218 0 -1.176
4 16 -9.821 0 1.507 -9.821 0 1.324 -9.482 0 .565 -8.841 0 .662
3 16 -7.71 0 .846 -7.106 0 .956 -9.821 0 1.507
4 16 -7.71 0 .846 -9.821 0 1.507 -8.841 0 .662 -8.351 0 .735
4 16 -8.351 0 -2.794 -8.954 0 -2.904 -8.992 0 -3.626 -8.2 0 -3.493
4 16 -10.311 0 -3.088 -11.14 0 -3.162 -11.404 0 -3.309 -8.992 0 -3.626
4 16 -10.311 0 -3.088 -8.992 0 -3.626 -8.954 0 -2.904 -9.67 0 -2.998
3 16 -9.896 0 -1.434 -9.67 0 -2.998 -8.954 0 -2.904
4 4 -8.954 0 -2.904 -8.351 0 -2.794 -10.801 0 .354 -9.896 0 -1.434
4 4 -8.351 0 -2.794 -9.218 0 -1.176 -10.198 0 .441 -10.801 0 .354
3 4 -9.896 0 -1.434 -10.801 0 .354 -10.349 0 -2.831
4 4 .735 0 -3.971 .961 0 -5.919 1.489 0 -5.956 1.188 0 -4.007
3 16 1.489 0 -5.956 2.545 0 -6.985 1.188 0 -4.007
3 16 -.268 0 -5.735 .811 0 -6.066 .961 0 -5.919
3 16 -.268 0 -5.735 .961 0 -5.919 .735 0 -3.971
3 16 -.268 0 -5.735 .735 0 -3.971 -.391 0 -5.037
3 16 -.391 0 -5.037 .735 0 -3.971 -1.376 0 -5.16
3 16 -3.261 0 -6.728 -1.912 0 -5.969 -2.352 0 -6.029
3 16 -3.085 0 -6.14 -3.45 0 -6.176 -3.261 0 -6.728
3 16 -3.261 0 -6.728 -2.352 0 -6.029 -3.085 0 -6.14
4 4 -2.9 0 -2.53 -3.563 0 -2.61 -3.085 0 -6.14 -2.352 0 -6.029
4 4 -1.376 0 -5.16 -1.791 0 -2.39 -2.432 0 -2.463 -1.912 0 -5.969
4 4 -1.912 0 -5.969 -.268 0 -5.735 -.391 0 -5.037 -1.376 0 -5.16
4 16 .811 0 -6.066 -.268 0 -5.735 -1.912 0 -5.969 -3.261 0 -6.728
4 16 -2.352 0 -6.029 -1.912 0 -5.969 -2.432 0 -2.463 -2.9 0 -2.53
4 16 -4.656 0 -2.771 -3.45 0 -6.176 -3.085 0 -6.14 -3.563 0 -2.61
4 4 -12.008 0 -2.5 -12.385 0 .11 -13.063 0 .02 -12.648 0 -2.684
3 16 -13.478 0 -.03 -13.063 0 .02 -12.234 0 .735
3 16 -12.234 0 .735 -13.063 0 .02 -12.385 0 .11
3 16 -12.385 0 .11 -11.889 0 .184 -12.234 0 .735
4 16 -11.48 0 -2.463 -11.889 0 .184 -12.385 0 .11 -12.008 0 -2.5
4 16 -12.234 0 .735 -11.889 0 .184 -11.216 0 .294 -11.065 0 .956
4 4 -11.889 0 .184 -11.48 0 -2.463 -10.839 0 -2.39 -11.216 0 .294
4 16 -10.349 0 -2.831 -10.801 0 .354 -11.216 0 .294 -10.839 0 -2.39
3 16 -11.216 0 .294 -10.801 0 .354 -11.065 0 .956
4 16 -11.065 0 .956 -10.801 0 .354 -10.198 0 .441 -10.16 0 1.176
3 16 -14.948 0 -2.243 -14.345 0 -2.169 -14.684 0 -.956
3 16 -14.684 0 -.956 -14.345 0 -2.169 -14.006 0 -.879
4 16 -14.345 0 -2.169 -14.27 0 -2.647 -13.742 0 -2.757 -14.006 0 -.879
4 4 -13.478 0 -.03 -14.812 0 -.204 -14.684 0 -.956 -14.006 0 -.879
4 4 -13.478 0 -.03 -14.006 0 -.879 -13.742 0 -2.757 -13.101 0 -2.39
4 16 -16.192 0 .11 -16.305 0 .074 -16.343 0 -.037 -14.684 0 -.956
4 4 -14.948 0 -2.61 -14.27 0 -2.647 -14.345 0 -2.169 -14.948 0 -2.243
3 16 -14.684 0 -.956 -14.812 0 -.204 -16.192 0 .11
4 16 -16.192 0 .11 -14.812 0 -.204 -13.478 0 -.03 -12.234 0 .735