0 Tile  1 x  1 with Bright Pink Worm with Coral Stripes, White Eyes and Black Outline Pattern
0 Name: 3070bpz4.dat
0 Author: Peter Grass [Evilspyre]
0 !LDRAW_ORG Part UPDATE 2026-01
0 !LICENSE Licensed under CC BY 4.0 : see CAreadme.txt

0 BFC CERTIFY CCW

0 !KEYWORDS Black Dahlia, BrickLink 3070pb382, Brickowl 235282, Brickset 113975
0 !KEYWORDS Rebrickable 3070bpr9890, Set 76784

0 !HISTORY 2026-01-29 [OrionP] Official Update 2026-01

1 16 0 0 0 1 0 0 0 1 0 0 0 1 s\3070bs01.dat
3 16 10 0 10 7.031 0 9.336 7.461 0 9.141
3 16 10 0 10 7.461 0 9.141 7.93 0 8.828
3 16 10 0 10 7.93 0 8.828 8.477 0 8.281
3 16 10 0 10 8.477 0 8.281 8.789 0 7.812
3 16 10 0 10 8.789 0 7.812 9.023 0 7.305
3 16 10 0 10 9.023 0 7.305 9.18 0 6.836
3 16 10 0 10 9.18 0 6.836 9.297 0 6.25
4 16 9.297 0 5.039 10 0 -10 10 0 10 9.297 0 6.25
3 16 10 0 -10 9.297 0 5.039 9.141 0 4.258
3 16 10 0 -10 9.141 0 4.258 8.906 0 3.594
3 16 10 0 -10 8.906 0 3.594 8.633 0 3.047
3 16 10 0 -10 8.633 0 3.047 8.242 0 2.461
3 16 10 0 -10 8.242 0 2.461 7.734 0 1.914
3 16 10 0 -10 7.734 0 1.914 6.914 0 1.289
4 16 10 0 -10 6.055 0 .859 5.391 0 .625 2.148 0 -6.797
3 16 10 0 -10 6.914 0 1.289 6.055 0 .859
4 16 1.914 0 -6.25 2.148 0 -6.797 5.391 0 .625 4.766 0 .469
4 16 1.563 0 -5.664 1.914 0 -6.25 4.766 0 .469 3.984 0 .352
4 16 3.984 0 .352 2.695 0 .352 1.055 0 -5 1.563 0 -5.664
4 16 -2.852 0 1.719 -3.008 0 -.234 -1.328 0 1.406 -2.227 0 1.641
3 16 -3.008 0 -.234 -2.852 0 1.719 -3.633 0 1.68
4 16 -3.008 0 -.234 -3.633 0 1.68 -4.375 0 .859 -3.594 0 -.039
4 16 -4.336 0 .352 -4.219 0 0 -3.594 0 -.039 -4.375 0 .859
4 16 -3.633 0 1.68 -3.984 0 1.523 -4.258 0 1.289 -4.375 0 .859
4 16 1.133 0 .625 .469 0 .82 -2.656 0 -.43 -1.797 0 -1.211
4 16 -3.008 0 -.234 -2.656 0 -.43 .469 0 .82 -1.328 0 1.406
4 16 1.875 0 .469 -.078 0 -3.945 .469 0 -4.414 2.695 0 .352
4 16 1.875 0 .469 1.133 0 .625 -1.797 0 -1.211 -1.445 0 -1.758
3 16 -1.445 0 -1.758 -1.25 0 -2.344 1.875 0 .469
4 16 -.078 0 -3.945 1.875 0 .469 -1.25 0 -2.344 -1.211 0 -3.086
3 16 .469 0 -4.414 1.055 0 -5 2.695 0 .352
3 16 10 0 -10 2.148 0 -6.797 2.305 0 -7.344
3 16 10 0 -10 2.305 0 -7.344 2.305 0 -8.32
3 16 10 0 -10 2.305 0 -8.32 2.109 0 -8.789
3 16 10 0 -10 2.109 0 -8.789 1.719 0 -9.141
3 16 10 0 -10 1.719 0 -9.141 1.289 0 -9.336
4 16 10 0 -10 1.289 0 -9.336 .508 0 -9.336 -10 0 -10
3 16 -10 0 -10 .508 0 -9.336 -.391 0 -9.023
3 16 -10 0 -10 -.391 0 -9.023 -1.602 0 -8.398
4 16 -1.602 0 -8.398 -2.305 0 -7.969 -5.508 0 -6.445 -10 0 -10
4 16 -2.305 0 -7.969 -3.125 0 -7.383 -4.414 0 -6.484 -5.508 0 -6.445
3 16 -10 0 -10 -5.508 0 -6.445 -6.055 0 -6.25
3 16 -10 0 -10 -6.055 0 -6.25 -6.602 0 -5.898
3 16 -10 0 -10 -6.602 0 -5.898 -7.305 0 -5.313
3 16 -10 0 -10 -7.305 0 -5.313 -7.656 0 -4.922
3 16 -10 0 -10 -7.656 0 -4.922 -7.891 0 -4.414
4 16 -10 0 -10 -7.891 0 -4.414 -8.008 0 -3.867 -8.437 0 -2.461
3 16 -7.969 0 -3.203 -8.437 0 -2.461 -8.008 0 -3.867
3 16 -8.437 0 -2.461 -8.789 0 -1.719 -10 0 -10
3 16 -9.062 0 -.938 -10 0 -10 -8.789 0 -1.719
3 16 -9.219 0 -.156 -10 0 -10 -9.062 0 -.938
4 16 -9.219 0 -.156 -9.219 0 1.68 -10 0 10 -10 0 -10
3 16 -10 0 10 -9.219 0 1.68 -9.023 0 2.578
3 16 -10 0 10 -9.023 0 2.578 -8.789 0 3.203
3 16 -10 0 10 -8.789 0 3.203 -8.398 0 3.984
3 16 -10 0 10 -8.398 0 3.984 -7.812 0 4.766
3 16 -10 0 10 -7.812 0 4.766 -7.148 0 5.391
3 16 -10 0 10 -7.148 0 5.391 -6.484 0 5.82
3 16 -10 0 10 -6.484 0 5.82 -5.859 0 6.133
3 16 -10 0 10 -5.859 0 6.133 -4.922 0 6.445
4 16 5.43 0 8.984 -10 0 10 -4.922 0 6.445 -4.141 0 6.602
3 16 -10 0 10 5.82 0 9.219 6.25 0 9.375
3 16 5.43 0 8.984 5.82 0 9.219 -10 0 10
4 16 5.117 0 8.633 5.43 0 8.984 -4.141 0 6.602 -2.109 0 6.602
4 16 4.922 0 8.203 .078 0 6.094 1.172 0 5.703 4.805 0 7.695
4 16 4.805 0 7.695 1.172 0 5.703 2.383 0 5.273 3.086 0 5.117
4 16 4.805 0 7.695 3.086 0 5.117 3.594 0 5.078 4.766 0 5.547
4 16 4.766 0 5.547 3.594 0 5.078 4.18 0 5.156 4.688 0 5.391
3 16 -1.055 0 6.406 .078 0 6.094 4.922 0 8.203
4 16 4.922 0 8.203 5.117 0 8.633 -2.109 0 6.602 -1.055 0 6.406
3 16 10 0 10 6.25 0 9.375 7.031 0 9.336
3 16 -10 0 10 6.25 0 9.375 10 0 10
0 BFC NOCLIP
4 353 8.125 0 6.172 8.008 0 5.586 8.555 0 5.82 8.477 0 6.406
4 0 7.461 0 9.141 7.031 0 9.336 6.797 0 8.594 7.148 0 8.437
4 0 9.297 0 6.25 9.023 0 7.305 8.359 0 6.914 8.477 0 6.406
3 0 9.297 0 6.25 9.18 0 6.836 9.023 0 7.305
3 0 8.477 0 6.406 8.555 0 5.82 9.297 0 6.25
4 29 4.063 0 2.773 4.219 0 4.375 3.516 0 4.297 3.125 0 3.789
4 0 -1.797 0 -1.211 -2.656 0 -.43 -3.008 0 -1.133 -2.227 0 -1.914
4 353 2.617 0 3.945 3.125 0 3.789 3.125 0 4.336 2.617 0 4.414
4 0 4.648 0 4.492 3.594 0 5.078 3.516 0 4.297 4.219 0 4.375
4 0 1.328 0 1.367 1.133 0 .625 1.875 0 .469 2.344 0 1.172
4 0 .469 0 .82 1.133 0 .625 1.328 0 1.367 .586 0 1.602
4 29 -1.133 0 2.148 -.039 0 3.242 -2.109 0 2.891 -2.187 0 2.422
4 0 -1.328 0 1.406 -1.133 0 2.148 -2.187 0 2.422 -2.227 0 1.641
3 29 -1.133 0 2.148 .039 0 1.797 -.039 0 3.242
4 0 -4.922 0 6.445 -3.828 0 5.859 -3.437 0 5.859 -4.141 0 6.602
4 0 -4.141 0 6.602 -3.437 0 5.859 -3.32 0 5.859 -2.109 0 6.602
4 29 -4.453 0 4.883 -4.492 0 5.742 -5.234 0 5.547 -4.961 0 4.727
4 0 -8.398 0 3.984 -7.695 0 3.633 -7.344 0 4.062 -7.812 0 4.766
4 0 -7.891 0 -4.414 -7.227 0 -3.477 -7.969 0 -3.203 -8.008 0 -3.867
3 0 -7.891 0 -4.414 -7.187 0 -4.102 -7.227 0 -3.477
3 0 -6.602 0 -5.898 -6.055 0 -6.25 -5.859 0 -5.469
4 0 -3.008 0 -.234 -3.516 0 -.859 -3.008 0 -1.133 -2.656 0 -.43
4 0 -1.25 0 -2.344 -1.445 0 -1.758 -1.797 0 -1.211 -2.227 0 -1.914
4 0 -1.992 0 -3.008 -1.211 0 -3.086 -1.25 0 -2.344 -2.031 0 -2.422
3 0 -2.227 0 -1.914 -2.031 0 -2.422 -1.25 0 -2.344
4 0 1.367 0 -8.398 1.719 0 -9.141 2.109 0 -8.789 1.523 0 -8.203
3 0 2.109 0 -8.789 2.305 0 -8.32 1.523 0 -8.203
4 0 -.469 0 -7.93 -.82 0 -7.93 -.391 0 -9.023 -.039 0 -8.32
4 15 .625 0 -5.742 .43 0 -6.797 1.25 0 -6.328 .781 0 -5.781
3 15 .43 0 -6.797 1.172 0 -6.602 1.25 0 -6.328
3 353 -2.773 0 -5.82 -2.07 0 -5.781 -1.289 0 -5.039
3 0 -3.125 0 -7.383 -2.773 0 -6.68 -3.203 0 -6.367
4 0 -6.914 0 -4.609 -7.656 0 -4.922 -7.305 0 -5.313 -6.523 0 -4.961
4 0 -7.656 0 -4.922 -6.914 0 -4.609 -7.187 0 -4.102 -7.891 0 -4.414
4 0 -9.062 0 -.938 -8.789 0 -1.719 -8.086 0 -1.406 -8.32 0 -.703
4 0 -7.109 0 -3.008 -7.461 0 -2.539 -7.969 0 -3.203 -7.227 0 -3.477
4 0 -5.078 0 .156 -4.883 0 -.391 -4.219 0 0 -4.336 0 .352
3 353 -8.437 0 .742 -8.437 0 -.078 -8.203 0 .234
4 353 -7.93 0 1.211 -7.539 0 .82 -7.461 0 1.25 -7.461 0 1.367
4 0 -8.086 0 2.891 -7.695 0 3.633 -8.398 0 3.984 -8.789 0 3.203
4 15 -6.094 0 4.023 -6.367 0 3.789 -6.016 0 3.086 -5.391 0 3.711
4 0 -3.359 0 2.5 -3.633 0 1.68 -2.852 0 1.719 -2.734 0 2.5
4 0 -2.734 0 2.5 -2.852 0 1.719 -2.227 0 1.641 -2.187 0 2.422
4 29 .43 0 4.297 .508 0 1.914 1.445 0 2.578 1.914 0 4.609
4 0 4.18 0 5.156 4.648 0 4.492 5.117 0 4.766 4.688 0 5.391
4 0 5.547 0 5.625 4.688 0 5.391 5.117 0 4.766 5.391 0 5.039
4 29 5.547 0 7.266 6.406 0 5.898 6.992 0 5.859 7.656 0 8.047
4 0 5.117 0 8.633 4.922 0 8.203 5.625 0 7.891 5.82 0 8.281
4 0 5.43 0 8.984 5.117 0 8.633 5.82 0 8.281 6.211 0 8.555
4 0 5.82 0 9.219 5.43 0 8.984 6.211 0 8.555 6.25 0 9.375
4 0 6.25 0 9.375 6.211 0 8.555 6.797 0 8.594 7.031 0 9.336
4 353 7.617 0 5.977 7.5 0 5.43 8.008 0 5.586 8.125 0 6.172
4 353 6.992 0 5.859 6.875 0 5.352 7.5 0 5.43 7.617 0 5.977
4 0 4.688 0 5.391 5.547 0 5.625 5.547 0 6.172 4.766 0 5.547
4 29 5.547 0 7.266 5.547 0 6.172 5.898 0 6.016 6.406 0 5.898
4 0 5.547 0 6.172 5.547 0 7.266 4.805 0 7.695 4.766 0 5.547
4 0 7.148 0 8.437 7.656 0 8.047 7.93 0 8.828 7.461 0 9.141
4 0 4.805 0 7.695 5.547 0 7.266 5.625 0 7.891 4.922 0 8.203
4 29 6.211 0 8.555 5.82 0 8.281 5.625 0 7.891 6.797 0 8.594
3 29 5.625 0 7.891 5.547 0 7.266 7.656 0 8.047
4 29 6.797 0 8.594 5.625 0 7.891 7.656 0 8.047 7.148 0 8.437
4 29 6.992 0 5.859 7.617 0 5.977 8.047 0 7.539 7.656 0 8.047
4 0 7.656 0 8.047 8.047 0 7.539 8.477 0 8.281 7.93 0 8.828
3 0 8.047 0 7.539 8.359 0 6.914 9.023 0 7.305
4 0 8.477 0 8.281 8.047 0 7.539 9.023 0 7.305 8.789 0 7.812
4 29 8.477 0 6.406 8.359 0 6.914 8.047 0 7.539 7.617 0 5.977
3 29 7.617 0 5.977 8.125 0 6.172 8.477 0 6.406
3 353 6.406 0 5.898 5.898 0 6.016 6.172 0 5.43
4 29 7.148 0 4.023 7.93 0 3.398 8.242 0 4.023 7.188 0 4.453
4 29 8.008 0 5.586 7.188 0 4.453 8.242 0 4.023 8.438 0 4.648
4 353 6.406 0 5.898 6.172 0 5.43 6.875 0 5.352 6.992 0 5.859
4 353 5.898 0 6.016 5.547 0 6.172 5.547 0 5.625 6.172 0 5.43
4 353 6.836 0 2.734 6.836 0 2.227 7.148 0 2.422 7.305 0 2.617
4 29 -2.266 0 4.805 -2.109 0 4.023 -.82 0 5.547 -1.836 0 5.781
4 29 -4.805 0 4.219 -4.492 0 3.477 -2.656 0 4.297 -2.812 0 4.883
3 29 -2.812 0 4.883 -3.984 0 4.766 -4.805 0 4.219
4 29 -2.812 0 4.883 -3.047 0 5.391 -3.984 0 4.883 -3.984 0 4.766
4 29 -3.047 0 5.391 -3.32 0 5.859 -3.437 0 5.859 -3.984 0 4.883
3 0 -2.109 0 6.602 -3.32 0 5.859 -2.734 0 5.859
4 353 -2.578 0 3.477 -2.109 0 2.891 -2.109 0 4.023 -2.656 0 4.297
4 353 -3.047 0 5.391 -2.5 0 5.43 -2.734 0 5.859 -3.32 0 5.859
4 0 -1.055 0 6.406 -2.109 0 6.602 -1.836 0 5.781 -.82 0 5.547
3 0 -2.109 0 6.602 -2.734 0 5.859 -1.836 0 5.781
4 353 -2.812 0 4.883 -2.266 0 4.805 -2.5 0 5.43 -3.047 0 5.391
3 29 -2.5 0 5.43 -2.266 0 4.805 -1.836 0 5.781
4 353 -2.266 0 4.805 -2.812 0 4.883 -2.656 0 4.297 -2.109 0 4.023
3 29 -2.109 0 4.023 -2.109 0 2.891 -.039 0 3.242
4 353 -2.578 0 3.477 -2.734 0 2.5 -2.187 0 2.422 -2.109 0 2.891
4 0 -5.781 0 5.312 -5.859 0 6.133 -6.484 0 5.82 -6.289 0 5.039
4 353 -5.078 0 3.984 -5.391 0 3.711 -4.883 0 3.164 -4.492 0 3.477
4 353 -6.758 0 4.648 -6.758 0 4.687 -7.344 0 4.062 -6.797 0 4.141
4 353 -6.055 0 4.57 -6.289 0 4.102 -6.094 0 4.023 -5.625 0 4.375
4 0 -7.148 0 5.391 -6.758 0 4.687 -6.289 0 5.039 -6.484 0 5.82
4 15 -5.078 0 3.984 -4.805 0 4.219 -4.961 0 4.727 -5.625 0 4.375
4 15 -4.961 0 4.727 -4.805 0 4.219 -3.984 0 4.883 -4.453 0 4.883
3 15 -4.805 0 4.219 -3.984 0 4.766 -3.984 0 4.883
4 29 -4.453 0 4.883 -3.984 0 4.883 -3.828 0 5.859 -4.492 0 5.742
3 29 -3.984 0 4.883 -3.437 0 5.859 -3.828 0 5.859
4 0 -5.859 0 6.133 -4.492 0 5.742 -3.828 0 5.859 -4.922 0 6.445
4 29 -6.055 0 4.57 -5.625 0 4.375 -5.781 0 5.312 -6.289 0 5.039
4 0 -3.984 0 1.523 -3.633 0 1.68 -4.062 0 2.344 -4.375 0 2.187
4 0 -3.633 0 1.68 -3.359 0 2.5 -3.867 0 2.422 -4.062 0 2.344
3 29 -4.805 0 4.219 -5.078 0 3.984 -4.961 0 3.984
3 353 -3.906 0 2.422 -4.062 0 2.344 -3.867 0 2.422
4 29 -4.141 0 2.93 -3.906 0 2.422 -3.867 0 2.422 -3.359 0 2.5
3 29 -4.805 0 4.219 -4.961 0 3.984 -4.492 0 3.477
4 29 -3.359 0 2.5 -2.734 0 2.5 -2.578 0 3.477 -4.141 0 2.93
4 29 -4.492 0 3.477 -4.141 0 2.93 -2.578 0 3.477 -2.656 0 4.297
4 29 -6.055 0 4.57 -6.289 0 5.039 -6.758 0 4.687 -6.758 0 4.648
4 29 -5.781 0 5.312 -5.625 0 4.375 -4.961 0 4.727 -5.234 0 5.547
3 0 -5.781 0 5.312 -5.234 0 5.547 -5.859 0 6.133
3 0 -5.859 0 6.133 -5.234 0 5.547 -4.492 0 5.742
4 0 -1.328 0 1.406 .469 0 .82 .039 0 1.797 -1.133 0 2.148
3 0 .469 0 .82 .586 0 1.602 .039 0 1.797
4 0 -.234 0 5.352 .352 0 5.156 1.172 0 5.703 .078 0 6.094
4 0 1.914 0 4.609 2.383 0 5.273 1.172 0 5.703 .352 0 5.156
4 353 -.234 0 5.352 -.117 0 4.922 .43 0 4.297 .352 0 5.156
3 29 -2.5 0 5.43 -1.836 0 5.781 -2.734 0 5.859
3 29 -.117 0 4.922 -.234 0 5.352 -.82 0 5.547
4 29 -2.109 0 4.023 -.039 0 3.242 -.117 0 4.922 -.82 0 5.547
4 0 .078 0 6.094 -1.055 0 6.406 -.82 0 5.547 -.234 0 5.352
3 0 5.391 0 5.039 5.547 0 5.469 5.547 0 5.625
4 353 5.898 0 3.437 5.469 0 3.984 5.078 0 3.672 5.508 0 3.242
4 29 7.188 0 4.453 7.5 0 5.43 6.875 0 5.352 7.031 0 4.453
3 29 5.547 0 5.469 5.391 0 5.039 6.484 0 3.828
4 29 7.031 0 4.453 6.875 0 5.352 6.172 0 5.43 6.484 0 3.828
4 29 5.547 0 5.625 5.547 0 5.469 6.484 0 3.828 6.172 0 5.43
4 29 5.391 0 5.039 5.117 0 4.766 5.469 0 3.984 6.484 0 3.828
3 29 5.469 0 3.984 5.898 0 3.437 6.484 0 3.828
4 15 6.484 0 3.828 5.898 0 3.437 6.406 0 3.008 6.836 0 3.437
4 0 8.906 0 3.594 8.242 0 4.023 7.93 0 3.398 8.633 0 3.047
4 29 8.008 0 5.586 8.438 0 4.648 8.555 0 5.391 8.555 0 5.82
3 29 8.008 0 5.586 7.5 0 5.43 7.188 0 4.453
3 15 6.484 0 3.828 6.836 0 3.437 7.148 0 4.023
4 15 7.031 0 4.453 6.484 0 3.828 7.148 0 4.023 7.188 0 4.453
3 0 7.734 0 1.914 7.148 0 2.422 6.836 0 2.227
4 0 7.617 0 2.93 7.305 0 2.617 7.148 0 2.422 7.734 0 1.914
4 29 7.305 0 2.617 6.836 0 3.437 6.406 0 3.008 6.836 0 2.734
4 0 8.438 0 4.648 9.141 0 4.258 9.297 0 5.039 8.555 0 5.391
4 0 8.555 0 5.82 8.555 0 5.391 9.297 0 5.039 9.297 0 6.25
4 0 9.141 0 4.258 8.438 0 4.648 8.242 0 4.023 8.906 0 3.594
4 29 7.93 0 3.398 7.148 0 4.023 6.836 0 3.437 7.617 0 2.93
3 29 6.836 0 3.437 7.305 0 2.617 7.617 0 2.93
3 0 7.617 0 2.93 7.734 0 1.914 8.242 0 2.461
4 0 7.617 0 2.93 8.242 0 2.461 8.633 0 3.047 7.93 0 3.398
4 15 2.813 0 1.992 3.125 0 2.617 2.852 0 2.617 2.422 0 2.031
4 0 2.383 0 5.273 1.914 0 4.609 2.617 0 4.414 3.086 0 5.117
4 353 .508 0 1.914 .43 0 4.297 -.039 0 3.242 .039 0 1.797
3 353 .43 0 4.297 -.117 0 4.922 -.039 0 3.242
3 353 .586 0 1.602 .508 0 1.914 .039 0 1.797
4 0 2.695 0 .352 3.984 0 .352 3.555 0 1.133 3.008 0 1.133
4 29 1.445 0 2.578 2.695 0 2.656 2.617 0 3.945 1.914 0 4.609
4 0 2.695 0 .352 3.008 0 1.133 2.344 0 1.172 1.875 0 .469
4 29 .586 0 1.602 1.328 0 1.367 1.719 0 2.266 1.445 0 2.461
4 29 2.813 0 1.992 2.422 0 2.031 2.344 0 1.172 3.008 0 1.133
3 29 .43 0 4.297 1.914 0 4.609 .352 0 5.156
4 29 .586 0 1.602 1.445 0 2.461 1.445 0 2.578 .508 0 1.914
4 15 2.422 0 2.031 1.445 0 2.578 1.445 0 2.461 1.719 0 2.266
3 15 2.422 0 2.031 2.852 0 2.617 1.445 0 2.578
4 29 1.328 0 1.367 2.344 0 1.172 2.422 0 2.031 1.719 0 2.266
4 0 3.125 0 4.336 3.516 0 4.297 3.594 0 5.078 2.617 0 4.414
3 0 3.594 0 5.078 3.086 0 5.117 2.617 0 4.414
3 29 2.852 0 2.617 2.695 0 2.656 1.445 0 2.578
3 29 2.617 0 4.414 1.914 0 4.609 2.617 0 3.945
4 15 -7.148 0 2.578 -7.422 0 1.758 -6.68 0 1.758 -6.367 0 2.5
4 0 -8.086 0 2.891 -8.789 0 3.203 -9.023 0 2.578 -8.359 0 2.07
4 0 -5.078 0 1.211 -4.375 0 .859 -4.258 0 1.289 -4.883 0 1.758
4 15 -6.719 0 1.523 -6.68 0 1.758 -7.422 0 1.758 -7.461 0 1.367
4 29 -8.086 0 2.891 -7.148 0 2.578 -6.836 0 3.203 -7.695 0 3.633
4 15 -5.391 0 3.711 -5.078 0 3.984 -5.625 0 4.375 -6.094 0 4.023
4 353 -6.289 0 4.102 -6.055 0 4.57 -6.758 0 4.648 -6.797 0 4.141
3 29 -7.031 0 -.586 -7.227 0 -.43 -8.32 0 -.703
3 29 -6.836 0 1.055 -6.953 0 -.156 -6.797 0 1.016
4 0 -4.336 0 .352 -4.375 0 .859 -5.156 0 .664 -5.078 0 .156
3 0 -4.375 0 .859 -5.078 0 1.211 -5.156 0 .664
4 0 -8.437 0 -2.461 -7.734 0 -2.109 -8.086 0 -1.406 -8.789 0 -1.719
3 29 -5.078 0 .156 -5.156 0 .664 -5.586 0 .859
4 29 -6.953 0 -.156 -5.859 0 -.781 -5.195 0 -.469 -5.586 0 .859
4 15 -7.227 0 -.43 -7.031 0 -.586 -6.953 0 -.156 -7.422 0 .195
4 15 -6.836 0 1.055 -7.461 0 1.25 -7.422 0 .195 -6.953 0 -.156
4 15 -6.836 0 1.055 -6.719 0 1.523 -7.461 0 1.367 -7.461 0 1.25
3 353 -4.492 0 3.477 -4.961 0 3.984 -5.078 0 3.984
3 15 -6.016 0 3.086 -6.367 0 3.789 -6.836 0 3.203
4 15 -6.367 0 2.5 -6.016 0 3.086 -6.836 0 3.203 -7.148 0 2.578
4 29 6.172 0 2.539 6.016 0 2.734 5.664 0 2.5 5.82 0 1.602
4 29 4.961 0 2.227 5.039 0 1.328 5.82 0 1.602 5.664 0 2.5
4 15 5.508 0 3.242 4.961 0 3.008 5.664 0 2.5 6.016 0 2.734
3 29 3.203 0 2.695 3.125 0 2.617 4.063 0 2.773
3 353 5.078 0 3.672 5.43 0 3.242 5.508 0 3.242
4 29 4.063 0 2.773 4.961 0 3.008 5.078 0 3.672 4.219 0 4.375
3 29 4.961 0 3.008 5.43 0 3.242 5.078 0 3.672
4 353 4.648 0 4.492 5.078 0 3.672 5.469 0 3.984 5.117 0 4.766
3 29 -6.094 0 4.023 -6.289 0 4.102 -6.367 0 3.789
4 29 -6.797 0 4.141 -6.836 0 3.203 -6.367 0 3.789 -6.289 0 4.102
4 0 -7.812 0 4.766 -7.344 0 4.062 -6.758 0 4.687 -7.148 0 5.391
3 353 2.695 0 2.656 2.852 0 2.617 3.125 0 2.617
4 353 2.695 0 2.656 3.125 0 2.617 3.125 0 3.789 2.617 0 3.945
3 353 3.125 0 2.617 3.203 0 2.695 3.125 0 3.789
3 0 4.648 0 4.492 4.18 0 5.156 3.594 0 5.078
3 29 3.125 0 3.789 3.203 0 2.695 4.063 0 2.773
3 29 5.43 0 3.242 4.961 0 3.008 5.508 0 3.242
3 29 3.125 0 3.789 3.516 0 4.297 3.125 0 4.336
3 29 4.648 0 4.492 4.219 0 4.375 5.078 0 3.672
4 353 3.438 0 1.445 3.32 0 1.953 2.813 0 1.992 3.008 0 1.133
3 353 6.836 0 2.227 6.836 0 2.734 6.406 0 3.008
4 15 6.016 0 2.734 6.406 0 3.008 5.898 0 3.437 5.508 0 3.242
4 15 4.961 0 2.227 5.664 0 2.5 4.961 0 3.008 4.063 0 2.773
4 0 5.039 0 1.328 4.297 0 1.172 4.766 0 .469 5.391 0 .625
4 15 4.102 0 2.031 4.961 0 2.227 4.063 0 2.773 3.32 0 1.953
4 15 3.125 0 2.617 2.813 0 1.992 3.32 0 1.953 4.063 0 2.773
4 0 3.984 0 .352 4.766 0 .469 4.297 0 1.172 3.555 0 1.133
4 0 -8.359 0 2.07 -9.023 0 2.578 -9.219 0 1.68 -8.477 0 1.367
3 0 -8.477 0 1.055 -8.477 0 1.367 -9.219 0 1.68
4 0 -8.516 0 .82 -8.477 0 1.055 -9.219 0 1.68 -9.219 0 -.156
4 29 -8.477 0 1.055 -7.461 0 1.367 -8.359 0 2.07 -8.477 0 1.367
4 29 -7.461 0 1.367 -7.422 0 1.758 -8.086 0 2.891 -8.359 0 2.07
3 29 -7.422 0 1.758 -7.148 0 2.578 -8.086 0 2.891
4 29 -7.344 0 4.062 -7.695 0 3.633 -6.836 0 3.203 -6.797 0 4.141
3 29 -8.477 0 1.055 -7.93 0 1.211 -7.461 0 1.367
3 29 -8.477 0 1.055 -8.437 0 .742 -7.93 0 1.211
4 29 -4.375 0 2.187 -4.57 0 2.695 -6.367 0 2.5 -4.883 0 1.758
4 0 -4.375 0 2.187 -4.883 0 1.758 -4.258 0 1.289 -3.984 0 1.523
4 353 -3.906 0 2.422 -4.141 0 2.93 -4.57 0 2.695 -4.062 0 2.344
3 353 -4.57 0 2.695 -4.375 0 2.187 -4.062 0 2.344
4 353 -4.141 0 2.93 -4.492 0 3.477 -4.883 0 3.164 -4.57 0 2.695
4 29 -6.016 0 3.086 -4.57 0 2.695 -4.883 0 3.164 -5.391 0 3.711
3 29 -6.016 0 3.086 -6.367 0 2.5 -4.57 0 2.695
4 353 -5.508 0 1.367 -5.937 0 1.484 -6.016 0 .977 -5.586 0 .859
4 29 -5.937 0 1.484 -6.367 0 2.5 -6.68 0 1.758 -6.719 0 1.523
3 29 -6.367 0 2.5 -5.937 0 1.484 -5.508 0 1.367
4 29 -5.078 0 1.211 -4.883 0 1.758 -6.367 0 2.5 -5.508 0 1.367
4 29 6.484 0 1.953 6.836 0 2.227 6.172 0 2.539 5.82 0 1.602
4 0 7.734 0 1.914 6.836 0 2.227 6.484 0 1.953 6.914 0 1.289
4 353 6.836 0 2.227 6.406 0 3.008 6.016 0 2.734 6.172 0 2.539
4 29 5.039 0 1.328 4.961 0 2.227 4.102 0 2.031 4.297 0 1.172
4 29 3.438 0 1.445 3.555 0 1.133 4.297 0 1.172 4.102 0 2.031
3 353 3.008 0 1.133 3.555 0 1.133 3.438 0 1.445
3 29 4.102 0 2.031 3.32 0 1.953 3.438 0 1.445
4 0 6.914 0 1.289 6.484 0 1.953 5.82 0 1.602 6.055 0 .859
4 0 5.391 0 .625 6.055 0 .859 5.82 0 1.602 5.039 0 1.328
4 353 -5.078 0 1.211 -5.508 0 1.367 -5.586 0 .859 -5.156 0 .664
4 353 -6.016 0 .977 -5.937 0 1.484 -6.719 0 1.523 -6.797 0 1.016
3 353 -6.719 0 1.523 -6.836 0 1.055 -6.797 0 1.016
4 29 -5.586 0 .859 -6.016 0 .977 -6.797 0 1.016 -6.953 0 -.156
4 353 -8.516 0 .82 -8.437 0 -.078 -8.437 0 .742 -8.477 0 1.055
3 29 -7.461 0 1.25 -7.539 0 .82 -7.422 0 .195
4 353 -7.93 0 .586 -7.539 0 .82 -7.93 0 1.211 -8.437 0 .742
4 29 -7.422 0 .195 -8.437 0 -.078 -8.32 0 -.703 -7.227 0 -.43
4 29 -8.437 0 -.078 -7.422 0 .195 -7.539 0 .82 -8.203 0 .234
3 29 -7.539 0 .82 -7.93 0 .586 -8.203 0 .234
3 353 -8.437 0 .742 -8.203 0 .234 -7.93 0 .586
4 353 -6.875 0 -1.602 -7.227 0 -2.109 -6.797 0 -2.344 -6.367 0 -1.797
4 0 -7.461 0 -2.539 -7.734 0 -2.109 -8.437 0 -2.461 -7.969 0 -3.203
4 29 -6.328 0 -1.094 -6.953 0 -.156 -7.031 0 -.586 -6.875 0 -1.602
4 29 -8.32 0 -.703 -8.086 0 -1.406 -7.734 0 -2.109 -7.031 0 -.586
4 0 -8.32 0 -.703 -8.437 0 -.078 -9.219 0 -.156 -9.062 0 -.938
3 0 -8.437 0 -.078 -8.516 0 .82 -9.219 0 -.156
3 29 -6.953 0 -.156 -6.328 0 -1.094 -5.859 0 -.781
4 353 -5 0 -.938 -4.687 0 -.781 -4.883 0 -.391 -5.195 0 -.469
4 353 -5.859 0 -1.367 -5.391 0 -1.094 -5.859 0 -.781 -6.328 0 -1.094
4 29 -7.227 0 -2.109 -6.875 0 -1.602 -7.031 0 -.586 -7.734 0 -2.109
3 29 -7.461 0 -2.539 -7.227 0 -2.109 -7.734 0 -2.109
4 29 -5.586 0 .859 -5.195 0 -.469 -4.883 0 -.391 -5.078 0 .156
4 353 -5.195 0 -.469 -5.859 0 -.781 -5.391 0 -1.094 -5 0 -.938
4 15 -4.805 0 -4.063 -5.508 0 -3.32 -5.781 0 -4.141 -5.391 0 -4.453
4 29 -5 0 -.938 -5.508 0 -3.32 -4.805 0 -4.063 -3.945 0 -.781
3 29 -3.945 0 -.781 -4.609 0 -.82 -5 0 -.938
4 29 -6.367 0 -1.797 -5.508 0 -3.32 -5 0 -.938 -5.391 0 -1.094
3 29 -5.391 0 -1.094 -5.859 0 -1.367 -6.367 0 -1.797
4 353 -6.328 0 -1.094 -6.875 0 -1.602 -6.367 0 -1.797 -5.859 0 -1.367
4 353 -7.461 0 -2.539 -7.109 0 -3.008 -6.797 0 -2.344 -7.227 0 -2.109
3 353 -4.609 0 -.82 -4.687 0 -.781 -5 0 -.938
3 29 -3.008 0 -1.133 -3.516 0 -.859 -3.945 0 -.781
4 0 -4.414 0 -6.484 -3.906 0 -5.898 -4.375 0 -5.586 -4.805 0 -5.703
4 0 -3.203 0 -6.367 -3.906 0 -5.898 -4.414 0 -6.484 -3.125 0 -7.383
4 0 -5.508 0 -6.445 -4.414 0 -6.484 -4.805 0 -5.703 -5.469 0 -5.664
4 29 -6.914 0 -4.609 -6.523 0 -4.961 -5.781 0 -4.141 -6.094 0 -3.711
4 0 -6.055 0 -6.25 -5.508 0 -6.445 -5.469 0 -5.664 -5.859 0 -5.469
4 0 -6.602 0 -5.898 -5.859 0 -5.469 -6.523 0 -4.961 -7.305 0 -5.313
4 29 -6.25 0 -3.008 -5.977 0 -3.008 -6.367 0 -1.797 -6.797 0 -2.344
3 29 -5.977 0 -3.008 -5.508 0 -3.32 -6.367 0 -1.797
4 29 -7.187 0 -4.102 -6.094 0 -3.711 -6.289 0 -3.32 -7.227 0 -3.477
4 29 -6.289 0 -3.32 -6.289 0 -3.047 -7.109 0 -3.008 -7.227 0 -3.477
4 0 -1.211 0 -3.086 -1.992 0 -3.008 -2.109 0 -3.359 -1.719 0 -3.672
4 0 -4.219 0 0 -4.883 0 -.391 -4.609 0 -.82 -3.945 0 -.781
3 0 -4.883 0 -.391 -4.687 0 -.781 -4.609 0 -.82
4 0 -3.516 0 -.859 -3.008 0 -.234 -3.594 0 -.039 -3.945 0 -.781
3 0 -3.594 0 -.039 -4.219 0 0 -3.945 0 -.781
4 29 -2.109 0 -3.359 -2.227 0 -1.914 -4.805 0 -4.063 -2.695 0 -3.945
3 29 -4.805 0 -4.063 -4.609 0 -4.453 -2.695 0 -3.945
4 29 -3.945 0 -.781 -4.805 0 -4.063 -2.227 0 -1.914 -3.008 0 -1.133
4 29 -1.992 0 -3.008 -2.031 0 -2.422 -2.227 0 -1.914 -2.109 0 -3.359
4 15 -4.766 0 -4.688 -4.609 0 -4.609 -4.609 0 -4.453 -4.922 0 -4.688
4 29 -4.766 0 -4.688 -4.922 0 -4.688 -4.805 0 -5.703 -4.375 0 -5.586
4 29 -5.391 0 -4.453 -5.859 0 -5.469 -5.469 0 -5.664 -4.922 0 -4.688
3 29 -5.469 0 -5.664 -4.805 0 -5.703 -4.922 0 -4.688
4 29 -2.695 0 -3.945 -4.609 0 -4.453 -4.609 0 -4.609 -4.375 0 -5.586
3 29 -4.609 0 -4.609 -4.766 0 -4.688 -4.375 0 -5.586
4 29 -6.523 0 -4.961 -5.859 0 -5.469 -5.391 0 -4.453 -5.781 0 -4.141
4 15 -4.922 0 -4.688 -4.609 0 -4.453 -4.805 0 -4.063 -5.391 0 -4.453
4 15 -6.094 0 -3.711 -5.781 0 -4.141 -5.508 0 -3.32 -5.977 0 -3.008
3 29 -7.187 0 -4.102 -6.914 0 -4.609 -6.094 0 -3.711
4 15 -6.289 0 -3.32 -6.094 0 -3.711 -5.977 0 -3.008 -6.289 0 -3.047
3 15 -5.977 0 -3.008 -6.25 0 -3.008 -6.289 0 -3.047
4 29 -6.797 0 -2.344 -7.109 0 -3.008 -6.289 0 -3.047 -6.25 0 -3.008
4 353 -3.203 0 -5.078 -2.695 0 -3.945 -4.375 0 -5.586 -3.906 0 -5.898
4 29 -1.289 0 -4.414 -1.016 0 -4.219 -1.719 0 -3.672 -2.148 0 -4.141
4 0 -1.719 0 -3.672 -1.016 0 -4.219 -.078 0 -3.945 -1.211 0 -3.086
4 353 -2.148 0 -4.141 -1.719 0 -3.672 -2.109 0 -3.359 -2.695 0 -3.945
4 353 -2.773 0 -5.82 -1.289 0 -5.039 -1.289 0 -4.414 -1.875 0 -4.883
4 353 -1.289 0 -4.414 -1.289 0 -5.039 -.625 0 -4.57 -1.016 0 -4.219
3 353 -2.695 0 -3.945 -3.203 0 -5.078 -2.148 0 -4.141
4 29 -2.148 0 -4.141 -3.203 0 -5.078 -1.875 0 -4.883 -1.289 0 -4.414
4 29 -3.906 0 -5.898 -3.203 0 -6.367 -2.773 0 -5.82 -3.203 0 -5.078
3 353 -.547 0 -4.57 -1.016 0 -4.219 -.625 0 -4.57
3 0 -.078 0 -3.945 -1.016 0 -4.219 -.547 0 -4.57
4 353 -2.773 0 -6.602 -2.07 0 -5.781 -2.773 0 -5.82 -3.203 0 -6.367
3 29 -2.773 0 -5.82 -1.875 0 -4.883 -3.203 0 -5.078
3 29 -1.953 0 -7.07 -2.773 0 -6.68 -1.953 0 -7.266
4 0 -.078 0 -3.945 -.547 0 -4.57 0 0 -5.039 .469 0 -4.414
4 29 0 0 -5.039 -.547 0 -4.57 -.625 0 -4.57 -.078 0 -5.117
3 29 -.625 0 -4.57 -.508 0 -5.547 -.078 0 -5.117
3 353 -2.773 0 -6.68 -2.773 0 -6.602 -3.203 0 -6.367
4 29 -.625 0 -6.094 -.508 0 -5.547 -.625 0 -4.57 -1.055 0 -6.094
4 29 -.625 0 -4.57 -1.289 0 -5.039 -1.406 0 -6.211 -1.055 0 -6.094
4 29 -2.07 0 -5.781 -1.836 0 -6.641 -1.406 0 -6.211 -1.289 0 -5.039
4 29 -2.773 0 -6.602 -2.773 0 -6.68 -1.836 0 -6.641 -2.07 0 -5.781
3 29 -2.773 0 -6.68 -1.953 0 -7.07 -1.836 0 -6.641
4 0 -.977 0 -6.953 -1.055 0 -6.094 -1.406 0 -6.211 -1.836 0 -6.641
4 0 -1.953 0 -7.266 -2.773 0 -6.68 -3.125 0 -7.383 -2.305 0 -7.969
4 0 1.172 0 -6.016 1.25 0 -6.328 1.914 0 -6.25 1.563 0 -5.664
3 0 .898 0 -5.781 1.172 0 -6.016 1.563 0 -5.664
4 15 .781 0 -5.781 1.25 0 -6.328 1.172 0 -6.016 .898 0 -5.781
4 0 2.305 0 -7.344 2.148 0 -6.797 1.445 0 -7.109 1.563 0 -7.617
3 0 1.914 0 -6.25 1.25 0 -6.328 1.172 0 -6.602
4 0 1.914 0 -6.25 1.172 0 -6.602 1.445 0 -7.109 2.148 0 -6.797
4 0 1.367 0 -7.109 1.445 0 -7.109 1.172 0 -6.602 .977 0 -6.797
4 15 .43 0 -6.797 .664 0 -6.875 .977 0 -6.797 1.172 0 -6.602
4 15 -.469 0 -7.93 -.078 0 -7.5 -.078 0 -7.305 -.82 0 -7.93
4 0 -.742 0 -6.836 .195 0 -6.602 .117 0 -6.289 -.625 0 -6.094
4 0 -.625 0 -6.094 .117 0 -6.289 .195 0 -6.016 -.508 0 -5.547
4 15 .195 0 -6.602 .43 0 -5.82 .195 0 -6.016 .117 0 -6.289
4 0 .195 0 -6.016 .43 0 -5.82 -.078 0 -5.117 -.508 0 -5.547
3 0 -.078 0 -5.117 .43 0 -5.82 .625 0 -5.742
4 15 .625 0 -5.742 .43 0 -5.82 .195 0 -6.602 .43 0 -6.797
4 15 -.078 0 -7.305 -.43 0 -6.875 -.742 0 -6.836 -1.133 0 -7.148
4 0 -.195 0 -7.031 .43 0 -6.797 .195 0 -6.602 -.43 0 -6.875
3 0 .195 0 -6.602 -.742 0 -6.836 -.43 0 -6.875
3 15 -.195 0 -7.031 -.43 0 -6.875 -.078 0 -7.305
4 0 -.078 0 -7.305 .43 0 -7.344 .43 0 -6.797 -.195 0 -7.031
3 15 -.469 0 -7.93 -.234 0 -7.813 -.078 0 -7.5
4 0 -.234 0 -7.813 -.469 0 -7.93 -.039 0 -8.32 .313 0 -7.93
4 0 -.82 0 -7.93 -1.055 0 -7.773 -1.602 0 -8.398 -.391 0 -9.023
4 0 -1.602 0 -8.398 -1.172 0 -7.539 -1.953 0 -7.266 -2.305 0 -7.969
3 15 -1.172 0 -7.539 -1.055 0 -7.773 -.82 0 -7.93
4 15 -1.133 0 -7.148 -1.172 0 -7.539 -.82 0 -7.93 -.078 0 -7.305
3 0 -1.055 0 -7.773 -1.172 0 -7.539 -1.602 0 -8.398
4 0 -1.133 0 -7.148 -1.953 0 -7.07 -1.953 0 -7.266 -1.172 0 -7.539
4 0 -1.836 0 -6.641 -1.953 0 -7.07 -1.133 0 -7.148 -.977 0 -6.953
4 0 -.742 0 -6.836 -.625 0 -6.094 -1.055 0 -6.094 -.977 0 -6.953
3 15 -.742 0 -6.836 -.977 0 -6.953 -1.133 0 -7.148
3 29 .43 0 -7.344 .43 0 -7.539 .977 0 -7.344
4 0 1.563 0 -7.617 1.523 0 -8.203 2.305 0 -8.32 2.305 0 -7.344
4 29 1.563 0 -7.617 .977 0 -7.344 1.172 0 -8.555 1.367 0 -8.398
4 29 .43 0 -7.539 .313 0 -7.93 1.172 0 -8.555 .977 0 -7.344
4 0 1.172 0 -8.555 1.289 0 -9.336 1.719 0 -9.141 1.367 0 -8.398
3 29 1.367 0 -8.398 1.523 0 -8.203 1.563 0 -7.617
4 0 .508 0 -9.336 1.289 0 -9.336 1.172 0 -8.555 .586 0 -8.555
4 0 -.078 0 -7.305 -.078 0 -7.5 .43 0 -7.539 .43 0 -7.344
4 0 .586 0 -8.555 -.039 0 -8.32 -.391 0 -9.023 .508 0 -9.336
4 29 .313 0 -7.93 -.039 0 -8.32 .586 0 -8.555 1.172 0 -8.555
4 0 .313 0 -7.93 .43 0 -7.539 -.078 0 -7.5 -.234 0 -7.813
4 0 .43 0 -7.344 .977 0 -7.344 .664 0 -6.875 .43 0 -6.797
4 0 1.367 0 -7.109 .977 0 -6.797 .664 0 -6.875 .977 0 -7.344
4 29 1.563 0 -7.617 1.445 0 -7.109 1.367 0 -7.109 .977 0 -7.344
3 15 .898 0 -5.781 .625 0 -5.742 .781 0 -5.781
4 0 .625 0 -5.742 .898 0 -5.781 1.563 0 -5.664 1.055 0 -5
4 0 .625 0 -5.742 1.055 0 -5 .469 0 -4.414 0 0 -5.039
3 0 .625 0 -5.742 0 0 -5.039 -.078 0 -5.117