0 Constraction Finger Angled with Clip
0 Name: 3171.dat
0 Author: Philippe Hurbain [Philo]
0 !LDRAW_ORG Part UPDATE 2025-09
0 !LICENSE Licensed under CC BY 4.0 : see CAreadme.txt

0 BFC CERTIFY CCW

0 !KEYWORDS Barb, Claw, Horn, Tooth

0 !HISTORY 2023-10-08 {LEGO Instructions App} Original part shape
0 !HISTORY 2023-11-17 [Philo] File preparation for LDraw Parts Tracker
0 !HISTORY 2025-09-29 [OrionP] Official Update 2025-09

0 // Clip

1 16 4 0 0 0 -1 0 -4 0 0 0 0 4 2-4ndis.dat
0 BFC INVERTNEXT
1 16 4 0 0 0 -8 0 0 0 -4 4 0 0 5-16cylo.dat
0 BFC INVERTNEXT
1 16 4 0 0 0 -8 0 0 0 4 4 0 0 5-16cylo.dat
0 // Finger segment 1
1 16 0 -11.9398 21.3287 4 0 0 0 12.82322 2.06015 0 -7.70497 3.42867 4-4cyli.dat
0 // Finger segment 2
1 16 0 -13.5121 21.8701 4 0 0 0 -9.23056 0.48791 0 1.13438 3.97013 4-4cyli.dat

1 16 -4 0 0 0 1 0 -4 0 0 0 0 4 2-4ndis.dat
1 16 4 0 0 0 -1 0 -4 0 0 0 0 -4 1-16tang.dat
2 24 -4 -3.6956 -1.5308 4 -3.6956 -1.5308
2 24 -4 -3.7 -4 4 -3.7 -4
2 24 4 -3.7 -4 4 -3.6956 -1.5308
2 24 -4 -3.7 -4 -4 -3.6956 -1.5308
4 16 4 -3.7 -4 -4 -3.7 -4 -4 -3.6956 -1.5308 4 -3.6956 -1.5308
1 16 4 0 0 0 -1 0 4 0 0 0 0 -4 1-16tang.dat
1 16 -4 0 0 0 1 0 -4 0 0 0 0 -4 1-16tang.dat
1 16 -4 0 0 0 1 0 4 0 0 0 0 -4 1-16tang.dat
2 24 4 3.6956 -1.5308 -4 3.6956 -1.5308
2 24 4 3.7 -4 -4 3.7 -4
2 24 4 3.6956 -1.5308 4 3.7 -4
2 24 -4 3.6956 -1.5308 -4 3.7 -4
4 16 -4 3.6956 -1.5308 -4 3.7 -4 4 3.7 -4 4 3.6956 -1.5308
2 24 4 7.4956 -4 -4 7.4956 -4
2 24 -4 3.7 -4 -4 7.4956 -4
2 24 4 3.7 -4 4 7.4956 -4
2 24 -4 -6.7 -4 4 -6.7 -4
2 24 4 7.4956 5.4 -4 7.4956 5.4
4 16 -4 -11.8424 5.6107 -4 -6.7 -4 4 -6.7 -4 4 -11.8424 5.6107
4 16 4 -6.7 -4 -4 -6.7 -4 -4 -3.7 -4 4 -3.7 -4
4 16 4 3.7 -4 -4 3.7 -4 -4 7.4956 -4 4 7.4956 -4
4 16 4 7.4956 5.4 4 7.4956 -4 -4 7.4956 -4 -4 7.4956 5.4
2 24 4 7.4956 -4 4 7.4956 5.4
2 24 -4 7.4956 5.4 -4 7.4956 -4
2 24 -4 -6.7 -4 -4 -3.7 -4
2 24 4 -3.7 -4 4 -6.7 -4
2 24 -4 -6.7 -4 -4 -11.8424 5.6107
2 24 4 -6.7 -4 4 -11.8424 5.6107
4 16 4 -4 -0.7956 4 -6.7 -4 4 -3.7 -4 4 -3.6956 -1.5308
4 16 4 -6.7 -4 4 -4 0 4 -4 4 4 -11.8424 5.6107
4 16 4 4 -0.7956 4 3.6956 -1.5308 4 3.7 -4 4 7.4956 -4
4 16 4 7.4956 5.4 4 4 4 4 4 0 4 7.4956 -4
3 16 4 4 0 4 4 -0.7956 4 7.4956 -4
3 16 4 -4 -0.7956 4 -4 0 4 -6.7 -4
4 16 4 -11.8424 5.6107 4 -4 4 4 4 4 4 7.4956 5.4
4 16 -4 -3.7 -4 -4 -6.7 -4 -4 -4 -0.7956 -4 -3.6956 -1.5308
4 16 -4 -4 4 -4 -4 0 -4 -6.7 -4 -4 -11.8424 5.6107
4 16 -4 3.7 -4 -4 3.6956 -1.5308 -4 4 -0.7956 -4 7.4956 -4
4 16 -4 4 0 -4 4 4 -4 7.4956 5.4 -4 7.4956 -4
3 16 -4 4 -0.7956 -4 4 0 -4 7.4956 -4
3 16 -4 -4 0 -4 -4 -0.7956 -4 -6.7 -4
4 16 -4 4 4 -4 -4 4 -4 -11.8424 5.6107 -4 7.4956 5.4
1 16 0 -11.9398 21.3287 0 0 4 -2.06015 -0.72859 0 -3.42867 0.43778 0 4-4cyls.dat
1 16 0 -12.6684 21.7665 0 0 4 -1.33156 1 0 -3.86645 0 0 4-4edge.dat
1 16 0 0.8834 13.6237 0 0 4 -2.06015 4.44441 0 -3.42867 -2.67047 0 1-4cyls.dat
1 16 0 0.8834 13.6237 0 0 4 2.06015 4.44441 0 3.42867 -2.67047 0 1-4cyls.dat
1 16 0 0.8834 13.6237 0 0 -4 -2.06015 4.44441 0 -3.42867 -2.67047 0 1-4cyls.dat
1 16 0 0.8834 13.6237 0 0 -4 2.06015 4.44441 0 3.42867 -2.67047 0 1-4cyls.dat
1 16 0 5.3278 10.9532 0 0 4 -6.50456 1 0 -0.7582 0 0 1-4edge.dat
1 16 0 5.3278 10.9532 0 0 4 -2.38426 1 0 6.09914 0 0 1-4edge.dat
1 16 0 5.3278 10.9532 0 0 4 -2.38426 -1 0 6.09914 0 0 1-4chrd.dat
1 16 0 5.3278 10.9532 0 0 -4 -6.50456 1 0 -0.7582 0 0 1-4edge.dat
1 16 0 5.3278 10.9532 0 0 -4 -2.38426 1 0 6.09914 0 0 1-4edge.dat
1 16 0 5.3278 10.9532 0 0 -4 -2.38426 -1 0 6.09914 0 0 1-4chrd.dat
1 16 0 -13.5121 21.8701 0 0 4 -0.48791 0.84365 0 -3.97013 -0.10368 0 4-4cyls.dat
1 16 0 -22.7426 23.0045 0 0 4 -0.48791 -0.99253 0 -3.97013 0.12198 0 4-4cyls.dat
1 16 0 -23.7352 23.1265 0 0 4 0.50463 -1 0 -4.09211 0 0 4-4edge.dat
1 16 0 -23.7352 23.1265 0.8 0 0 0 -9.76082 -0.10093 0 -2.55383 0.81842 4-4con4.dat
1 16 0 -33.496 20.5727 3.2 0 0 0 -1.46349 -0.4037 0 -0.38819 3.27369 4-8sphe.dat
2 24 1.5308 -30.369 14.649 1.5308 -16.813 11.305
2 24 1.5308 -31.346 15.454 1.5308 -30.369 14.649
3 16 0 2.9435 17.0524 4 5.3278 10.9532 -4 5.3278 10.9532
4 16 4 5.3278 10.9532 4 7.4956 5.4 -4 7.4956 5.4 -4 5.3278 10.9532
2 24 4 7.4956 5.4 4 5.3278 10.9532
2 24 4 5.3278 10.9532 4 -1.1768 10.195
2 24 4 -1.1768 10.195 4 -11.8424 5.6107
4 16 4 5.3278 10.9532 4 -1.1768 10.195 4 -11.8424 5.6107 4 7.4956 5.4
2 24 1.5308 -12.1952 6.0148 4 -11.8424 5.6107
2 24 1.5308 -12.1952 6.0148 1.5308 -16.813 11.305
2 24 1.5308 -31.9652 17.9477 1.5308 -23.269 19.3458
2 24 1.5308 -31.346 15.454 1.5308 -31.9652 17.9477
2 24 1.5308 -0.6818 10.2527 1.5308 -13.8987 18.1942
2 24 1.5308 -13.8987 18.1942 1.5308 -23.269 19.3458
3 16 1.5308 -12.1952 6.0148 4 -11.8424 5.6107 4 -1.1768 10.195
3 16 4 -1.1768 10.195 0 -1.1768 10.195 1.5308 -12.1952 6.0148
4 16 1.5308 -0.6818 10.2527 1.5308 -13.8987 18.1942 1.5308 -16.813 11.305 1.5308 -12.1952 6.0148
4 16 1.5308 -16.813 11.305 1.5308 -13.8987 18.1942 1.5308 -23.269 19.3458 1.5308 -30.369 14.649
4 16 1.5308 -31.346 15.454 1.5308 -30.369 14.649 1.5308 -23.269 19.3458 1.5308 -31.9652 17.9477
2 24 -4 5.3278 10.9532 -4 7.4956 5.4
2 24 -4 -1.1768 10.195 -4 5.3278 10.9532
2 24 -4 -11.8424 5.6107 -4 -1.1768 10.195
4 16 -4 -11.8424 5.6107 -4 -1.1768 10.195 -4 5.3278 10.9532 -4 7.4956 5.4
2 24 -4 -11.8424 5.6107 -1.5308 -12.1952 6.0148
2 24 -1.5308 -16.813 11.305 -1.5308 -12.1952 6.0148
2 24 -1.5308 -23.269 19.3458 -1.5308 -31.9652 17.9477
2 24 -1.5308 -31.9652 17.9477 -1.5308 -31.346 15.454
2 24 -1.5308 -13.8987 18.1942 -1.5308 -0.6818 10.2527
2 24 -1.5308 -23.269 19.3458 -1.5308 -13.8987 18.1942
3 16 -4 -11.8424 5.6107 -1.5308 -12.1952 6.0148 -4 -1.1768 10.195
3 16 0 -1.1768 10.195 -4 -1.1768 10.195 -1.5308 -12.1952 6.0148
4 16 -1.5308 -16.813 11.305 -1.5308 -13.8987 18.1942 -1.5308 -0.6818 10.2527 -1.5308 -12.1952 6.0148
4 16 -1.5308 -23.269 19.3458 -1.5308 -13.8987 18.1942 -1.5308 -16.813 11.305 -1.5308 -30.369 14.649
4 16 -1.5308 -23.269 19.3458 -1.5308 -30.369 14.649 -1.5308 -31.346 15.454 -1.5308 -31.9652 17.9477
2 24 -1.5308 -16.813 11.305 -1.5308 -30.369 14.649
2 24 -1.5308 -31.346 15.454 -1.5308 -30.369 14.649
4 16 -1.5308 -31.9652 17.9477 -1.5308 -31.346 15.454 1.5308 -31.346 15.454 1.5308 -31.9652 17.9477
4 16 -1.5308 -30.369 14.649 -1.5308 -16.813 11.305 1.5308 -16.813 11.305 1.5308 -30.369 14.649
4 16 -1.5308 -31.346 15.454 -1.5308 -30.369 14.649 1.5308 -30.369 14.649 1.5308 -31.346 15.454
4 16 -1.5308 -12.1952 6.0148 -4 -11.8424 5.6107 4 -11.8424 5.6107 1.5308 -12.1952 6.0148
4 16 -1.5308 -16.813 11.305 -1.5308 -12.1952 6.0148 1.5308 -12.1952 6.0148 1.5308 -16.813 11.305
5 24 -1.5308 -30.369 14.649 1.5308 -30.369 14.649 -1.5308 -16.813 11.305 -1.5308 -31.346 15.454
5 24 -1.5308 -31.346 15.454 1.5308 -31.346 15.454 -1.5308 -30.369 14.649 -1.5308 -31.9652 17.9477
2 24 -1.5308 -16.813 11.305 1.5308 -16.813 11.305
2 24 -1.262 -31.9205 17.7675 -1.5308 -31.9652 17.9477
2 24 1.262 -31.9205 17.7675 0 -31.8581 17.5162
2 24 -1.262 -31.9205 17.7675 0 -31.8581 17.5162
2 24 1.5308 -31.9652 17.9477 1.262 -31.9205 17.7675
5 24 4 -11.8424 5.6107 -4 -11.8424 5.6107 1.5308 -12.1952 6.0148 -4 -6.7 -4
5 24 1.5308 -12.1952 6.0148 4 -1.1768 10.195 4 -11.8424 5.6107 0 -1.1768 10.195
5 24 -1.5308 -12.1952 6.0148 -4 -1.1768 10.195 0 -1.1768 10.195 -4 -11.8424 5.6107
2 24 1.5308 -1.1768 10.195 1.5308 -12.1952 6.0148
2 24 -1.5308 -1.1768 10.195 -1.5308 -12.1952 6.0148
2 24 1.5308 -1.1768 10.195 1.5308 -0.6818 10.2527
2 24 -1.5308 -0.6818 10.2527 -1.5308 -1.1768 10.195
3 16 -4 5.3278 10.9532 -4 -1.1768 10.195 0 -1.1768 10.195
3 16 0 -1.1768 10.195 4 -1.1768 10.195 4 5.3278 10.9532
5 24 4 -1.1768 10.195 0 -1.1768 10.195 1.5308 -12.1952 6.0148 4 5.3278 10.9532
5 24 0 -1.1768 10.195 -4 -1.1768 10.195 -4 5.3278 10.9532 -1.5308 -12.1952 6.0148