0 Technic Chain Link with Bar
0 Name: 3249.dat
0 Author: Fredrik Hareide [fhareide]
0 !LDRAW_ORG Part UPDATE 2025-06
0 !LICENSE Licensed under CC BY 4.0 : see CAreadme.txt

0 BFC CERTIFY CCW

0 !HISTORY 2024-10-25 [GeraldLasser] Adapted to new subfiles
0 !HISTORY 2025-06-26 [OrionP] Official Update 2025-06

1 16 0 0 0 1 0 0 0 1 0 0 0 1 s\14696s01.dat

1 16 5 0 16 0 -10 0 2.13 0 0 0 0 2.13 4-4cylo.dat
1 16 5 0 8 0 -10 0 1.5 0 0 0 0 1.5 4-4cylo.dat

1 16 0 0 0 -1 0 0 0 1 0 0 0 1 s\3711s02.dat
1 16 0 0 0 -1 0 0 0 1 0 0 0 1 s\3711s03.dat
4 16 -5.5 5 16 -5.512 5 6.091 -7 5 10.5 -7 5 16
4 16 -7 -5 10.5 -5.512 -5 6.091 -5.5 -5 16 -7 -5 16
4 16 -7.1716 -5 5.526 -5.512 -5 6.091 -7 -5 10.5 -9.75 -5 10.5
4 16 -7 5 10.5 -5.512 5 6.091 -7.1716 5 5.526 -9.75 5 10.5
4 16 -9.75 -5 10.5 -9.75 -5 -.5 -7.1716 -5 -.5 -7.1716 -5 5.526
3 16 -9.75 5 7.75 -9.75 5 10.5 -7.1716 5 5.526

1 16 -7 0 13.25 0 1 0 -5 0 0 0 0 -2.75 rect3.dat
4 16 -9.75 3.0479 10.5 -9.75 -3.0479 10.5 -7 -5 10.5 -7 5 10.5
3 16 -9.75 -3.0479 10.5 -9.75 -5 10.5 -7 -5 10.5
3 16 -9.75 5 10.5 -9.75 3.0479 10.5 -7 5 10.5
2 24 -9.75 -3.0479 10.5 -9.75 -5 10.5
2 24 -9.75 5 10.5 -9.75 3.0479 10.5
2 24 -9.75 5 10.5 -7 5 10.5
2 24 -9.75 -5 10.5 -7 -5 10.5

4 16 -9.75 -1.5 1.5 -9.75 -1.5 0 -9.75 -2 -.5 -9.75 -5 -.5
4 16 -9.75 -5 10.5 -9.75 0 4 -9.75 -1.5 1.5 -9.75 -5 -.5
3 16 -9.75 -3.0479 10.5 -9.75 0 4 -9.75 -5 10.5
3 16 -9.75 -1.5 1.5 -9.75 0 4 -9.75 5 7.75
3 16 -9.75 5 7.75 -9.75 0 4 -9.75 3.0479 10.5
3 16 -9.75 3.0479 10.5 -9.75 5 10.5 -9.75 5 7.75
2 24 -9.75 -5 10.5 -9.75 -5 -.5
2 24 -9.75 5 7.75 -9.75 5 10.5

0 // Bar
1 16 -40 0 8 0 28.875 0 4 0 0 0 0 -4 4-4cyli.dat
1 16 -40 0 8 0 1 0 4 0 0 0 0 -4 4-4disc.dat
1 16 -11.125 0 8 0 1.375 0 0 0 4 -4 0 0 5-16cyli.dat
1 16 -11.125 0 8 0 1.375 0 0 0 -4 -4 0 0 5-16cyli.dat
1 16 -40 0 8 0 1 0 4 0 0 0 0 -4 4-4edge.dat
1 16 -9.75 0 8 0 1 0 0 0 4 -4 0 0 5-16edge.dat
1 16 -9.75 0 8 0 1 0 0 0 -4 -4 0 0 5-16edge.dat

2 24 -11.05 -1.5308 11.6956 -10.35 -2.8284 10.8284
2 24 -10.35 -2.8284 10.8284 -9.75 -3.0479 10.5
2 24 -11.05 -1.5308 11.6956 -11.125 0 12
2 24 -10.35 2.8284 10.8284 -11.05 1.5308 11.6956
2 24 -9.75 3.0479 10.5 -10.35 2.8284 10.8284
2 24 -11.125 0 12 -11.05 1.5308 11.6956
3 16 -11.125 0 12 -11.05 -1.5308 11.6956 -11.05 1.5308 11.6956
4 16 -11.05 1.5308 11.6956 -11.05 -1.5308 11.6956 -10.35 -2.8284 10.8284 -10.35 2.8284 10.8284
4 16 -9.75 3.0479 10.5 -10.35 2.8284 10.8284 -10.35 -2.8284 10.8284 -9.75 -3.0479 10.5
4 16 -11.125 -2.8284 10.8284 -11.125 -3.6956 9.5308 -9.75 -3.6956 9.5308 -10.35 -2.8284 10.8284
4 16 -11.125 -1.5308 11.6956 -11.125 -2.8284 10.8284 -10.35 -2.8284 10.8284 -11.05 -1.5308 11.6956
3 16 -11.125 0 12 -11.125 -1.5308 11.6956 -11.05 -1.5308 11.6956
3 16 -11.125 1.5308 11.6956 -11.125 0 12 -11.05 1.5308 11.6956
4 16 -11.125 2.8284 10.8284 -11.125 1.5308 11.6956 -11.05 1.5308 11.6956 -10.35 2.8284 10.8284
4 16 -11.125 3.6956 9.5308 -11.125 2.8284 10.8284 -10.35 2.8284 10.8284 -9.75 3.6956 9.5308
3 16 -9.75 3.0479 10.5 -9.75 3.6956 9.5308 -10.35 2.8284 10.8284
3 16 -9.75 -3.6956 9.5308 -9.75 -3.0479 10.5 -10.35 -2.8284 10.8284
2 24 -9.75 -3.6956 9.5308 -9.75 -3.0479 10.5
2 24 -9.75 3.0479 10.5 -9.75 3.6956 9.5308
5 24 -9.75 -3.0479 10.5 -9.75 3.0479 10.5 -10.35 2.8284 10.8284 -7 5 10.5
5 24 -10.35 -2.8284 10.8284 -10.35 2.8284 10.8284 -9.75 -3.0479 10.5 -11.05 -1.5308 11.6956

5 24 -11.125 -1.5308 11.6956 -11.05 -1.5308 11.6956 -11.125 -2.8284 10.8284 -11.125 0 12
5 24 -11.05 1.5308 11.6956 -11.125 1.5308 11.6956 -10.35 2.8284 10.8284 -11.125 0 12
5 24 -10.35 -2.8284 10.8284 -11.125 -2.8284 10.8284 -11.125 -3.6956 9.5308 -11.05 -1.5308 11.6956
5 24 -10.35 2.8284 10.8284 -11.125 2.8284 10.8284 -11.125 1.5308 11.6956 -9.75 3.6956 9.5308