0 ~Electric Sound Brick  4 x  4 x  1.667 Bottom
0 Name: 3677.dat
0 Author: Philippe Hurbain [Philo]
0 !LDRAW_ORG Part UPDATE 2025-08
0 !LICENSE Licensed under CC BY 4.0 : see CAreadme.txt

0 BFC CERTIFY CCW

0 !HISTORY 2024-10-06 {LEGO Instructions App} Original part shape
0 !HISTORY 2024-10-08 [Philo] File preparation for LDraw Parts Tracker
0 !HISTORY 2025-08-31 [OrionP] Official Update 2025-08

0 // Internal details not modeled

1 16 0 -5 0 -1 0 0 0 -1.25 0 0 0 1 stug4-3x3.dat
1 16 0 -4 -40 0 0 40 4 0 0 0 80 0 box3u2p.dat
0 BFC INVERTNEXT
1 16 0 -2.5 -36 0 0 36 2.5 0 0 0 72 0 box3u2p.dat
0 BFC INVERTNEXT
1 16 30 -10 10 5.5 0 0 0 5 0 0 0 5.5 4-4cylo.dat
0 BFC INVERTNEXT
1 16 30 -10 10 2.75 0 0 0 -3 0 0 0 2.75 4-4cylo.dat
1 16 30 -10 10 2.75 0 0 0 -1 0 0 0 2.75 4-4ring1.dat
1 16 30 -13 10 1.94454 0 1.94454 0 1 0 -1.94454 0 1.94454 4-4ndis.dat
1 16 30 -13 10 7 0 0 0 1 0 0 0 7 1-4chrd.dat
4 16 30 -13 17 30 -13 13.8891 33.8891 -13 10 37 -13 10
1 16 30 -13 10 7 0 0 0 5 0 0 0 7 4-4cylo.dat
1 16 30 -13 10 0 0 7 0 1 0 -7 0 0 1-4chrd.dat
4 16 37 -13 10 33.8891 -13 10 30 -13 6.1109 30 -13 3
1 16 30 -13 10 -7 0 0 0 1 0 0 0 -7 1-4chrd.dat
4 16 30 -13 3 30 -13 6.1109 26.1109 -13 10 23 -13 10
1 16 30 -13 10 0 0 -7 0 1 0 7 0 0 1-4chrd.dat
4 16 23 -13 10 26.1109 -13 10 30 -13 13.8891 30 -13 17
1 16 30 -5 10 5.5 0 0 0 -1 0 0 0 5.5 4-4ndis.dat
1 16 30 -8 10 7 0 0 0 1 0 0 0 7 4-4ndis.dat
0 BFC INVERTNEXT
1 16 -20 -10 -20 5.5 0 0 0 5 0 0 0 5.5 4-4cylo.dat
0 BFC INVERTNEXT
1 16 -20 -10 -20 2.75 0 0 0 -3 0 0 0 2.75 4-4cylo.dat
1 16 -20 -10 -20 2.75 0 0 0 -1 0 0 0 2.75 4-4ring1.dat
1 16 -20 -13 -20 1.94454 0 1.94454 0 1 0 -1.94454 0 1.94454 4-4ndis.dat
1 16 -20 -13 -20 7 0 0 0 1 0 0 0 7 1-4chrd.dat
4 16 -20 -13 -13 -20 -13 -16.1109 -16.1109 -13 -20 -13 -13 -20
1 16 -20 -13 -20 7 0 0 0 5 0 0 0 7 4-4cylo.dat
1 16 -20 -13 -20 0 0 7 0 1 0 -7 0 0 1-4chrd.dat
4 16 -13 -13 -20 -16.1109 -13 -20 -20 -13 -23.8891 -20 -13 -27
1 16 -20 -13 -20 -7 0 0 0 1 0 0 0 -7 1-4chrd.dat
4 16 -20 -13 -27 -20 -13 -23.8891 -23.8891 -13 -20 -27 -13 -20
1 16 -20 -13 -20 0 0 -7 0 1 0 7 0 0 1-4chrd.dat
4 16 -27 -13 -20 -23.8891 -13 -20 -20 -13 -16.1109 -20 -13 -13
1 16 -20 -5 -20 5.5 0 0 0 -1 0 0 0 5.5 4-4ndis.dat
1 16 -20 -8 -20 7 0 0 0 1 0 0 0 7 4-4ndis.dat
4 16 -21.9 -15 -31.4 -18 -15 -31.4 -18 -15 -36 -21.9 -15 -36
4 16 -18 -15 -31.4 -8.6 -5 -31.4 -8.6 -5 -36 -18 -15 -36
4 16 -28.7 -5 -31.4 -21.9 -15 -31.4 -21.9 -15 -36 -28.7 -5 -36
2 24 -21.9 -15 -36 -21.9 -15 -31.4
2 24 -8.6 -5 -36 -8.6 -5 -31.4
2 24 -28.7 -5 -36 -28.7 -5 -31.4
2 24 -18 -15 -36 -18 -15 -31.4
2 24 -28.7 -5 -36 -21.9 -15 -36
2 24 -21.9 -15 -36 -18 -15 -36
2 24 -18 -15 -36 -8.6 -5 -36
2 24 -28.7 -5 -31.4 -21.9 -15 -31.4
2 24 -21.9 -15 -31.4 -18 -15 -31.4
2 24 -18 -15 -31.4 -8.6 -5 -31.4
4 16 -18 -15 -31.4 -21.9 -15 -31.4 -28.7 -5 -31.4 -8.6 -5 -31.4
2 24 -28.7 -5 -31.4 -8.6 -5 -31.4
4 16 -28.7 -5 -36 -21.9 -15 -36 -18 -15 -36 -8.6 -5 -36
4 16 21.9 -15 -31.4 21.9 -15 -36 18 -15 -36 18 -15 -31.4
4 16 18 -15 -31.4 18 -15 -36 8.6 -5 -36 8.6 -5 -31.4
4 16 21.9 -15 -36 21.9 -15 -31.4 28.7 -5 -31.4 28.7 -5 -36
2 24 21.9 -15 -31.4 21.9 -15 -36
2 24 8.6 -5 -31.4 8.6 -5 -36
2 24 28.7 -5 -31.4 28.7 -5 -36
2 24 18 -15 -31.4 18 -15 -36
2 24 21.9 -15 -36 28.7 -5 -36
2 24 18 -15 -36 21.9 -15 -36
2 24 8.6 -5 -36 18 -15 -36
2 24 21.9 -15 -31.4 28.7 -5 -31.4
2 24 18 -15 -31.4 21.9 -15 -31.4
2 24 8.6 -5 -31.4 18 -15 -31.4
4 16 28.7 -5 -31.4 21.9 -15 -31.4 18 -15 -31.4 8.6 -5 -31.4
2 24 8.6 -5 -31.4 28.7 -5 -31.4
4 16 18 -15 -36 21.9 -15 -36 28.7 -5 -36 8.6 -5 -36
2 24 28.7 -5 -36 36 -5 -36
2 24 -8.6 -5 -36 8.6 -5 -36
2 24 -36 -5 -36 -28.7 -5 -36
4 16 36 -5 -36 28.7 -5 -36 28.7 -5 -31.4 35.5 -5 4.5
4 16 8.6 -5 -31.4 24.5 -5 4.5 35.5 -5 4.5 28.7 -5 -31.4
4 16 -28.7 -5 -31.4 -28.7 -5 -36 -36 -5 -36 -36 -5 36
4 16 36 -5 -36 35.5 -5 4.5 35.5 -5 15.5 36 -5 36
4 16 36 -5 36 35.5 -5 15.5 24.5 -5 15.5 -36 -5 36
4 16 24.5 -5 15.5 24.5 -5 4.5 8.6 -5 -31.4 -8.6 -5 -31.4
4 16 8.6 -5 -36 -8.6 -5 -36 -8.6 -5 -31.4 8.6 -5 -31.4
4 16 -28.7 -5 -31.4 -25.5 -5 -25.5 -14.5 -5 -25.5 -8.6 -5 -31.4
4 16 24.5 -5 15.5 -8.6 -5 -31.4 -14.5 -5 -25.5 -14.5 -5 -14.5
4 16 24.5 -5 15.5 -14.5 -5 -14.5 -25.5 -5 -14.5 -36 -5 36
4 16 -36 -5 36 -25.5 -5 -14.5 -25.5 -5 -25.5 -28.7 -5 -31.4
4 16 -36 0 -36 -36 -5 -36 36 -5 -36 36 0 -36
2 24 -36 0 -36 36 0 -36
2 24 -40 0 -40 40 0 -40
4 16 -40 0 -40 -36 0 -36 36 0 -36 40 0 -40
4 16 -40 0 40 -36 0 36 -36 0 -36 -40 0 -40
4 16 40 0 40 36 0 36 -36 0 36 -40 0 40
4 16 40 0 -40 36 0 -36 36 0 36 40 0 40
0 BFC INVERTNEXT
1 16 0 -22.5 -39 10.5 0 0 0 0 10.5 0 1.5 0 2-4cylo.dat
0 BFC INVERTNEXT
1 16 0 -22.5 -40 12.6 0 0 0 0 12.6 0 1 0 2-4cylo.dat
1 16 0 -22.5 -39 2.1 0 0 0 0 2.1 0 1 0 2-4ring5.dat
1 16 0 -22.5 -40 12.6 0 0 0 0 12.6 0 1 0 2-4ndis.dat
0 BFC INVERTNEXT
1 16 0 -22.5 -34.5 3.5 0 0 0 0 3.5 0 -3 0 2-4con3.dat

2 24 29.4 -8 -40 19.9 -22.5 -40
2 24 29.4 -8 -40 40 -8 -40
2 24 10.5 -22.5 -39 12.6 -22.5 -39
2 24 10.5 -22.5 -39 10.5 -22.5 -37.5
2 24 10.5 -22.5 -37.5 14 -22.5 -34.5
2 24 12.6 -22.5 -40 12.6 -22.5 -39
2 24 12.6 -22.5 -40 19.9 -22.5 -40
2 24 29.4 -8 -30.5 19.9 -22.5 -30.5
2 24 29.4 -8 -40 29.4 -8 -30.5
2 24 19.9 -22.5 -30.5 19.9 -22.5 -40
4 16 19.9 -22.5 -30.5 19.9 -22.5 -40 29.4 -8 -40 29.4 -8 -30.5
4 16 10.5 -22.5 -37.5 10.5 -22.5 -39 12.6 -22.5 -39 14 -22.5 -34.5
4 16 19.9 -22.5 -40 12.6 -22.5 -40 12.6 -9.9 -40 29.4 -8 -40
2 24 -19.9 -22.5 -40 -29.4 -8 -40
2 24 -40 -8 -40 -29.4 -8 -40
2 24 -12.6 -22.5 -39 -10.5 -22.5 -39
2 24 -10.5 -22.5 -37.5 -10.5 -22.5 -39
2 24 -14 -22.5 -34.5 -10.5 -22.5 -37.5
2 24 -12.6 -22.5 -39 -12.6 -22.5 -40
2 24 -19.9 -22.5 -40 -12.6 -22.5 -40
2 24 -19.9 -22.5 -30.5 -29.4 -8 -30.5
2 24 -29.4 -8 -30.5 -29.4 -8 -40
2 24 -19.9 -22.5 -40 -19.9 -22.5 -30.5
4 16 -29.4 -8 -40 -19.9 -22.5 -40 -19.9 -22.5 -30.5 -29.4 -8 -30.5
4 16 -12.6 -22.5 -39 -10.5 -22.5 -39 -10.5 -22.5 -37.5 -14 -22.5 -34.5
4 16 -12.6 -9.9 -40 -12.6 -22.5 -40 -19.9 -22.5 -40 -29.4 -8 -40
4 16 12.6 -9.9 -40 -12.6 -9.9 -40 -29.4 -8 -40 29.4 -8 -40
3 16 -40 -8 -40 -40 0 -40 -29.4 -8 -40
3 16 40 -8 -40 29.4 -8 -40 40 0 -40
4 16 40 0 -40 29.4 -8 -40 -29.4 -8 -40 -40 0 -40
4 16 29.4 -8 -30.5 29.4 -8 -40 40 -8 -40 37 -8 3
4 16 37 -8 3 40 -8 -40 40 -8 40 37 -8 17
0 BFC INVERTNEXT
1 16 0 -22.5 -34.5 14 0 0 0 0 14 0 4 0 2-4cylo.dat
1 16 0 -22.5 -30.5 14 0 0 0 0 14 0 -1 0 2-4ndis.dat
2 24 14 -22.5 -34.5 14 -22.5 -30.5
2 24 14 -22.5 -30.5 19.9 -22.5 -30.5
4 16 14 -22.5 -34.5 12.6 -22.5 -39 12.6 -22.5 -40 19.9 -22.5 -40
4 16 14 -22.5 -34.5 19.9 -22.5 -40 19.9 -22.5 -30.5 14 -22.5 -30.5
4 16 14 -8.5 -30.5 14 -22.5 -30.5 19.9 -22.5 -30.5 29.4 -8 -30.5
2 24 -14 -22.5 -30.5 -14 -22.5 -34.5
2 24 -19.9 -22.5 -30.5 -14 -22.5 -30.5
4 16 -12.6 -22.5 -40 -12.6 -22.5 -39 -14 -22.5 -34.5 -19.9 -22.5 -40
4 16 -19.9 -22.5 -30.5 -19.9 -22.5 -40 -14 -22.5 -34.5 -14 -22.5 -30.5
4 16 -19.9 -22.5 -30.5 -14 -22.5 -30.5 -14 -8.5 -30.5 -29.4 -8 -30.5
2 24 -29.4 -8 -30.5 29.4 -8 -30.5
4 16 -14 -8.5 -30.5 14 -8.5 -30.5 29.4 -8 -30.5 -29.4 -8 -30.5
4 16 -40 -8 -40 -29.4 -8 -40 -29.4 -8 -30.5 -40 -8 40
4 16 -13 -8 -27 -27 -8 -27 -29.4 -8 -30.5 29.4 -8 -30.5
4 16 -13 -8 -13 -13 -8 -27 23 -8 3 23 -8 17
4 16 -29.4 -8 -30.5 -27 -8 -27 -27 -8 -13 -40 -8 40
4 16 -40 -8 40 -27 -8 -13 -13 -8 -13 23 -8 17
4 16 -40 -8 40 23 -8 17 37 -8 17 40 -8 40
4 16 -13 -8 -27 29.4 -8 -30.5 37 -8 3 23 -8 3
