0 Minifig Sword Darksaber
0 Name: 3885.dat
0 Author: Gerald Lasser [GeraldLasser]
0 !LDRAW_ORG Part UPDATE 2025-07
0 !LICENSE Licensed under CC BY 4.0 : see CAreadme.txt

0 BFC CERTIFY CCW

0 !CATEGORY Minifig Accessory
0 !KEYWORDS Mandalorian, Star Wars

0 !HISTORY 2023-05-03 {LEGO Instructions App} Original part shape
0 !HISTORY 2023-05-16 [GeraldLasser] File preparation for LDraw Parts Tracker
0 !HISTORY 2025-07-27 [OrionP] Official Update 2025-07

1 16 0 0 0 0 0 4 0 -8 0 -4 0 0 4-4cylo.dat
0 BFC INVERTNEXT
1 16 0 0 0 0 0 .25 0 -8.25 0 -.25 0 0 4-4con7.dat
1 16 0 -8.25 0 0 0 1.75 0 -1 0 -1.75 0 0 4-4disc.dat
1 16 0 0 0 0 0 2 0 -1 0 -2 0 0 4-4ring1.dat
1 16 0 0 0 0 0 2 0 -1 0 -2 0 0 4-4edge.dat
1 16 0 -8.25 0 0 0 1.75 0 -1 0 -1.75 0 0 4-4edge.dat
1 16 0 -8 0 0 0 4 0 4 0 -4 0 0 bump5000.dat

0 // Adapter to Blade
1 16 0 -11 -5.3 2 0 0 0 2 -1 0 0 -2 2-8sphe.dat
1 16 0 -12 -5.3 0 0 2 0 1 0 -2 0 0 1-4cyls.dat
1 16 0 -12 -5.3 0 0 -2 0 1 0 -2 0 0 1-4cyls.dat
1 16 0 -11 -5.3 -2 0 0 0 .9 2 0 1.5 0 2-4cyli.dat
1 16 0 -10.1 -3.8 -2 0 0 0 1.2 2 0 2 0 1-4cyls2.dat
1 16 0 -10.1 -3.8 2 0 0 0 2.1 2 0 3.5 0 1-4cyls2.dat
4 16 2 -11 -5.3 2 -10.1 -3.8 2 -11 3.65 2 -12 -5.3
4 16 -2 -11 3.65 -2 -10.1 -3.8 -2 -11 -5.3 -2 -12 -5.3
4 16 -2 -8 3.382 -2 -8 -.3 -2 -10.1 -3.8 -2 -11 3.65
4 16 2 -10.1 -3.8 2 -8.9 -1.8 2 -8 3.382 2 -11 3.65
2 24 -2 -8.9 2.2024 -2 -8 3.382
2 24 -2 -9.0029 2 -2 -8.9 2.2024
2 24 -2 -9.5 0 -2 -9.4012 .8284
2 24 -2 -9.0029 2 -2 -9.4012 .8284
2 24 -2 -9.4012 -.8284 -2 -9.0091 -1.9818
2 24 -2 -9.5 0 -2 -9.4012 -.8284
2 24 2 -8.9 2.2024 2 -8 3.382
2 24 2 -9.4012 -.8284 2 -9.5 0
2 24 2 -9.4012 -.8284 2 -9.0091 -1.9818
2 24 2 -9.4012 .8284 2 -9.0029 2
2 24 2 -9.4012 .8284 2 -9.5 0
2 24 2 -8.9 2.2024 2 -9.0029 2
2 24 -.7654 -8.1685 -3.6605 0 -8.132 -3.8533
2 24 0 -8.132 -3.8533 .7654 -8.1685 -3.6605
2 24 -1.4142 -8.375 -3.282 -1.8478 -8.6409 -2.6438
2 24 -1.9478 -8.9 -2.2372 -1.8478 -8.6409 -2.6438
2 24 -2 -9.0091 -1.9818 -1.9974 -9.0052 -1.9974
2 24 -1.9478 -8.9 -2.2372 -1.9974 -9.0052 -1.9974
2 24 -1.3739 -8.369 -3.3168 -.7654 -8.1685 -3.6605
2 24 -1.3739 -8.369 -3.3168 -1.4142 -8.375 -3.282
2 24 1.9478 -8.9 -2.2372 1.8478 -8.6409 -2.6438
2 24 1.4142 -8.375 -3.282 1.3739 -8.369 -3.3168
2 24 1.8478 -8.6409 -2.6438 1.4142 -8.375 -3.282
2 24 1.3739 -8.369 -3.3168 .7654 -8.1685 -3.6605
2 24 1.9478 -8.9 -2.2372 1.9974 -9.0052 -1.9974
2 24 -1.4634 -8.1586 3.5328 -2 -8 3.382
2 24 -1.4634 -8.1586 3.5328 0 -8 4
2 24 1.4634 -8.1586 3.5328 0 -8 4
2 24 1.4634 -8.1586 3.5328 2 -8 3.382
2 24 1.9974 -9.0052 -1.9974 2 -9.0091 -1.9818

3 16 0 -11.5 3.668 2 -11 3.65 2 -8 3.382
3 16 2 -8 3.382 0 -8 4 0 -11.5 3.668
3 16 -2 -8 3.382 -2 -11 3.65 0 -11.5 3.668
3 16 0 -11.5 3.668 0 -8 4 -2 -8 3.382
2 24 -2 -11 3.65 -2 -8 3.382
2 24 2 -11 3.65 2 -8 3.382
5 24 2 -8 3.382 0 -11.5 3.668 2 -11 3.65 0 -8 4
5 24 0 -11.5 3.668 0 -8 4 -2 -8 3.382 2 -8 3.382
5 24 -2 -8 3.382 0 -11.5 3.668 -2 -11 3.65 0 -8 4

0 // Blade
1 16 0 -12 -5.3 -2 0 0 0 -43.25 0 0 0 -2 2-4cyli.dat
1 16 0 -55.25 -5.3 0 0 2 0 -7.7804 0 -2 0 0 1-4cyls.dat
1 16 0 -55.25 -5.3 0 0 -2 0 -7.7804 0 -2 0 0 1-4cyls.dat
1 16 0 -63.0304 -5.3 -2 0 0 0 1 7.7804 0 0 -2 2-4chrd.dat
1 16 0 -63.0304 -5.3 -2 0 0 0 1 7.7804 0 0 -2 2-4edge.dat
4 16 2 -78.0142 -1.4483 -2 -78.0142 -1.4483 -2 -63.0304 -5.3 2 -63.0304 -5.3
2 24 2 -78.0142 -1.4483 2 -63.0304 -5.3
2 24 -2 -63.0304 -5.3 -2 -78.0142 -1.4483

1 16 2 -77 1 0 -4 0 0 0 -2.65 2.65 0 0 7-16cylo.dat
1 16 2 -77 1 0 -1 0 0 0 -2.65 2.65 0 0 7-16chrd.dat
1 16 -2 -77 1 0 1 0 0 0 -2.65 2.65 0 0 7-16chrd.dat
4 16 2 -55.25 -5.3 2 -77 3.65 2 -78.0142 -1.4483 2 -63.0304 -5.3
4 16 2 -55.25 -5.3 2 -12 -5.3 2 -11 3.65 2 -77 3.65
3 16 -2 -63.0304 -5.3 -2 -78.0142 -1.4483 -2 -77 3.65
3 16 -2 -55.25 -5.3 -2 -63.0304 -5.3 -2 -77 3.65
4 16 -2 -12 -5.3 -2 -55.25 -5.3 -2 -77 3.65 -2 -11 3.65
3 16 2 -11 3.65 0 -11.5 3.668 2 -77 3.65
4 16 2 -77 3.65 0 -11.5 3.668 -2 -11 3.65 -2 -77 3.65

2 24 2 -77 3.65 2 -11 3.65
2 24 -2 -11 3.65 -2 -77 3.65
5 24 -2 -78.0142 -1.4483 2 -78.0142 -1.4483 2 -78.873815 -.873815 2 -63.0304 -5.3
5 24 -2 -11 3.65 0 -11.5 3.668 -2 -8 3.382 -2 -77 3.65
5 24 0 -11.5 3.668 2 -77 3.65 -2 -11 3.65 2 -11 3.65
5 24 0 -11.5 3.668 2 -11 3.65 2 -8 3.382 2 -77 3.65