0 Duplo Umbrella with Stop Ring
0 Name: 40554.dat
0 Author: Peter Blomberg [WUIt]
0 !LDRAW_ORG Part UPDATE 2025-08
0 !LICENSE Licensed under CC BY 4.0 : see CAreadme.txt

0 BFC CERTIFY CCW

0 !KEYWORDS utensil

0 !HISTORY 2025-08-31 [OrionP] Official Update 2025-08

0 // dome
1 16 0 -148 0 6 0 0 0 -6 0 0 0 6 4-8sphe.dat
1 16 0 -148 0 6 0 0 0 1 0 0 0 6 4-4edge.dat

0 // canopy
1 16 0 -110 0 1 0 0 0 1 0 0 0 1 s\40554s01.dat
1 16 0 -110 0 0 0 1 0 1 0 -1 0 0 s\40554s01.dat
1 16 0 -110 0 -1 0 0 0 1 0 0 0 -1 s\40554s01.dat
1 16 0 -110 0 0 0 -1 0 1 0 1 0 0 s\40554s01.dat

0 // shaft
1 16 0 -144.2 0 -5.67 0 0 0 1 0 0 0 5.67 4-4edge.dat
1 16 0 -144.2 0 .81 0 0 0 15.2 0 0 0 .81 4-4con6.dat
5 24 4.86 -129 0 4.4902 -129 1.8599 5.6127 -26 2.3249 5.2385 -144.2 2.1699
5 24 4.4902 -129 1.8599 3.4365 -129 3.4365 4.2956 -26 4.2956 4.0093 -144.2 4.0093
5 24 3.4365 -129 3.4365 1.8599 -129 4.4902 2.1699 -144.2 5.2385 2.3249 -26 5.6127
5 24 1.8599 -129 4.4902 0 -129 4.86 0 -26 6.075 0 -144.2 5.67
5 24 0 -129 4.86 -1.8599 -129 4.4902 -2.3249 -26 5.6127 -2.1699 -144.2 5.2385
5 24 -1.8599 -129 4.4902 -3.4365 -129 3.4365 -4.0093 -144.2 4.0093 -4.2956 -26 4.2956
5 24 -3.4365 -129 3.4365 -4.4902 -129 1.8599 -5.2385 -144.2 2.1699 -5.6127 -26 2.3249
5 24 -4.4902 -129 1.8599 -4.86 -129 0 -5.67 -144.2 0 -6.075 -26 0
5 24 -4.86 -129 0 -4.4902 -129 -1.8599 -5.67 -144.2 0 -6.075 -26 0
5 24 -4.4902 -129 -1.8599 -3.4365 -129 -3.4365 -5.2385 -144.2 -2.1699 -5.6127 -26 -2.3249
5 24 -3.4365 -129 -3.4365 -1.8599 -129 -4.4902 -4.0093 -144.2 -4.0093 -4.2956 -26 -4.2956
5 24 -1.8599 -129 -4.4902 0 -129 -4.86 -2.3249 -26 -5.6127 -2.1699 -144.2 -5.2385
5 24 0 -129 -4.86 1.8599 -129 -4.4902 0 -26 -6.075 0 -144.2 -5.67
5 24 1.8599 -129 -4.4902 3.4365 -129 -3.4365 2.3249 -26 -5.6127 2.1699 -144.2 -5.2385
5 24 3.4365 -129 -3.4365 4.4902 -129 -1.8599 4.2956 -26 -4.2956 4.0093 -144.2 -4.0093
5 24 4.4902 -129 -1.8599 4.86 -129 0 5.6127 -26 -2.3249 5.2385 -144.2 -2.1699
1 16 0 -26 0 1.215 0 0 0 -103 0 0 0 1.215 4-4con4.dat
1 16 0 -26 0 6.075 0 0 0 1 0 0 0 6.075 4-4edge.dat
1 16 0 -26 0 .675 0 0 0 1 0 0 0 .675 4-4ring9.dat
1 16 0 -26 0 .75 0 0 0 1 0 0 0 .75 4-4ring9.dat
1 16 0 -22 0 7.5 0 0 0 -6 0 0 0 7.5 t04o6667.dat
1 16 0 -22 0 0 0 7.5 0 -6 0 -7.5 0 0 t04o6667.dat
1 16 0 -22 0 -7.5 0 0 0 -6 0 0 0 -7.5 t04o6667.dat
1 16 0 -22 0 0 0 -7.5 0 -6 0 7.5 0 0 t04o6667.dat
1 16 0 -16 0 12.5 0 0 0 -6 0 0 0 12.5 4-4cyli.dat
1 16 0 -16 0 12.5 0 0 0 1 0 0 0 12.5 4-4edge.dat
1 16 0 -16 0 6.25 0 0 0 -1 0 0 0 6.25 4-4ring1.dat
1 16 0 16 0 6.25 0 0 0 -32 0 0 0 6.25 4-4cylo.dat
1 16 0 16 0 6.25 0 0 0 -1 0 0 0 6.25 4-4disc.dat