0 ~Electric Switch: Cover Female Plugs Part with Eigth Holes
0 Name: 4113a.dat
0 Author: Javier Orquera [kuramapika1]
0 !LDRAW_ORG Part UPDATE 2025-09
0 !LICENSE Licensed under CC BY 4.0 : see CAreadme.txt

0 BFC CERTIFY CCW

0 !HISTORY 2025-09-12 [kuramapika1] Use of new subfile
0 !HISTORY 2025-09-29 [OrionP] Official Update 2025-09

1 16 0 0 0 1 0 0 0 1 0 0 0 1 s\4113s01.dat
1 16 0 0 0 1 0 0 0 1 0 0 0 1 s\4113s02.dat
1 16 40 17 19 1 0 0 0 1 0 0 0 1 s\4113s03.dat
1 16 -20.2 17 19 1 0 0 0 1 0 0 0 1 s\4113s03.dat
1 16 -50 17 18 4 0 0 0 0 -4 0 1 0 4-4ndis.dat
0 BFC INVERTNEXT
1 16 -50 17 20 4 0 0 0 0 4 0 -2 0 4-4cylo.dat
1 16 -50 17 20 4 0 0 0 0 4 0 -1 0 4-4ndis.dat
1 16 -40 17 18 3.5 0 0 0 0 3.5 0 1 0 4-4ndis.dat
0 BFC INVERTNEXT
1 16 -40 17 20 3.5 0 0 0 0 3.5 0 -2 0 4-4cylo.dat
1 16 -40 17 20 3.5 0 0 0 0 3.5 0 -1 0 4-4ndis.dat
4 16 -34.6 12.6 20 -36.5 13.5 20 -40 13.5 20 -46 13 20
3 16 -40 13.5 20 -43.5 13.5 20 -46 13 20
3 16 -36.5 17 20 -36.5 13.5 20 -34.6 12.6 20
4 16 -36.5 17 20 -34.6 12.6 20 -34.6 21.6 20 -36.5 20.5 20
4 16 -40 20.5 20 -36.5 20.5 20 -34.6 21.6 20 -46 21 20
3 16 -43.5 20.5 20 -40 20.5 20 -46 21 20
4 16 -46 17 20 -46 13 20 -43.5 13.5 20 -43.5 17 20
4 16 -46 17 20 -43.5 17 20 -43.5 20.5 20 -46 21 20
4 16 -40 13.5 18 -36.5 13.5 18 -34.6 12.6 18 -46 13 18
3 16 -43.5 13.5 18 -40 13.5 18 -46 13 18
3 16 -36.5 13.5 18 -36.5 17 18 -34.6 12.6 18
4 16 -34.6 21.6 18 -34.6 12.6 18 -36.5 17 18 -36.5 20.5 18
4 16 -34.6 21.6 18 -36.5 20.5 18 -40 20.5 18 -46 21 18
3 16 -40 20.5 18 -43.5 20.5 18 -46 21 18
4 16 -43.5 13.5 18 -46 13 18 -46 17 18 -43.5 17 18
4 16 -43.5 20.5 18 -43.5 17 18 -46 17 18 -46 21 18
4 16 -50 13 20 -54.6 12.6 20 -34.6 12.6 20 -46 13 20
3 16 -54.6 12.6 20 -50 13 20 -54 13 20
4 16 -54.6 12.6 20 -54 13 20 -54 17 20 -54.6 21.6 20
3 16 -54 17 20 -54 21 20 -54.6 21.6 20
4 16 -34.6 21.6 20 -54.6 21.6 20 -50 21 20 -46 21 20
3 16 -50 21 20 -54.6 21.6 20 -54 21 20
4 16 -50 13 18 -46 13 18 -34.6 12.6 18 -54.6 12.6 18
3 16 -50 13 18 -54.6 12.6 18 -54 13 18
4 16 -54 17 18 -54 13 18 -54.6 12.6 18 -54.6 21.6 18
3 16 -54 21 18 -54 17 18 -54.6 21.6 18
4 16 -50 21 18 -54.6 21.6 18 -34.6 21.6 18 -46 21 18
3 16 -54.6 21.6 18 -50 21 18 -54 21 18