0 Duplo Wand 7 Point Star
0 Name: 42077.dat
0 Author: Peter Blomberg [WUIt]
0 !LDRAW_ORG Part UPDATE 2025-08
0 !LICENSE Licensed under CC BY 4.0 : see CAreadme.txt

0 BFC CERTIFY CCW

0 !KEYWORDS utensil

0 !HISTORY 2025-08-31 [OrionP] Official Update 2025-08

0 // front
1 16 0 -148 -6.25 1 0 0 0 0 1 0 2.75 0 stud7.dat

0 // back
1 16 0 -148 0 1 0 0 0 0 1 0 -4.5 0 stud8.dat

0 // points
1 16 0 -148 -6.25 1 0 0 0 1 0 0 0 1 s\42077s01.dat
1 16 0 -148 -6.25 .62349 -.78183 0 .78183 .62349 0 0 0 1 s\42077s01.dat
1 16 0 -148 -6.25 -.22252 -.97493 0 .97493 -.22252 0 0 0 1 s\42077s01.dat
1 16 0 -148 -6.25 -.90097 -.43388 0 .43388 -.90097 0 0 0 1 s\42077s01.dat
1 16 0 -148 -6.25 -.90097 .43388 0 -.43388 -.90097 0 0 0 1 s\42077s01.dat
1 16 0 -148 -6.25 -.22252 .97493 0 -.97493 -.22252 0 0 0 1 s\42077s01.dat
1 16 0 -148 -6.25 .62349 .78183 0 -.78183 .62349 0 0 0 1 s\42077s01.dat

0 // shaft inside
1 16 0 -148 0 6.25 0 0 0 18.6812 0 0 0 6.25 2-4cyli.dat
1 16 0 -148 0 6.25 0 0 0 -6.25 0 0 0 6.25 2-8sphe.dat
1 16 0 -148 0 6.25 0 0 0 0 -6.25 0 1 0 2-4edge.dat
2 24 6.25 -123.8155 0 5.7744 -124.2343 2.3919
2 24 1.5307 -127.6956 5.9456 0 -128 6.25
2 24 1.5307 -127.6956 5.9456 2.3919 -127.1201 5.7744
2 24 -1.5308 -127.6956 5.9456 -2.3919 -127.1202 5.7744
2 24 -2.8285 -126.8284 5.4826 -2.3919 -127.1202 5.7744
2 24 0 -128 6.25 -1.5308 -127.6956 5.9456
2 24 4.4194 -125.4274 4.4194 5.7744 -124.2343 2.3919
2 24 2.8284 -126.8284 5.4827 2.3919 -127.1201 5.7744
2 24 4.4194 -125.4274 4.4194 2.8284 -126.8284 5.4827
2 24 -5.7744 -124.2343 2.3919 -6.25 -123.8155 0
2 24 -2.8284 -126.8284 5.4827 -4.4194 -125.4274 4.4194
2 24 -4.4194 -125.4274 4.4194 -5.7744 -124.2343 2.3919
2 24 -6.25 -123.8155 0 -6.25 -148 0
2 24 6.25 -123.8155 0 6.25 -148 0
1 16 0 -129.3188 0 6.25 0 0 0 5.5033 0 0 0 6.25 1-4cyls2.dat
1 16 0 -129.3188 0 -6.25 0 0 0 5.5033 0 0 0 6.25 1-4cyls2.dat
3 16 -2.3919 -127.2127 5.7744 -2.3919 -127.1202 5.7744 -2.8285 -126.8284 5.4826
3 16 0 -128 6.25 -1.5308 -127.6956 5.9456 0 -129.3188 6.25
4 16 0 -129.3188 6.25 -1.5308 -127.6956 5.9456 -2.3919 -127.1202 5.7744 -2.3919 -127.2127 5.7744
3 16 1.5307 -127.6956 5.9456 0 -128 6.25 0 -129.3188 6.25
3 16 2.8284 -126.8284 5.4827 2.3919 -127.1201 5.7744 2.3919 -127.2127 5.7744
4 16 2.3919 -127.1201 5.7744 1.5307 -127.6956 5.9456 0 -129.3188 6.25 2.3919 -127.2127 5.7744
5 24 -2.3919 -127.1202 5.7744 -2.3919 -127.2127 5.7744 -2.8285 -126.8284 5.4826 -1.5308 -127.6956 5.9456
5 24 2.3919 -127.1201 5.7744 2.3919 -127.2127 5.7744 2.8284 -126.8284 5.4827 1.5307 -127.6956 5.9456
5 24 0 -129.3188 6.25 0 -128 6.25 1.5307 -127.6956 5.9456 -1.5308 -127.6956 5.9456

2 24 0 -134 6.25 2.3919 -134.4756 5.7744
2 24 4.4194 -134.8788 4.4194 5.3578 -135.0654 3.0152
2 24 2.3919 -134.4756 5.7744 4.4194 -134.8788 4.4194
2 24 5.7744 -135.3438 2.3919 6.25 -135.6617 0
2 24 5.7744 -135.3438 2.3919 5.3578 -135.0654 3.0152
2 24 -6.25 -135.6617 0 -5.7744 -135.3438 2.3919
2 24 -5.7744 -135.3438 2.3919 -5.3578 -135.0654 3.0152
2 24 -2.3919 -134.4756 5.7744 0 -134 6.25
2 24 -4.4194 -134.8788 4.4194 -2.3919 -134.4756 5.7744
2 24 -4.4194 -134.8788 4.4194 -5.3578 -135.0654 3.0152
2 24 0 -134 6.25 0 -132 6.25
2 24 6.1232 -133.2176 .6377 6.25 -133.3023 0
2 24 -2.3919 -132.4756 5.7744 0 -132 6.25
2 24 -5.7744 -133.1482 2.3919 -6.1232 -133.2176 .6377
2 24 -2.3919 -132.4756 5.7744 -4.4194 -132.8788 4.4194
2 24 -5.7744 -133.1482 2.3919 -4.4194 -132.8788 4.4194
2 24 5.7744 -133.1482 2.3919 6.1232 -133.2176 .6377
2 24 2.3919 -132.4756 5.7744 0 -132 6.25
2 24 5.7744 -133.1482 2.3919 4.4194 -132.8788 4.4194
2 24 2.3919 -132.4756 5.7744 4.4194 -132.8788 4.4194
2 24 -6.1232 -133.2176 .6377 -6.25 -133.3023 0

0 // shaft outside
1 16 0 -118.491 0 6.25 0 0 0 -5.5082 0 0 0 6.25 1-4cylse.dat
1 16 0 -118.491 0 -6.25 0 0 0 -5.5082 0 0 0 6.25 1-4cylse.dat
1 16 0 -118.491 0 6.25 0 0 0 -5.5082 0 0 0 -6.25 1-4cylse.dat
1 16 0 -118.491 0 -6.25 0 0 0 -5.5082 0 0 0 -6.25 1-4cylse.dat
1 16 0 -118.491 0 6.25 0 0 0 100.491 0 0 0 6.25 4-4cyli.dat
1 16 0 -18 0 6.25 0 0 0 1 0 0 0 6.25 4-4edge.dat

0 // bottom
1 16 0 -14 0 1 0 0 0 -3.5 0 0 0 1 stud8a.dat
1 16 0 -14 0 14 0 0 0 -1 0 0 0 14 2-4chrd.dat
1 16 0 -14 0 14 0 0 0 -1 0 0 0 -14 2-4chrd.dat
1 16 0 -14 0 14 0 0 0 1 0 0 0 14 4-4edge.dat
1 16 0 -18 0 16 0 0 0 4 0 0 0 16 4-4cyli.dat
1 16 0 -18 0 16 0 0 0 1 0 0 0 16 4-4edge.dat
1 16 0 -18 0 16 0 0 0 1 0 0 0 16 2-4chrd.dat
1 16 0 -18 0 16 0 0 0 1 0 0 0 -16 2-4chrd.dat