0 Dish  3 x  3 Inverted with White, Bright Light Blue and Bright Light Yellow Brushstrokes Pattern
0 Name: 43898p03.dat
0 Author: Gerald Lasser [GeraldLasser]
0 !LDRAW_ORG Part UPDATE 2026-01
0 !LICENSE Licensed under CC BY 4.0 : see CAreadme.txt

0 BFC CERTIFY CCW

0 !KEYWORDS Bricklink 43898pb010, Brickowl 1006908, Brickset 1911, Ideas
0 !KEYWORDS Painting, Rebrickable 43898pr0021, Set 21333, Star, The Starry Night
0 !KEYWORDS Vincent Van Gogh

0 !HISTORY 2026-01-29 [OrionP] Official Update 2026-01

1 16 0 0 0 1 0 0 0 1 0 0 0 1 s\43898s01.dat
1 16 0 0 0 1 0 0 0 1 0 0 0 1 s\43898s05.dat

4 16 5.9484 0 0.783 6 0 0 12 0.61 0 11.8968 0.61 1.566
4 16 5.9484 0 0.783 11.8968 0.61 1.566 11.5908 0.61 3.1056 5.7954 0 1.5528
4 16 5.5434 0 2.2962 5.7954 0 1.5528 11.5908 0.61 3.1056 11.0868 0.61 4.5924
4 16 5.5434 0 2.2962 11.0868 0.61 4.5924 10.392 0.61 6 5.196 0 3
4 16 4.7604 0 3.6528 5.196 0 3 10.392 0.61 6 9.5208 0.61 7.3056
4 16 4.7604 0 3.6528 9.5208 0.61 7.3056 8.4852 0.61 8.4852 4.2426 0 4.2426
4 16 3.6528 0 4.7604 4.2426 0 4.2426 8.4852 0.61 8.4852 7.3056 0.61 9.5208
4 16 6 0.61 10.392 3 0 5.196 3.6528 0 4.7604 7.3056 0.61 9.5208
4 16 4.5924 0.61 11.0868 2.2962 0 5.5434 3 0 5.196 6 0.61 10.392
4 16 4.5924 0.61 11.0868 3.1056 0.61 11.5908 1.5528 0 5.7954 2.2962 0 5.5434
4 16 3.1056 0.61 11.5908 1.566 0.61 11.8968 0.783 0 5.9484 1.5528 0 5.7954
4 16 0 0.61 12 0 0 6 0.783 0 5.9484 1.566 0.61 11.8968
4 16 -1.566 0.61 11.8968 -0.783 0 5.9484 0 0 6 0 0.61 12
4 16 -3.1056 0.61 11.5908 -1.5528 0 5.7954 -0.783 0 5.9484 -1.566 0.61 11.8968
4 16 -4.5924 0.61 11.0868 -2.2962 0 5.5434 -1.5528 0 5.7954 -3.1056 0.61 11.5908
4 16 -4.5924 0.61 11.0868 -6 0.61 10.392 -3 0 5.196 -2.2962 0 5.5434
4 16 -6 0.61 10.392 -7.3056 0.61 9.5208 -3.6528 0 4.7604 -3 0 5.196
4 16 -8.4852 0.61 8.4852 -4.2426 0 4.2426 -3.6528 0 4.7604 -7.3056 0.61 9.5208
4 16 -9.5208 0.61 7.3056 -4.7604 0 3.6528 -4.2426 0 4.2426 -8.4852 0.61 8.4852
4 16 -10.392 0.61 6 -5.196 0 3 -4.7604 0 3.6528 -9.5208 0.61 7.3056
4 16 -11.0868 0.61 4.5924 -5.5434 0 2.2962 -5.196 0 3 -10.392 0.61 6
4 16 -11.5908 0.61 3.1056 -5.7954 0 1.5528 -5.5434 0 2.2962 -11.0868 0.61 4.5924
4 16 -11.8968 0.61 1.566 -5.9484 0 0.783 -5.7954 0 1.5528 -11.5908 0.61 3.1056
4 16 -11.8968 0.61 1.566 -12 0.61 0 -6 0 0 -5.9484 0 0.783
4 16 -11.8968 0.61 -1.566 -5.9484 0 -0.783 -6 0 0 -12 0.61 0
4 16 -11.5908 0.61 -3.1056 -5.7954 0 -1.5528 -5.9484 0 -0.783 -11.8968 0.61 -1.566
4 16 -11.0868 0.61 -4.5924 -5.5434 0 -2.2962 -5.7954 0 -1.5528 -11.5908 0.61 -3.1056
4 16 -10.392 0.61 -6 -5.196 0 -3 -5.5434 0 -2.2962 -11.0868 0.61 -4.5924
4 16 -9.5208 0.61 -7.3056 -4.7604 0 -3.6528 -5.196 0 -3 -10.392 0.61 -6
4 16 -9.5208 0.61 -7.3056 -8.4852 0.61 -8.4852 -4.2426 0 -4.2426 -4.7604 0 -3.6528
4 16 -7.3056 0.61 -9.5208 -3.6528 0 -4.7604 -4.2426 0 -4.2426 -8.4852 0.61 -8.4852
4 16 -3.6528 0 -4.7604 -7.3056 0.61 -9.5208 -6 0.61 -10.392 -3 0 -5.196
4 16 -3 0 -5.196 -6 0.61 -10.392 -4.5924 0.61 -11.0868 -2.2962 0 -5.5434
4 16 -2.2962 0 -5.5434 -4.5924 0.61 -11.0868 -3.1056 0.61 -11.5908 -1.5528 0 -5.7954
4 16 -1.5528 0 -5.7954 -3.1056 0.61 -11.5908 -1.566 0.61 -11.8968 -0.783 0 -5.9484
4 16 -0.783 0 -5.9484 -1.566 0.61 -11.8968 0 0.61 -12 0 0 -6
4 16 1.566 0.61 -11.8968 0.783 0 -5.9484 0 0 -6 0 0.61 -12
4 16 3.1056 0.61 -11.5908 1.5528 0 -5.7954 0.783 0 -5.9484 1.566 0.61 -11.8968
4 16 4.5924 0.61 -11.0868 2.2962 0 -5.5434 1.5528 0 -5.7954 3.1056 0.61 -11.5908
4 16 5.39 0.57774 -10.34 5.72927 0.55495 -9.9231 3 0 -5.196 2.2962 0 -5.5434
4 16 5.39 0.57774 -10.34 2.2962 0 -5.5434 4.5924 0.61 -11.0868 5.20273 0.61 -10.78554
4 16 5.72927 0.55495 -9.9231 6.79426 0.52461 -8.85441 3.6528 0 -4.7604 3 0 -5.196
4 16 6.79426 0.52461 -8.85441 7.9 0.52586 -7.9 4.2426 0 -4.2426 3.6528 0 -4.7604
4 16 7.9 0.52586 -7.9 8.93037 0.53434 -6.85255 4.7604 0 -3.6528 4.2426 0 -4.2426
4 16 8.93037 0.53434 -6.85255 9.85877 0.5474 -5.69213 5.196 0 -3 4.7604 0 -3.6528
4 16 9.85877 0.5474 -5.69213 10.63595 0.56039 -4.40565 5.5434 0 -2.2962 5.196 0 -3
4 16 11.21 0.58845 -3.57 11.44024 0.61 -3.54974 11.5908 0.61 -3.1056 5.7954 0 -1.5528
3 16 5.7954 0 -1.5528 10.88 0.56871 -3.94 11.21 0.58845 -3.57
4 16 10.63595 0.56039 -4.40565 10.88 0.56871 -3.94 5.7954 0 -1.5528 5.5434 0 -2.2962
4 16 5.9484 0 -0.783 5.7954 0 -1.5528 11.5908 0.61 -3.1056 11.8968 0.61 -1.566
4 16 5.9484 0 -0.783 11.8968 0.61 -1.566 12 0.61 0 6 0 0
4 16 16.28 1.98892 1.48 16.61771 2.10999 2.18742 13.79657 1.21362 1.81607 13.7 1.16875 1.12
4 16 15.85 1.82275 0 16.28 1.98892 1.48 13.7 1.16875 1.12 13.42 1.07453 0.83
4 16 15.85 1.82275 0 13.42 1.07453 0.83 13.06 0.95802 0.68 12 0.61 0
4 16 12.16121 0.69401 1.6008 11.8968 0.61 1.566 12 0.61 0 12.42 0.76576 1.13
3 16 12.42 0.76576 1.13 12 0.61 0 12.73 0.85697 0.82
3 16 12.73 0.85697 0.82 12 0.61 0 13.06 0.95802 0.68
3 16 17.8452 2.5 2.349 17.38546 2.35393 2.28848 17.8 2.46502 1.35
3 16 17.8452 2.5 2.349 17.8 2.46502 1.35 18 2.5 0
4 16 16.99 2.23957 2.42 17.3862 2.5 4.6584 13.79562 1.32904 3.69635 16.61771 2.10999 2.18742
3 16 13.79562 1.32904 3.69635 13.79657 1.21362 1.81607 16.61771 2.10999 2.18742
3 16 11.94 0.6587 2.14 11.8968 0.61 1.566 12.16121 0.69401 1.6008
3 16 11.5908 0.61 3.1056 11.8968 0.61 1.566 11.94 0.6587 2.14
4 16 17.38546 2.35393 2.28848 17.8452 2.5 2.349 17.3862 2.5 4.6584 16.99 2.23957 2.42
4 16 16.6302 2.5 6.8886 13.40687 1.40102 5.55342 13.79562 1.32904 3.69635 17.3862 2.5 4.6584
4 16 15.23 2.30365 8.32 14.92795 2.25991 8.61891 12.71072 1.45341 7.33875 13.40687 1.40102 5.55342
3 16 15.23 2.30365 8.32 13.40687 1.40102 5.55342 15.7 2.39477 8.02
4 16 16.06 2.49388 8 15.7 2.39477 8.02 13.40687 1.40102 5.55342 16.6302 2.5 6.8886
4 16 14.11 2.23456 9.7 13.5851 2.22363 10.42426 11.76782 1.50212 9.02981 12.71072 1.45341 7.33875
3 16 14.11 2.23456 9.7 12.71072 1.45341 7.33875 14.92795 2.25991 8.61891
4 16 12.175 2.25374 12.175 10.48 1.49865 10.48 11.76782 1.50212 9.02981 13.5851 2.22363 10.42426
3 16 8.65 0.68342 8.65 8.4852 0.61 8.4852 9.5208 0.61 7.3056
3 16 10.9584 2.5 14.2812 9.01049 1.49213 11.74264 11.09 2.37056 13.62
4 16 11.53 2.27242 12.82 11.09 2.37056 13.62 9.01049 1.49213 11.74264 10.48 1.49865 10.48
3 16 11.53 2.27242 12.82 10.48 1.49865 10.48 12.175 2.25374 12.175
4 16 7.65164 0.78904 9.97176 7.3056 0.61 9.5208 8.4852 0.61 8.4852 8.65 0.68342 8.65
4 16 10.9584 2.5 14.2812 9 2.5 15.588 7.19684 1.36401 12.46492 8.21 1.46934 12.19
3 16 10.9584 2.5 14.2812 8.21 1.46934 12.19 9.01049 1.49213 11.74264
4 16 7.3056 0.61 9.5208 7.65164 0.78904 9.97176 7.04 0.84946 10.61 6 0.61 10.392
3 16 6.45689 0.89784 11.18334 6 0.61 10.392 7.04 0.84946 10.61
4 16 4.5924 0.61 11.0868 6 0.61 10.392 6.45689 0.89784 11.18334 6.29 0.97265 11.53
3 16 6.3 1.08445 11.92 4.5924 0.61 11.0868 6.29 0.97265 11.53
4 16 4.5924 0.61 11.0868 6.3 1.08445 11.92 6.39 1.18194 12.22 6.8886 2.5 16.6302
3 16 6.8886 2.5 16.6302 6.39 1.18194 12.22 6.74 1.27614 12.38
4 16 6.8886 2.5 16.6302 6.74 1.27614 12.38 7.19684 1.36401 12.46492 9 2.5 15.588
4 16 4.6584 2.5 17.3862 3.1056 0.61 11.5908 4.5924 0.61 11.0868 6.8886 2.5 16.6302
4 16 2.349 2.5 17.8452 1.566 0.61 11.8968 3.1056 0.61 11.5908 4.6584 2.5 17.3862
4 16 0 2.5 18 0 2.28895 17.33 0.8 2.25201 17.16 2.349 2.5 17.8452
3 16 2.349 2.5 17.8452 0.8 2.25201 17.16 1.36 2.15653 16.82
3 16 2.349 2.5 17.8452 1.36 2.15653 16.82 1.67 2.04012 16.43
3 16 2.349 2.5 17.8452 1.67 2.04012 16.43 1.71 1.86455 15.87
3 16 2.349 2.5 17.8452 1.71 1.86455 15.87 1.566 0.61 11.8968
3 16 1.71 1.86455 15.87 1.35 1.73737 15.49 1.566 0.61 11.8968
3 16 1.35 1.73737 15.49 0.68 1.66677 15.31 1.566 0.61 11.8968
4 16 1.566 0.61 11.8968 0.68 1.66677 15.31 0 1.5991 15.14 0 0.61 12
4 16 0 2.5 18 -2.349 2.5 17.8452 -2.30367 2.39058 17.50083 0 2.28895 17.33
4 16 0 0.61 12 0 1.5991 15.14 -1.93818 1.50835 14.72419 -1.566 0.61 11.8968
4 16 -2.349 2.5 17.8452 -4.6584 2.5 17.3862 -4.61245 2.44407 17.2147 -2.30367 2.39058 17.50083
4 16 -1.566 0.61 11.8968 -1.93818 1.50835 14.72419 -3.83438 1.49704 14.31079 -3.1056 0.61 11.5908
3 16 -4.6584 2.5 17.3862 -6.8886 2.5 16.6302 -4.61245 2.44407 17.2147
4 16 -5.75596 1.56772 13.89582 -4.5924 0.61 11.0868 -3.1056 0.61 11.5908 -3.83438 1.49704 14.31079
3 16 -6.8886 2.5 16.6302 -9 2.5 15.588 -8.88676 2.42866 15.39187
4 16 -7.65625 1.65344 13.26062 -6 0.61 10.392 -4.5924 0.61 11.0868 -5.75596 1.56772 13.89582
4 16 -8.5 1.72759 12.98 -7.3056 0.61 9.5208 -6 0.61 10.392 -7.65625 1.65344 13.26062
3 16 -8.5 1.72759 12.98 -9.65931 1.82784 12.5882 -7.3056 0.61 9.5208
3 16 -9.93 2.39827 14.58 -10.9584 2.5 14.2812 -10.53231 2.27953 13.7259
4 16 -9 2.5 15.588 -10.9584 2.5 14.2812 -9.93 2.39827 14.58 -8.88676 2.42866 15.39187
4 16 -8.4852 0.61 8.4852 -7.3056 0.61 9.5208 -9.65931 1.82784 12.5882 -10.22 1.92843 12.52
4 16 -8.4852 0.61 8.4852 -10.22 1.92843 12.52 -10.57 2.0369 12.67 -12.7278 2.5 12.7278
3 16 -10.63 2.18936 13.26 -12.7278 2.5 12.7278 -10.57 2.0369 12.67
4 16 -12.7278 2.5 12.7278 -10.63 2.18936 13.26 -10.53231 2.27953 13.7259 -10.9584 2.5 14.2812
4 16 -14.2812 2.5 10.9584 -9.5208 0.61 7.3056 -8.4852 0.61 8.4852 -12.7278 2.5 12.7278
4 16 -14.2812 2.5 10.9584 -15.588 2.5 9 -10.392 0.61 6 -9.5208 0.61 7.3056
4 16 -12.36 1.11818 5.65 -12.43897 1.07102 5.1525 -11.0868 0.61 4.5924 -10.392 0.61 6
3 16 -10.392 0.61 6 -12.48 1.19127 5.93 -12.36 1.11818 5.65
4 16 -12.77 1.2999 6.12 -12.48 1.19127 5.93 -10.392 0.61 6 -15.588 2.5 9
3 16 -15.588 2.5 9 -13.26 1.42883 6.05 -12.77 1.2999 6.12
4 16 -13.70536 1.50279 5.67707 -13.26 1.42883 6.05 -15.588 2.5 9 -16.6302 2.5 6.8886
4 16 -14.36 1.61772 4.88 -13.70536 1.50279 5.67707 -16.6302 2.5 6.8886 -17.3862 2.5 4.6584
3 16 -14.36 1.61772 4.88 -17.3862 2.5 4.6584 -14.78497 1.65169 3.96144
4 16 -12.43897 1.07102 5.1525 -12.7976 1.00356 3.42895 -11.5908 0.61 3.1056 -11.0868 0.61 4.5924
4 16 -14.78497 1.65169 3.96144 -17.3862 2.5 4.6584 -17.24 2.37914 3.43 -15.367 1.7126 2.02279
3 16 -17.24 2.37914 3.43 -17.17723 2.28776 2.26107 -15.367 1.7126 2.02279
4 16 -12.7976 1.00356 3.42895 -12.93698 0.9405 1.70292 -11.8968 0.61 1.566 -11.5908 0.61 3.1056
4 16 -17.17723 2.28776 2.26107 -17.2 2.248 0 -15.56 1.7314 0 -15.367 1.7126 2.02279
4 16 -12.93698 0.9405 1.70292 -12.97 0.91555 0 -12 0.61 0 -11.8968 0.61 1.566
4 16 -15.56 1.7314 0 -17.2 2.248 0 -17.23 2.27779 -0.98 -15.50514 1.75649 -2.04097
3 16 -17.23 2.27779 -0.98 -17.31872 2.33272 -2.2797 -15.50514 1.75649 -2.04097
4 16 -12.97 0.91555 0 -12.79937 0.89677 -1.68481 -11.8968 0.61 -1.566 -12 0.61 0
4 16 -15.01457 1.72656 -4.02295 -15.50514 1.75649 -2.04097 -17.31872 2.33272 -2.2797 -17.51488 2.5 -4.01097
3 16 -17.51488 2.5 -4.01097 -17.3862 2.5 -4.6584 -15.01457 1.72656 -4.02295
4 16 -12.79937 0.89677 -1.68481 -12.48654 0.90212 -3.3456 -11.5908 0.61 -3.1056 -11.8968 0.61 -1.566
4 16 -16.6302 2.5 -6.8886 -14.21491 1.67652 -5.88814 -15.01457 1.72656 -4.02295 -17.3862 2.5 -4.6584
4 16 -12.48654 0.90212 -3.3456 -11.98269 0.91545 -4.9635 -11.0868 0.61 -4.5924 -11.5908 0.61 -3.1056
4 16 -14.21491 1.67652 -5.88814 -16.6302 2.5 -6.8886 -15.588 2.5 -9 -13.00616 1.56088 -7.50933
4 16 -11.98269 0.91545 -4.9635 -11.22401 0.91264 -6.48038 -10.392 0.61 -6 -11.0868 0.61 -4.5924
4 16 -13.00616 1.56088 -7.50933 -15.588 2.5 -9 -14.2812 2.5 -10.9584 -11.45343 1.3773 -8.78856
4 16 -11.22401 0.91264 -6.48038 -10.35203 0.94002 -7.94342 -9.5208 0.61 -7.3056 -10.392 0.61 -6
4 16 -11.45343 1.3773 -8.78856 -14.2812 2.5 -10.9584 -12.7278 2.5 -12.7278 -10.93 1.28467 -8.94
4 16 -10.43 1.13066 -8.77 -10.93 1.28467 -8.94 -12.7278 2.5 -12.7278 -8.4852 0.61 -8.4852
3 16 -10.27 1.00315 -8.34 -10.43 1.13066 -8.77 -8.4852 0.61 -8.4852
4 16 -10.35203 0.94002 -7.94342 -10.27 1.00315 -8.34 -8.4852 0.61 -8.4852 -9.5208 0.61 -7.3056
4 16 -7.3056 0.61 -9.5208 -8.4852 0.61 -8.4852 -12.7278 2.5 -12.7278 -10.9584 2.5 -14.2812
4 16 -6.63613 1.01076 -11.49378 -6 0.61 -10.392 -7.3056 0.61 -9.5208 -7.01 1.09628 -11.57
4 16 -7.32 1.20837 -11.79 -7.01 1.09628 -11.57 -7.3056 0.61 -9.5208 -10.9584 2.5 -14.2812
3 16 -7.32 1.20837 -11.79 -10.9584 2.5 -14.2812 -7.41 1.32392 -12.17
4 16 -7.32143 1.4425 -12.68072 -7.41 1.32392 -12.17 -10.9584 2.5 -14.2812 -9 2.5 -15.588
4 16 -6 0.61 -10.392 -5.79 0.91977 -11.59 -4.87961 0.8464 -11.78016 -4.5924 0.61 -11.0868
3 16 -6 0.61 -10.392 -6.63613 1.01076 -11.49378 -5.79 0.91977 -11.59
3 16 -7.32143 1.4425 -12.68072 -9 2.5 -15.588 -6.69 1.5777 -13.47
4 16 -5.84 1.62311 -14.05 -6.69 1.5777 -13.47 -9 2.5 -15.588 -6.8886 2.5 -16.6302
4 16 -4.5924 0.61 -11.0868 -4.87961 0.8464 -11.78016 -3.2519 0.78807 -12.13681 -3.1056 0.61 -11.5908
4 16 -3.98661 1.68233 -14.87895 -5.84 1.62311 -14.05 -6.8886 2.5 -16.6302 -4.6584 2.5 -17.3862
4 16 -3.1056 0.61 -11.5908 -3.2519 0.78807 -12.13681 -1.62083 0.74234 -12.31331 -1.566 0.61 -11.8968
4 16 -1.98976 1.63287 -15.11608 -3.98661 1.68233 -14.87895 -4.6584 2.5 -17.3862 -2.349 2.5 -17.8452
4 16 -1.566 0.61 -11.8968 -1.62083 0.74234 -12.31331 0 0.7171 -12.34 0 0.61 -12
4 16 -1.01 1.60432 -15.09 -1.98976 1.63287 -15.11608 -2.349 2.5 -17.8452 0 2.5 -18
3 16 0 1.5361 -14.94 -1.01 1.60432 -15.09 0 2.5 -18
4 16 0 0.61 -12 0 0.7171 -12.34 1.60244 0.69796 -12.17363 1.566 0.61 -11.8968
4 16 1.11 1.40479 -14.45 0 1.5361 -14.94 0 2.5 -18 2.349 2.5 -17.8452
3 16 1.83841 1.26753 -13.96626 1.11 1.40479 -14.45 2.349 2.5 -17.8452
4 16 2.23 1.14417 -13.49 1.83841 1.26753 -13.96626 2.349 2.5 -17.8452 4.6584 2.5 -17.3862
4 16 2.49 0.962 -12.85 2.23 1.14417 -13.49 4.6584 2.5 -17.3862 3.1056 0.61 -11.5908
4 16 2.11 0.72807 -12.17 3.1056 0.61 -11.5908 1.566 0.61 -11.8968 1.60244 0.69796 -12.17363
3 16 3.1056 0.61 -11.5908 2.11 0.72807 -12.17 2.4 0.81094 -12.38
3 16 3.1056 0.61 -11.5908 2.4 0.81094 -12.38 2.49 0.962 -12.85
4 16 4.5924 0.61 -11.0868 3.1056 0.61 -11.5908 4.6584 2.5 -17.3862 5.43 2.38202 -16.73
3 16 4.5924 0.61 -11.0868 5.43 2.38202 -16.73 6.60231 2.26435 -15.93904
3 16 5.20273 0.61 -10.78554 4.5924 0.61 -11.0868 5.16 0.71852 -11.19
4 16 5.33 0.84984 -11.57 5.16 0.71852 -11.19 4.5924 0.61 -11.0868 6.60231 2.26435 -15.93904
3 16 5.33 0.84984 -11.57 6.60231 2.26435 -15.93904 5.78 0.95518 -11.72
4 16 6.74774 1.08107 -11.68708 5.78 0.95518 -11.72 6.60231 2.26435 -15.93904 8.5023 2.18645 -14.72599
4 16 6.74774 1.08107 -11.68708 8.5023 2.18645 -14.72599 9.66 2.17766 -13.92 8.41625 1.18466 -10.96822
3 16 8.41625 1.18466 -10.96822 9.66 2.17766 -13.92 10.31 2.16026 -13.42
4 16 9.835 1.21131 -9.835 8.41625 1.18466 -10.96822 10.31 2.16026 -13.42 12.035 2.19137 -12.035
4 16 9.835 1.21131 -9.835 12.035 2.19137 -12.035 12.73 2.24065 -11.48 11.01901 1.20483 -8.45522
4 16 11.01901 1.20483 -8.45522 12.73 2.24065 -11.48 13.25 2.35151 -11.42 14.2812 2.5 -10.9584
3 16 14.2812 2.5 -10.9584 13.25 2.35151 -11.42 13.66417 2.5 -11.66122
4 16 14.2812 2.5 -10.9584 15.588 2.5 -9 13.65039 1.79521 -7.88129 11.01901 1.20483 -8.45522
3 16 11.79007 1.11854 -6.8072 11.01901 1.20483 -8.45522 13.65039 1.79521 -7.88129
4 16 16.6302 2.5 -6.8886 16.13657 2.3317 -6.68413 15.4 2.21903 -7.37 15.588 2.5 -9
3 16 15.4 2.21903 -7.37 14.47 2.02564 -7.87 15.588 2.5 -9
3 16 14.47 2.02564 -7.87 14.04 1.91789 -7.97 15.588 2.5 -9
3 16 13.65039 1.79521 -7.88129 15.588 2.5 -9 14.04 1.91789 -7.97
4 16 11.79007 1.11854 -6.8072 13.65039 1.79521 -7.88129 13.52 1.70223 -7.48 11.96 1.04128 -5.91
3 16 11.96 1.04128 -5.91 13.52 1.70223 -7.48 13.73 1.6499 -6.68
4 16 11.96 1.04128 -5.91 13.73 1.6499 -6.68 14.03299 1.61449 -5.81278 12.02891 0.93121 -4.98264
4 16 11.83 0.7529 -3.81 14.74332 1.6381 -3.95028 11.5908 0.61 -3.1056 11.44024 0.61 -3.54974
3 16 17.3862 2.5 -4.6584 16.79 2.44759 -5.9 16.6302 2.5 -6.8886
3 16 16.79 2.44759 -5.9 16.13657 2.3317 -6.68413 16.6302 2.5 -6.8886
4 16 12.02891 0.93121 -4.98264 14.03299 1.61449 -5.81278 14.74332 1.6381 -3.95028 11.98 0.83626 -4.19
3 16 11.83 0.7529 -3.81 11.98 0.83626 -4.19 14.74332 1.6381 -3.95028
4 16 15.35381 1.7084 -2.02105 11.8968 0.61 -1.566 11.5908 0.61 -3.1056 14.74332 1.6381 -3.95028
4 16 15.35381 1.7084 -2.02105 15.85 1.82275 0 12 0.61 0 11.8968 0.61 -1.566
4 16 17.8452 2.5 2.349 18 2.5 0 20.21 4.05308 1.35 19.96293 3.94305 2.62776
4 16 23.95561 6.66373 3.15333 22.50495 5.67523 2.96237 22.36 5.50241 1.28 24.27 6.73573 0
3 16 22.36 5.50241 1.28 22.08 5.28209 0.58 24.27 6.73573 0
3 16 22.08 5.28209 0.58 21.78 5.06072 0.16 24.27 6.73573 0
3 16 21.78 5.06072 0.16 21.43 4.81716 0 24.27 6.73573 0
3 16 20.96 4.50588 0.14 18 2.5 0 21.43 4.81716 0
3 16 20.55 4.24849 0.58 18 2.5 0 20.96 4.50588 0.14
3 16 20.21 4.05308 1.35 18 2.5 0 20.55 4.24849 0.58
4 16 26.7678 8.58 3.5235 26.11764 8.13697 3.43792 26.49 8.30759 1.62 27 8.58 0
3 16 26.49 8.30759 1.62 26.56 8.28276 0 27 8.58 0
4 16 17.3862 2.5 4.6584 17.8452 2.5 2.349 19.96293 3.94305 2.62776 19.77255 4.16903 5.29779
4 16 23.7473 6.94898 6.36277 22.32674 5.95544 5.98215 22.5 5.85244 4.33 23.95561 6.66373 3.15333
3 16 22.5 5.85244 4.33 22.50495 5.67523 2.96237 23.95561 6.66373 3.15333
4 16 26.0793 8.58 6.9876 25.04022 7.85326 6.70919 25.66 8.07092 5.24 26.7678 8.58 3.5235
3 16 25.66 8.07092 5.24 26.11764 8.13697 3.43792 26.7678 8.58 3.5235
4 16 17.3862 2.5 4.6584 19.77255 4.16903 5.29779 19.68 4.35359 6.42 16.6302 2.5 6.8886
3 16 19.49887 4.59757 8.07687 16.6302 2.5 6.8886 19.68 4.35359 6.42
4 16 24.9453 8.58 10.3329 21.22154 5.85718 8.79043 21.93 6.01357 7.42 24.19 7.4561 7.39
3 16 21.93 6.01357 7.42 23.94 7.26972 7.27 24.19 7.4561 7.39
4 16 23.74 7.07628 6.97 23.94 7.26972 7.27 21.93 6.01357 7.42 22.32674 5.95544 5.98215
3 16 23.74 7.07628 6.97 22.32674 5.95544 5.98215 23.7473 6.94898 6.36277
4 16 24.9453 8.58 10.3329 24.19 7.4561 7.39 24.64 7.7055 7.21 26.0793 8.58 6.9876
3 16 24.64 7.7055 7.21 25.04022 7.85326 6.70919 26.0793 8.58 6.9876
4 16 16.295 2.71794 8.295 16.6302 2.5 6.8886 19.49887 4.59757 8.07687 16.36 2.91173 8.81
3 16 16.295 2.71794 8.295 16.06 2.49388 8 16.6302 2.5 6.8886
4 16 16.36 2.91173 8.81 19.49887 4.59757 8.07687 19.53 4.82717 8.78 16.2802 3.03998 9.39965
4 16 16.2802 3.03998 9.39965 19.53 4.82717 8.78 19.78 5.0958 9.17 20.94546 6.67929 12.09322
3 16 20.94546 6.67929 12.09322 19.78 5.0958 9.17 20.21 5.38981 9.28
3 16 20.94546 6.67929 12.09322 20.21 5.38981 9.28 20.81 5.72409 9.18
4 16 20.94546 6.67929 12.09322 20.81 5.72409 9.18 21.22154 5.85718 8.79043 24.9453 8.58 10.3329
3 16 23.382 8.58 13.5 20.94546 6.67929 12.09322 24.9453 8.58 10.3329
4 16 21.4218 8.58 16.4376 20.1259 7.47658 15.44322 20.81 7.22932 13.76 23.382 8.58 13.5
3 16 20.81 7.22932 13.76 21.07 6.91355 12.53 23.382 8.58 13.5
3 16 23.382 8.58 13.5 21.07 6.91355 12.53 20.94546 6.67929 12.09322
4 16 16.2802 3.03998 9.39965 20.94546 6.67929 12.09322 20.56 6.46477 12.1 16.1 3.32567 10.43
3 16 19.95 6.30163 12.58 16.1 3.32567 10.43 20.56 6.46477 12.1
4 16 16.1 3.32567 10.43 19.95 6.30163 12.58 18.47738 6.07292 14.17826 15.51274 3.54862 11.9034
4 16 19.0917 8.58 19.0917 18.295 7.81884 18.295 19.21 7.70594 17 21.4218 8.58 16.4376
3 16 19.21 7.70594 17 20.1259 7.47658 15.44322 21.4218 8.58 16.4376
4 16 14.8 3.60881 12.85 15.51274 3.54862 11.9034 18.47738 6.07292 14.17826 16.465 6.07048 16.465
3 16 16.465 6.07048 16.465 13.81 3.53392 13.81 14.8 3.60881 12.85
4 16 19.0917 8.58 19.0917 16.4376 8.58 21.4218 15.91571 8.00088 20.74166 18.295 7.81884 18.295
4 16 12.78 3.41474 14.48 13.81 3.53392 13.81 16.465 6.07048 16.465 14.36649 6.28179 18.72269
4 16 11.85 3.13673 14.75 12.78 3.41474 14.48 14.36649 6.28179 18.72269 12.03013 3.68925 15.6779
3 16 11.50354 3.10492 14.99164 11.3296 2.91191 14.76496 11.85 3.13673 14.75
3 16 12.03013 3.68925 15.6779 11.50354 3.10492 14.99164 11.85 3.13673 14.75
4 16 10.43 3.8888 17.1 9.86973 3.67511 17.09438 9 2.5 15.588 11.05 2.7421 14.65
3 16 9 2.5 15.588 10.9584 2.5 14.2812 11.05 2.7421 14.65
4 16 16.4376 8.58 21.4218 13.5 8.58 23.382 13.16182 8.12308 22.79627 15.91571 8.00088 20.74166
4 16 10.75 4.19488 17.43 12.03013 3.68925 15.6779 14.36649 6.28179 18.72269 10.85 4.48024 17.87
3 16 10.75 4.19488 17.43 11.50354 3.10492 14.99164 12.03013 3.68925 15.6779
4 16 11.3296 2.91191 14.76496 11.50354 3.10492 14.99164 10.75 4.19488 17.43 10.43 3.8888 17.1
3 16 10.43 3.8888 17.1 11.05 2.7421 14.65 11.3296 2.91191 14.76496
4 16 10.67597 4.76442 18.49078 10.85 4.48024 17.87 14.36649 6.28179 18.72269 11.93613 6.46703 20.67337
4 16 8.83 3.51873 17.35 7.44598 3.48391 17.97581 6.8886 2.5 16.6302 9 2.5 15.588
3 16 8.83 3.51873 17.35 9 2.5 15.588 9.86973 3.67511 17.09438
4 16 10.02917 8.04385 24.21206 13.16182 8.12308 22.79627 13.5 8.58 23.382 10.3329 8.58 24.9453
4 16 9.81 5.09939 19.47 10.67597 4.76442 18.49078 11.93613 6.46703 20.67337 9.41389 6.95774 22.72667
3 16 9.41389 6.95774 22.72667 8.51461 5.3703 20.55566 9.81 5.09939 19.47
4 16 6.65 3.50594 18.28 5.1 3.6307 19 4.6584 2.5 17.3862 6.8886 2.5 16.6302
3 16 6.65 3.50594 18.28 6.8886 2.5 16.6302 7.44598 3.48391 17.97581
3 16 6.9876 8.58 26.0793 8.3 7.827 24.46 8.87 7.96371 24.48
4 16 6.9876 8.58 26.0793 8.87 7.96371 24.48 10.02917 8.04385 24.21206 10.3329 8.58 24.9453
4 16 7.48 5.48162 21.08 8.51461 5.3703 20.55566 9.41389 6.95774 22.72667 8.65 7.22343 23.4
4 16 7.48 5.48162 21.08 8.65 7.22343 23.4 8.13 7.41817 23.88 5.74754 5.34303 21.45112
4 16 5.74754 5.34303 21.45112 8.13 7.41817 23.88 8.07 7.62313 24.22 6.9876 8.58 26.0793
3 16 6.9876 8.58 26.0793 8.07 7.62313 24.22 8.3 7.827 24.46
4 16 6.9876 8.58 26.0793 3.5235 8.58 26.7678 3.20369 6.92443 24.3382 5.74754 5.34303 21.45112
3 16 3.20369 6.92443 24.3382 4.06 5.05316 21.35 5.74754 5.34303 21.45112
3 16 3.20369 6.92443 24.3382 3.4 4.72035 20.98 4.06 5.05316 21.35
3 16 3.20369 6.92443 24.3382 3.08 4.3793 20.53 3.4 4.72035 20.98
3 16 3.20369 6.92443 24.3382 2.349 2.5 17.8452 3.08 4.3793 20.53
3 16 3.08 4.3793 20.53 2.349 2.5 17.8452 3.18 4.14016 20.15
3 16 3.18 4.14016 20.15 2.349 2.5 17.8452 3.48 3.89422 19.72
4 16 4.11 3.74495 19.37 3.48 3.89422 19.72 2.349 2.5 17.8452 4.6584 2.5 17.3862
3 16 4.11 3.74495 19.37 4.6584 2.5 17.3862 5.1 3.6307 19
4 16 0 8.58 27 0 8.01929 26.17 1.64 7.81532 25.76 3.5235 8.58 26.7678
3 16 3.5235 8.58 26.7678 1.64 7.81532 25.76 2.78 7.50803 25.23
3 16 3.5235 8.58 26.7678 2.78 7.50803 25.23 3.12 7.28672 24.88
3 16 3.5235 8.58 26.7678 3.12 7.28672 24.88 3.20369 6.92443 24.3382
4 16 1.69 6.76368 24.2 0 6.65467 24.15 0 4.33751 20.72 2.76 6.7843 24.16
4 16 3.03 6.82334 24.2 2.76 6.7843 24.16 0 4.33751 20.72 2.349 2.5 17.8452
3 16 3.20369 6.92443 24.3382 3.03 6.82334 24.2 2.349 2.5 17.8452
3 16 0 4.33751 20.72 0 4.0808 20.34 2.349 2.5 17.8452
3 16 0 4.0808 20.34 0 2.5 18 2.349 2.5 17.8452
4 16 -3.5235 8.58 26.7678 -3.45413 8.22088 26.24077 -1.49 8.15993 26.28 0 8.58 27
3 16 0 8.58 27 -1.49 8.15993 26.28 0 8.01929 26.17
4 16 -3.14151 6.60257 23.86585 -2.84871 5.08685 21.64149 -1.35 4.95157 21.54 -1.26 6.67698 24.1
4 16 0 6.65467 24.15 -1.26 6.67698 24.1 -1.35 4.95157 21.54 -0.35 4.63007 21.13
3 16 0 6.65467 24.15 -0.35 4.63007 21.13 0 4.33751 20.72
3 16 0 4.0808 20.34 -0.23 3.84784 19.98 0 2.5 18
4 16 0 2.5 18 -0.23 3.84784 19.98 -1.3 3.49014 19.38 -2.349 2.5 17.8452
3 16 -1.3 3.49014 19.38 -2.49823 3.27253 18.97892 -2.349 2.5 17.8452
4 16 -6.9876 8.58 26.0793 -6.87673 8.2906 25.66552 -4.97 8.28762 26.04 -3.5235 8.58 26.7678
3 16 -3.5235 8.58 26.7678 -4.97 8.28762 26.04 -3.45413 8.22088 26.24077
4 16 -6.21755 6.56991 23.2053 -5.65707 5.10687 21.11346 -4.09 5.19656 21.56 -3.14151 6.60257 23.86585
3 16 -3.14151 6.60257 23.86585 -4.09 5.19656 21.56 -2.84871 5.08685 21.64149
4 16 -2.349 2.5 17.8452 -2.49823 3.27253 18.97892 -3.57 3.25533 18.74 -4.6584 2.5 17.3862
3 16 -3.57 3.25533 18.74 -4.98088 3.34178 18.58976 -4.6584 2.5 17.3862
4 16 -10.3329 8.58 24.9453 -10.06625 8.10929 24.30155 -8.43 8.27842 25.12 -6.9876 8.58 26.0793
3 16 -6.9876 8.58 26.0793 -8.43 8.27842 25.12 -6.87673 8.2906 25.66552
3 16 -9.22257 6.62001 22.26479 -6.8886 2.5 16.6302 -7.48 4.14157 18.99
3 16 -9.22257 6.62001 22.26479 -7.48 4.14157 18.99 -7.59 4.46042 19.45
3 16 -9.22257 6.62001 22.26479 -7.59 4.46042 19.45 -7.45 4.75699 19.96
4 16 -9.22257 6.62001 22.26479 -7.45 4.75699 19.96 -6.69 5.0278 20.64 -6.21755 6.56991 23.2053
3 16 -6.21755 6.56991 23.2053 -6.69 5.0278 20.64 -5.65707 5.10687 21.11346
4 16 -4.6584 2.5 17.3862 -4.98088 3.34178 18.58976 -6.18 3.56408 18.53 -6.8886 2.5 16.6302
3 16 -7.18 3.89684 18.71 -6.8886 2.5 16.6302 -6.18 3.56408 18.53
3 16 -7.48 4.14157 18.99 -6.8886 2.5 16.6302 -7.18 3.89684 18.71
4 16 -13.5 8.58 23.382 -12.83615 7.68307 22.23222 -11.6 7.96694 23.31 -10.3329 8.58 24.9453
3 16 -10.3329 8.58 24.9453 -11.6 7.96694 23.31 -10.06625 8.10929 24.30155
3 16 -10.57 6.70519 21.74 -12.21715 6.84672 21.1601 -9 2.5 15.588
4 16 -9.22257 6.62001 22.26479 -10.57 6.70519 21.74 -9 2.5 15.588 -6.8886 2.5 16.6302
4 16 -13.5 8.58 23.382 -16.4376 8.58 21.4218 -13.1 7.56698 21.85 -12.83615 7.68307 22.23222
3 16 -13.1 7.56698 21.85 -16.4376 8.58 21.4218 -13.25 7.36993 21.4
4 16 -13.15 7.18594 21.14 -13.25 7.36993 21.4 -16.4376 8.58 21.4218 -13.29123 5.08862 17.32139
4 16 -13.15 7.18594 21.14 -13.29123 5.08862 17.32139 -12.66 4.9858 17.56 -12.64 6.9774 21.11
4 16 -12.21715 6.84672 21.1601 -12.64 6.9774 21.11 -12.66 4.9858 17.56 -11.93 4.80722 17.73
3 16 -12.21715 6.84672 21.1601 -11.93 4.80722 17.73 -11.41 4.56678 17.65
4 16 -9 2.5 15.588 -12.21715 6.84672 21.1601 -11.41 4.56678 17.65 -11.25 4.29829 17.28
4 16 -9 2.5 15.588 -11.25 4.29829 17.28 -11.33 4.00737 16.71 -10.9584 2.5 14.2812
3 16 -11.33 4.00737 16.71 -12.14768 3.81968 15.83109 -10.9584 2.5 14.2812
4 16 -10.9584 2.5 14.2812 -12.14768 3.81968 15.83109 -13.58 3.31418 13.58 -12.7278 2.5 12.7278
4 16 -14.58 5.25145 16.51 -13.29123 5.08862 17.32139 -16.4376 8.58 21.4218 -19.0917 8.58 19.0917
3 16 -19.0917 8.58 19.0917 -15.455 5.10554 15.455 -14.58 5.25145 16.51
4 16 -12.7278 2.5 12.7278 -13.58 3.31418 13.58 -14.32 3.15022 12.37 -14.2812 2.5 10.9584
3 16 -14.32 3.15022 12.37 -14.83024 2.96749 11.37969 -14.2812 2.5 10.9584
4 16 -19.21 7.74168 17.08 -19.06 7.57157 16.87 -15.455 5.10554 15.455 -19.0917 8.58 19.0917
4 16 -19.74184 7.14956 15.14851 -16.86282 4.69817 12.93936 -16.38 4.98433 14.13 -19.14 7.32195 16.22
4 16 -21.4218 8.58 16.4376 -21.05225 8.26534 16.15403 -20.16 8.10886 16.82 -19.0917 8.58 19.0917
3 16 -19.0917 8.58 19.0917 -20.16 8.10886 16.82 -19.55 7.90572 17.06
3 16 -19.0917 8.58 19.0917 -19.55 7.90572 17.06 -19.21 7.74168 17.08
4 16 -15.455 5.10554 15.455 -19.06 7.57157 16.87 -19.14 7.32195 16.22 -16.38 4.98433 14.13
4 16 -20.54 7.11861 13.87 -17.25 4.35655 11.45 -16.86282 4.69817 12.93936 -19.74184 7.14956 15.14851
4 16 -21.31706 6.96917 12.30777 -17.51013 3.99943 10.10977 -17.25 4.35655 11.45 -20.54 7.11861 13.87
4 16 -14.2812 2.5 10.9584 -14.83024 2.96749 11.37969 -15.43 2.8657 10.21 -15.588 2.5 9
3 16 -15.43 2.8657 10.21 -16.10623 2.90426 9.29921 -15.588 2.5 9
4 16 -23.382 8.58 13.5 -23.15287 8.40126 13.36771 -22.01 8.37855 15.02 -21.4218 8.58 16.4376
3 16 -21.4218 8.58 16.4376 -22.01 8.37855 15.02 -21.05225 8.26534 16.15403
4 16 -22.69692 6.93599 9.40157 -17.46 3.66042 9.08 -17.51013 3.99943 10.10977 -21.31706 6.96917 12.30777
4 16 -16.6302 2.5 6.8886 -15.588 2.5 9 -16.10623 2.90426 9.29921 -16.73 3.11837 8.75
3 16 -16.73 3.11837 8.75 -17 3.24632 8.63 -16.6302 2.5 6.8886
4 16 -16.6302 2.5 6.8886 -17 3.24632 8.63 -17.25 3.41906 8.7 -22.69692 6.93599 9.40157
3 16 -22.69692 6.93599 9.40157 -17.25 3.41906 8.7 -17.46 3.66042 9.08
3 16 -23.382 8.58 13.5 -24.9453 8.58 10.3329 -23.15287 8.40126 13.36771
3 16 -16.6302 2.5 6.8886 -17.54 2.73371 5.28 -17.3862 2.5 4.6584
3 16 -16.6302 2.5 6.8886 -17.89 2.99942 5.47 -17.54 2.73371 5.28
4 16 -18.3 3.25795 5.45 -17.89 2.99942 5.47 -16.6302 2.5 6.8886 -22.69692 6.93599 9.40157
4 16 -18.72356 3.43535 5.01673 -18.3 3.25795 5.45 -22.69692 6.93599 9.40157 -23.70181 6.91717 6.35058
3 16 -24.9453 8.58 10.3329 -26.0793 8.58 6.9876 -25.84413 8.41552 6.92459
4 16 -19.28 3.63503 3.73 -18.72356 3.43535 5.01673 -23.70181 6.91717 6.35058 -24.15 6.97583 4.54
4 16 -19.57905 3.68147 2.57723 -19.28 3.63503 3.73 -24.15 6.97583 4.54 -24.44038 6.99406 3.21714
3 16 -26.15 8.32503 4.7 -26.7678 8.58 3.5235 -26.15955 8.16553 3.44343
4 16 -26.0793 8.58 6.9876 -26.7678 8.58 3.5235 -26.15 8.32503 4.7 -25.84413 8.41552 6.92459
4 16 -19.84 3.79645 1.2 -19.57905 3.68147 2.57723 -24.44038 6.99406 3.21714 -24.74 7.15252 2.23
4 16 -19.94 3.81058 0 -19.84 3.79645 1.2 -24.74 7.15252 2.23 -25.07 7.35631 1.8
4 16 -19.94 3.81058 0 -25.07 7.35631 1.8 -25.4 7.57123 1.62 -27 8.58 0
3 16 -25.81 7.85222 1.71 -27 8.58 0 -25.4 7.57123 1.62
3 16 -26.03 8.01776 2.09 -27 8.58 0 -25.81 7.85222 1.71
4 16 -26.7678 8.58 3.5235 -27 8.58 0 -26.03 8.01776 2.09 -26.15955 8.16553 3.44343
3 16 -19.88 3.85018 -1.8 -23.2965 6.2146 -3.06657 -19.68252 3.75198 -2.59085
4 16 -23.2965 6.2146 -3.06657 -19.88 3.85018 -1.8 -19.94 3.81058 0 -23.75 6.51355 -2.9
4 16 -23.75 6.51355 -2.9 -19.94 3.81058 0 -27 8.58 0 -26.7678 8.58 -3.5235
3 16 -23.75 6.51355 -2.9 -26.7678 8.58 -3.5235 -24.05055 6.72842 -3.16582
3 16 -18.2 3.04721 -4.71 -22.36406 5.98154 -5.99215 -17.87482 2.84175 -4.78932
3 16 -18.55 3.25983 -4.56 -22.36406 5.98154 -5.99215 -18.2 3.04721 -4.71
4 16 -22.36406 5.98154 -5.99215 -18.55 3.25983 -4.56 -19.24 3.61639 -3.79 -22.87 6.13377 -4.6
4 16 -22.87 6.13377 -4.6 -19.24 3.61639 -3.79 -19.68252 3.75198 -2.59085 -23.2965 6.2146 -3.06657
4 16 -24.22 7.03551 -4.64 -24.05055 6.72842 -3.16582 -26.7678 8.58 -3.5235 -26.0793 8.58 -6.9876
3 16 -24.22 7.03551 -4.64 -26.0793 8.58 -6.9876 -24.12251 7.21141 -6.4633
3 16 -17.61 2.63563 -4.56 -17.87482 2.84175 -4.78932 -17.3862 2.5 -4.6584
3 16 -17.51488 2.5 -4.01097 -17.61 2.63563 -4.56 -17.3862 2.5 -4.6584
4 16 -21.11704 5.78078 -8.74715 -16.6302 2.5 -6.8886 -17.3862 2.5 -4.6584 -17.87482 2.84175 -4.78932
3 16 -17.87482 2.84175 -4.78932 -22.36406 5.98154 -5.99215 -21.11704 5.78078 -8.74715
4 16 -23.71 7.35916 -8.36 -24.12251 7.21141 -6.4633 -26.0793 8.58 -6.9876 -24.9453 8.58 -10.3329
3 16 -23.71 7.35916 -8.36 -24.9453 8.58 -10.3329 -23.31158 7.38543 -9.65618
4 16 -21.11704 5.78078 -8.74715 -19.7112 5.71646 -11.3806 -17.25451 3.80002 -9.96219 -17.42 3.65112 -9.13
3 16 -17.3 3.45241 -8.71 -21.11704 5.78078 -8.74715 -17.42 3.65112 -9.13
4 16 -16.6302 2.5 -6.8886 -21.11704 5.78078 -8.74715 -17.3 3.45241 -8.71 -17 3.21935 -8.54
3 16 -16.6302 2.5 -6.8886 -17 3.21935 -8.54 -16.57 2.9673 -8.57
4 16 -16.57 2.9673 -8.57 -15.92561 2.76336 -9.19492 -15.588 2.5 -9 -16.6302 2.5 -6.8886
4 16 -22.47 7.42404 -11.49 -23.31158 7.38543 -9.65618 -24.9453 8.58 -10.3329 -23.382 8.58 -13.5
3 16 -22.47 7.42404 -11.49 -23.382 8.58 -13.5 -21.79513 7.3421 -12.58379
4 16 -19.7112 5.71646 -11.3806 -18.05468 5.713 -13.8539 -16.17256 4.11043 -12.4097 -17.25451 3.80002 -9.96219
4 16 -20.75 7.28196 -13.99 -21.79513 7.3421 -12.58379 -23.382 8.58 -13.5 -21.4218 8.58 -16.4376
3 16 -20.75 7.28196 -13.99 -21.4218 8.58 -16.4376 -19.68725 7.10308 -15.10662
3 16 -15.588 2.5 -9 -15.92561 2.76336 -9.19492 -14.2812 2.5 -10.9584
4 16 -19.68725 7.10308 -15.10662 -21.4218 8.58 -16.4376 -19.0917 8.58 -19.0917 -18.42 6.91546 -16.13
3 16 -18.42 6.91546 -16.13 -19.0917 8.58 -19.0917 -17.57 6.69294 -16.6
3 16 -17.57 6.69294 -16.6 -19.0917 8.58 -19.0917 -17.04 6.44117 -16.64
4 16 -17.04 6.44117 -16.64 -19.0917 8.58 -19.0917 -14.71 4.39377 -14.71 -16.8 6.21634 -16.41
3 16 -14.71 4.39377 -14.71 -16.87 6.05543 -15.97 -16.8 6.21634 -16.41
3 16 -14.71 4.39377 -14.71 -17.4 5.89183 -15 -16.87 6.05543 -15.97
4 16 -18.05468 5.713 -13.8539 -17.4 5.89183 -15 -14.71 4.39377 -14.71 -16.17256 4.11043 -12.4097
3 16 -19.0917 8.58 -19.0917 -16.4376 8.58 -21.4218 -16.52 8.30046 -20.8
4 16 -19.0917 8.58 -19.0917 -16.52 8.30046 -20.8 -16.37 8.02997 -20.4 -14.71 4.39377 -14.71
3 16 -14.71 4.39377 -14.71 -16.37 8.02997 -20.4 -16.04 7.84697 -20.33
4 16 -14.71 4.39377 -14.71 -16.04 7.84697 -20.33 -15.59619 7.64632 -20.32525 -12.74708 4.48481 -16.61224
3 16 -12.7278 2.5 -12.7278 -11.065 2.61829 -14.42012 -10.9584 2.5 -14.2812
3 16 -12.74708 4.48481 -16.61224 -15.59619 7.64632 -20.32525 -14.62 7.46238 -20.65
4 16 -12.74708 4.48481 -16.61224 -14.62 7.46238 -20.65 -13.6 7.44514 -21.3 -10.41428 4.41085 -18.03753
3 16 -10.41428 4.41085 -18.03753 -13.6 7.44514 -21.3 -12.59611 7.35875 -21.81647
4 16 -11.065 2.61829 -14.42012 -9.13345 2.68031 -15.81914 -9 2.5 -15.588 -10.9584 2.5 -14.2812
4 16 -9.01 4.36793 -18.66 -10.41428 4.41085 -18.03753 -12.59611 7.35875 -21.81647 -11.92 7.31613 -22.08
3 16 -9.01 4.36793 -18.66 -11.92 7.31613 -22.08 -10.85 7.34153 -22.65
4 16 -9.01 4.36793 -18.66 -10.85 7.34153 -22.65 -10.2 7.4078 -23.08 -7.83812 4.17613 -18.92249
3 16 -7.83812 4.17613 -18.92249 -10.2 7.4078 -23.08 -9.92 7.56672 -23.48
3 16 -7.83812 4.17613 -18.92249 -9.92 7.56672 -23.48 -9.91286 7.83852 -23.93124
3 16 -9.91286 7.83852 -23.93124 -10.45 8.24156 -24.33 -10.3329 8.58 -24.9453
3 16 -10.45 8.24156 -24.33 -11.23913 8.58 -24.49798 -10.3329 8.58 -24.9453
4 16 -9.13345 2.68031 -15.81914 -7.06273 2.80738 -17.05058 -6.8886 2.5 -16.6302 -9 2.5 -15.588
4 16 -6.9876 8.58 -26.0793 -6.8849 8.31192 -25.69601 -7.17 8.16486 -25.37 -10.3329 8.58 -24.9453
4 16 -7.83812 4.17613 -18.92249 -9.91286 7.83852 -23.93124 -7.33 7.85982 -24.84 -7.04 7.61085 -24.55
4 16 -7.33 7.85982 -24.84 -9.91286 7.83852 -23.93124 -10.3329 8.58 -24.9453 -7.17 8.16486 -25.37
4 16 -6.52 3.96498 -19.04 -7.83812 4.17613 -18.92249 -7.04 7.61085 -24.55 -6.56982 7.48945 -24.52005
3 16 -5.42 3.59125 -18.83 -6.52 3.96498 -19.04 -6.56982 7.48945 -24.52005
3 16 -4.97539 3.32745 -18.56927 -5.42 3.59125 -18.83 -6.56982 7.48945 -24.52005
4 16 -6.8886 2.5 -16.6302 -7.06273 2.80738 -17.05058 -5.84 2.81055 -17.47 -4.6584 2.5 -17.3862
3 16 -4.6584 2.5 -17.3862 -5.84 2.81055 -17.47 -5.1 2.84206 -17.77
3 16 -4.6584 2.5 -17.3862 -5.1 2.84206 -17.77 -4.87218 3.05803 -18.18406
3 16 -6.8849 8.31192 -25.69601 -6.9876 8.58 -26.0793 -6.205 8.58 -26.23484
4 16 -3.33 4.99665 -21.41 -4.97539 3.32745 -18.56927 -6.56982 7.48945 -24.52005 -5.33 7.4586 -24.72
4 16 -3.2 5.21855 -21.77 -3.33 4.99665 -21.41 -5.33 7.4586 -24.72 -3.31368 7.49382 -25.17379
3 16 -3.2 5.21855 -21.77 -3.31368 7.49382 -25.17379 -2.90425 5.37434 -22.06339
3 16 -4.6584 2.5 -17.3862 -4.87218 3.05803 -18.18406 -2.349 2.5 -17.8452
4 16 -2.349 2.5 -17.8452 -4.87218 3.05803 -18.18406 -4.97539 3.32745 -18.56927 -2.72988 4.47168 -20.7387
3 16 -4.97539 3.32745 -18.56927 -3.23 4.75768 -21.07 -2.72988 4.47168 -20.7387
3 16 -4.97539 3.32745 -18.56927 -3.33 4.99665 -21.41 -3.23 4.75768 -21.07
4 16 -2.90425 5.37434 -22.06339 -3.31368 7.49382 -25.17379 -2.2 7.52274 -25.29 -1.97 5.6885 -22.59
4 16 0 5.82373 -22.92 -1.97 5.6885 -22.59 -2.2 7.52274 -25.29 0 7.46533 -25.35
4 16 -2.349 2.5 -17.8452 -2.72988 4.47168 -20.7387 -1.38 4.2233 -20.46 0 2.5 -18
3 16 0 2.5 -18 -1.38 4.2233 -20.46 0 4.01324 -20.24
4 16 1.8 5.90387 -22.92 0 5.82373 -22.92 0 7.46533 -25.35 3.32933 7.57486 -25.29272
3 16 2.99782 5.85872 -22.77424 1.8 5.90387 -22.92 3.32933 7.57486 -25.29272
4 16 0 2.5 -18 0 4.01324 -20.24 2.62551 3.93142 -19.94586 2.349 2.5 -17.8452
4 16 2.99782 5.85872 -22.77424 3.32933 7.57486 -25.29272 4.37 7.69048 -25.26 4.72 5.71798 -22.22
4 16 4.72 5.71798 -22.22 4.37 7.69048 -25.26 6.76821 8.00731 -25.26048 5.81077 5.50808 -21.68711
4 16 2.349 2.5 -17.8452 2.62551 3.93142 -19.94586 4.5 2.97965 -18.14 4.48 2.69147 -17.71
3 16 4.6584 2.5 -17.3862 2.349 2.5 -17.8452 4.48 2.69147 -17.71
4 16 5.27096 4.099 -19.67242 4.97954 3.33828 -18.58476 4.68 3.23582 -18.49 2.62551 3.93142 -19.94586
3 16 4.5 2.97965 -18.14 2.62551 3.93142 -19.94586 4.68 3.23582 -18.49
4 16 10.3329 8.58 -24.9453 9.68471 7.4358 -23.38047 7.33 8.34069 -25.59 7.49866 8.58 -25.90606
4 16 5.81077 5.50808 -21.68711 6.76821 8.00731 -25.26048 7.08 8.13889 -25.36 6.47 5.3198 -21.17
4 16 9.68471 7.4358 -23.38047 6.47 5.3198 -21.17 7.08 8.13889 -25.36 7.33 8.34069 -25.59
4 16 6.21 3.65396 -18.66 4.97954 3.33828 -18.58476 5.27096 4.099 -19.67242 6.52 4.3625 -19.66
4 16 7.63851 3.82378 -18.44062 6.21 3.65396 -18.66 6.52 4.3625 -19.66 6.82 4.51106 -19.79
4 16 7.63851 3.82378 -18.44062 6.82 4.51106 -19.79 7.02 4.83023 -20.22 9.68471 7.4358 -23.38047
3 16 7.02 4.83023 -20.22 6.92 5.07779 -20.64 9.68471 7.4358 -23.38047
3 16 6.92 5.07779 -20.64 6.47 5.3198 -21.17 9.68471 7.4358 -23.38047
4 16 13.5 8.58 -23.382 13.25592 8.25023 -22.95926 11.22 8.01698 -23.58 10.3329 8.58 -24.9453
3 16 11.22 8.01698 -23.58 10.47 7.85902 -23.69 10.3329 8.58 -24.9453
3 16 9.95 7.63035 -23.57 10.3329 8.58 -24.9453 10.47 7.85902 -23.69
3 16 9.68471 7.4358 -23.38047 10.3329 8.58 -24.9453 9.95 7.63035 -23.57
3 16 7.63851 3.82378 -18.44062 9.68471 7.4358 -23.38047 9.73 7.18804 -22.95
3 16 7.63851 3.82378 -18.44062 9.73 7.18804 -22.95 9.91 6.98701 -22.53
4 16 7.63851 3.82378 -18.44062 9.91 6.98701 -22.53 10.65 6.85665 -21.95 8.7 3.95329 -18.13
4 16 8.7 3.95329 -18.13 10.65 6.85665 -21.95 12.10054 6.68918 -20.95814 10.01116 3.86619 -17.33933
3 16 16.4376 8.58 -21.4218 13.25592 8.25023 -22.95926 13.5 8.58 -23.382
4 16 10.01116 3.86619 -17.33933 12.10054 6.68918 -20.95814 14.70983 6.66277 -19.17013 11.99212 3.64707 -15.62837
3 16 13.49 3.2282 -13.49 12.84 3.51785 -14.63 15.255 4.91446 -15.255
4 16 15.255 4.91446 -15.255 12.84 3.51785 -14.63 11.99212 3.64707 -15.62837 14.70983 6.66277 -19.17013
3 16 15.255 4.91446 -15.255 14.70983 6.66277 -19.17013 17.215 6.78702 -17.215
4 16 14.2812 2.5 -10.9584 13.66417 2.5 -11.66122 13.75 2.70391 -12.02 16.30121 4.21998 -12.50842
4 16 16.30121 4.21998 -12.50842 13.75 2.70391 -12.02 13.73 3.04658 -12.81 15.59 4.3323 -13.57
4 16 15.59 4.3323 -13.57 13.73 3.04658 -12.81 13.49 3.2282 -13.49 15.19 4.54864 -14.51
3 16 13.49 3.2282 -13.49 15.13 4.69231 -14.9 15.19 4.54864 -14.51
3 16 13.49 3.2282 -13.49 15.255 4.91446 -15.255 15.13 4.69231 -14.9
3 16 15.255 4.91446 -15.255 17.215 6.78702 -17.215 15.65 5.19358 -15.43
3 16 16.14 5.38927 -15.31 15.65 5.19358 -15.43 17.215 6.78702 -17.215
3 16 17.08 5.70223 -14.94 16.14 5.38927 -15.31 17.215 6.78702 -17.215
4 16 18.28681 5.91065 -14.03203 17.08 5.70223 -14.94 17.215 6.78702 -17.215 19.53678 6.97496 -14.99117
4 16 19.33 6.10655 -12.99 18.28681 5.91065 -14.03203 19.53678 6.97496 -14.99117 21.46389 7.08371 -12.39255
3 16 20.24811 6.13529 -11.69059 19.33 6.10655 -12.99 21.46389 7.08371 -12.39255
4 16 15.588 2.5 -9 14.2812 2.5 -10.9584 16.30121 4.21998 -12.50842 17.77557 4.2065 -10.26303
4 16 20.83 6.14076 -10.53 20.24811 6.13529 -11.69059 21.46389 7.08371 -12.39255 22.53 7.21774 -10.68
4 16 21.39992 5.98762 -8.86433 20.83 6.14076 -10.53 22.53 7.21774 -10.68 23.21562 7.31526 -9.61643
3 16 24.45934 8.22466 -10.1316 24.13 8.4138 -11.43 24.9453 8.58 -10.3329
3 16 24.9453 8.58 -10.3329 24.13 8.4138 -11.43 23.382 8.58 -13.5
4 16 19.1527 4.34445 -7.93348 16.6302 2.5 -6.8886 15.588 2.5 -9 17.77557 4.2065 -10.26303
4 16 21.53 5.82013 -7.71 21.39992 5.98762 -8.86433 23.21562 7.31526 -9.61643 23.83 7.57086 -8.98
4 16 21.51 5.59431 -6.73 21.53 5.82013 -7.71 23.83 7.57086 -8.98 24.16 7.73897 -8.78
4 16 26.0793 8.58 -6.9876 21.51 5.59431 -6.73 24.16 7.73897 -8.78 24.45 7.92926 -8.8
3 16 26.0793 8.58 -6.9876 24.45 7.92926 -8.8 24.58 8.11042 -9.25
4 16 26.0793 8.58 -6.9876 24.58 8.11042 -9.25 24.45934 8.22466 -10.1316 24.9453 8.58 -10.3329
3 16 17.3862 2.5 -4.6584 20.96 5.06562 -5.92 26.0793 8.58 -6.9876
3 16 17.3862 2.5 -4.6584 20.57 4.82208 -5.95 20.96 5.06562 -5.92
3 16 17.3862 2.5 -4.6584 20.18 4.63288 -6.23 20.57 4.82208 -5.95
3 16 17.3862 2.5 -4.6584 19.7 4.47944 -6.94 20.18 4.63288 -6.23
4 16 19.1527 4.34445 -7.93348 19.7 4.47944 -6.94 17.3862 2.5 -4.6584 16.6302 2.5 -6.8886
3 16 20.96 5.06562 -5.92 21.33 5.34849 -6.13 26.0793 8.58 -6.9876
3 16 21.33 5.34849 -6.13 21.51 5.59431 -6.73 26.0793 8.58 -6.9876
4 16 26.0793 8.58 -6.9876 26.7678 8.58 -3.5235 26.05478 8.09414 -3.42964 25.64 7.89134 -3.98
3 16 25.64 7.89134 -3.98 25.36 7.73313 -4.19 26.0793 8.58 -6.9876
4 16 26.0793 8.58 -6.9876 25.36 7.73313 -4.19 25.02 7.50603 -4.18 17.3862 2.5 -4.6584
4 16 17.8452 2.5 -2.349 17.3862 2.5 -4.6584 24.81 7.34415 -4.01 24.54126 7.0628 -3.23042
3 16 24.81 7.34415 -4.01 17.3862 2.5 -4.6584 25.02 7.50603 -4.18
3 16 24.27 6.73573 0 21.43 4.81716 0 24.39 6.90985 -2.09
4 16 24.54126 7.0628 -3.23042 24.39 6.90985 -2.09 21.43 4.81716 0 17.8452 2.5 -2.349
3 16 21.43 4.81716 0 18 2.5 0 17.8452 2.5 -2.349
4 16 27 8.58 0 26.56 8.28276 0 26.46 8.29044 -1.69 26.7678 8.58 -3.5235
3 16 26.46 8.29044 -1.69 26.05478 8.09414 -3.42964 26.7678 8.58 -3.5235
4 16 26.7678 8.58 3.5235 27 8.58 0 30 12 0 29.742 12 3.915
4 16 26.0793 8.58 6.9876 26.7678 8.58 3.5235 29.742 12 3.915 28.977 12 7.764
4 16 24.9453 8.58 10.3329 26.0793 8.58 6.9876 28.977 12 7.764 27.717 12 11.481
4 16 23.382 8.58 13.5 24.9453 8.58 10.3329 27.717 12 11.481 25.98 12 15
4 16 21.4218 8.58 16.4376 23.382 8.58 13.5 25.98 12 15 23.802 12 18.264
4 16 19.0917 8.58 19.0917 21.4218 8.58 16.4376 23.802 12 18.264 21.213 12 21.213
4 16 16.4376 8.58 21.4218 19.0917 8.58 19.0917 21.213 12 21.213 18.264 12 23.802
4 16 15 12 25.98 13.5 8.58 23.382 16.4376 8.58 21.4218 18.264 12 23.802
4 16 11.481 12 27.717 10.3329 8.58 24.9453 13.5 8.58 23.382 15 12 25.98
4 16 7.764 12 28.977 6.9876 8.58 26.0793 10.3329 8.58 24.9453 11.481 12 27.717
4 16 3.915 12 29.742 3.5235 8.58 26.7678 6.9876 8.58 26.0793 7.764 12 28.977
4 16 0 12 30 0 8.58 27 3.5235 8.58 26.7678 3.915 12 29.742
4 16 -3.915 12 29.742 -3.5235 8.58 26.7678 0 8.58 27 0 12 30
4 16 -7.764 12 28.977 -6.9876 8.58 26.0793 -3.5235 8.58 26.7678 -3.915 12 29.742
4 16 -11.481 12 27.717 -10.3329 8.58 24.9453 -6.9876 8.58 26.0793 -7.764 12 28.977
4 16 -15 12 25.98 -13.5 8.58 23.382 -10.3329 8.58 24.9453 -11.481 12 27.717
4 16 -18.264 12 23.802 -16.4376 8.58 21.4218 -13.5 8.58 23.382 -15 12 25.98
4 16 -18.264 12 23.802 -21.213 12 21.213 -19.0917 8.58 19.0917 -16.4376 8.58 21.4218
4 16 -21.213 12 21.213 -23.802 12 18.264 -21.4218 8.58 16.4376 -19.0917 8.58 19.0917
4 16 -23.802 12 18.264 -25.98 12 15 -23.382 8.58 13.5 -21.4218 8.58 16.4376
4 16 -25.98 12 15 -27.717 12 11.481 -24.9453 8.58 10.3329 -23.382 8.58 13.5
4 16 -27.717 12 11.481 -28.977 12 7.764 -26.0793 8.58 6.9876 -24.9453 8.58 10.3329
4 16 -28.977 12 7.764 -29.742 12 3.915 -26.7678 8.58 3.5235 -26.0793 8.58 6.9876
4 16 -29.742 12 3.915 -30 12 0 -27 8.58 0 -26.7678 8.58 3.5235
4 16 -30 12 0 -29.742 12 -3.915 -26.7678 8.58 -3.5235 -27 8.58 0
4 16 -29.742 12 -3.915 -28.977 12 -7.764 -26.0793 8.58 -6.9876 -26.7678 8.58 -3.5235
4 16 -27.717 12 -11.481 -24.9453 8.58 -10.3329 -26.0793 8.58 -6.9876 -28.977 12 -7.764
4 16 -27.717 12 -11.481 -25.98 12 -15 -23.382 8.58 -13.5 -24.9453 8.58 -10.3329
4 16 -25.98 12 -15 -23.802 12 -18.264 -21.4218 8.58 -16.4376 -23.382 8.58 -13.5
4 16 -23.802 12 -18.264 -21.213 12 -21.213 -19.0917 8.58 -19.0917 -21.4218 8.58 -16.4376
4 16 -21.213 12 -21.213 -18.264 12 -23.802 -16.4376 8.58 -21.4218 -19.0917 8.58 -19.0917
4 16 -15 12 -25.98 -13.84 9.36387 -23.98 -14.57 9.32311 -23.45 -18.264 12 -23.802
3 16 -15.6 9.10198 -22.53 -18.264 12 -23.802 -14.57 9.32311 -23.45
3 16 -16.4376 8.58 -21.4218 -18.264 12 -23.802 -15.6 9.10198 -22.53
4 16 -11.481 12 -27.717 -10.3329 8.58 -24.9453 -11.23913 8.58 -24.49798 -12.64 9.16752 -24.38
4 16 -13.84 9.36387 -23.98 -15 12 -25.98 -11.481 12 -27.717 -12.64 9.16752 -24.38
4 16 -7.764 12 -28.977 -6.9876 8.58 -26.0793 -10.3329 8.58 -24.9453 -11.481 12 -27.717
4 16 -7.764 12 -28.977 -3.915 12 -29.742 -3.61859 9.41066 -27.49019 -6.205 8.58 -26.23484
3 16 -6.9876 8.58 -26.0793 -7.764 12 -28.977 -6.205 8.58 -26.23484
4 16 0 12 -30 0 9.8796 -28.14 -1.55 9.90485 -28.06 -3.915 12 -29.742
3 16 -3.61859 9.41066 -27.49019 -3.915 12 -29.742 -1.55 9.90485 -28.06
4 16 3.915 12 -29.742 3.65516 9.73012 -27.768 1.97 9.8908 -28.02 0 12 -30
3 16 1.97 9.8908 -28.02 0 9.8796 -28.14 0 12 -30
4 16 7.764 12 -28.977 7.0903 9.03239 -26.4626 5.38 9.57864 -27.29 3.915 12 -29.742
3 16 5.38 9.57864 -27.29 3.65516 9.73012 -27.768 3.915 12 -29.742
4 16 11.481 12 -27.717 10.3329 8.58 -24.9453 7.49866 8.58 -25.90606 7.37 8.89413 -26.24
4 16 7.764 12 -28.977 11.481 12 -27.717 7.37 8.89413 -26.24 7.0903 9.03239 -26.4626
4 16 10.3329 8.58 -24.9453 11.481 12 -27.717 15 12 -25.98 13.5 8.58 -23.382
4 16 15 12 -25.98 18.264 12 -23.802 16.4376 8.58 -21.4218 13.5 8.58 -23.382
4 16 19.0917 8.58 -19.0917 16.4376 8.58 -21.4218 18.264 12 -23.802 21.213 12 -21.213
4 16 21.213 12 -21.213 23.802 12 -18.264 21.55341 8.7691 -16.53859 19.0917 8.58 -19.0917
4 16 23.802 12 -18.264 25.98 12 -15 23.382 8.58 -13.5 21.55341 8.7691 -16.53859
4 16 24.9453 8.58 -10.3329 23.382 8.58 -13.5 25.98 12 -15 27.717 12 -11.481
4 16 26.0793 8.58 -6.9876 24.9453 8.58 -10.3329 27.717 12 -11.481 28.977 12 -7.764
4 16 26.0793 8.58 -6.9876 28.977 12 -7.764 29.742 12 -3.915 26.7678 8.58 -3.5235
4 16 27 8.58 0 26.7678 8.58 -3.5235 29.742 12 -3.915 30 12 0

0 BFC NOCLIP
4 226 6 .61 -10.392 5.72927 .55495 -9.9231 5.39 .57774 -10.34 5.20273 .61 -10.78554
4 226 6 .61 -10.392 7.3056 .61 -9.5208 6.79426 .52461 -8.85441 5.72927 .55495 -9.9231
4 226 7.3056 .61 -9.5208 8.4852 .61 -8.4852 7.9 .52586 -7.9 6.79426 .52461 -8.85441
4 226 8.4852 .61 -8.4852 9.5208 .61 -7.3056 8.93037 .53434 -6.85255 7.9 .52586 -7.9
4 226 9.5208 .61 -7.3056 10.392 .61 -6 9.85877 .5474 -5.69213 8.93037 .53434 -6.85255
4 226 10.392 .61 -6 11.0868 .61 -4.5924 10.63595 .56039 -4.40565 9.85877 .5474 -5.69213
4 226 11.0868 .61 -4.5924 11.44024 .61 -3.54974 11.21 .58845 -3.57 10.88 .56871 -3.94
3 226 10.88 .56871 -3.94 10.63595 .56039 -4.40565 11.0868 .61 -4.5924
4 226 13.79657 1.21362 1.81607 12.16121 .69401 1.6008 12.42 .76576 1.13 13.7 1.16875 1.12
4 226 13.42 1.07453 .83 13.7 1.16875 1.12 12.42 .76576 1.13 12.73 .85697 .82
3 226 13.42 1.07453 .83 12.73 .85697 .82 13.06 .95802 .68
4 226 17.8 2.46502 1.35 17.38546 2.35393 2.28848 16.61771 2.10999 2.18742 16.28 1.98892 1.48
4 226 17.8 2.46502 1.35 16.28 1.98892 1.48 15.85 1.82275 0 18 2.5 0
4 226 13.79562 1.32904 3.69635 11.5908 .61 3.1056 11.94 .6587 2.14 13.79657 1.21362 1.81607
3 226 11.94 .6587 2.14 12.16121 .69401 1.6008 13.79657 1.21362 1.81607
3 226 16.99 2.23957 2.42 16.61771 2.10999 2.18742 17.38546 2.35393 2.28848
4 226 13.79562 1.32904 3.69635 13.40687 1.40102 5.55342 11.0868 .61 4.5924 11.5908 .61 3.1056
4 226 13.40687 1.40102 5.55342 12.71072 1.45341 7.33875 10.392 .61 6 11.0868 .61 4.5924
4 212 15.7 2.39477 8.02 16.06 2.49388 8 15.588 2.5 9 15.23 2.30365 8.32
3 212 15.588 2.5 9 14.92795 2.25991 8.61891 15.23 2.30365 8.32
4 226 12.71072 1.45341 7.33875 11.76782 1.50212 9.02981 9.5208 .61 7.3056 10.392 .61 6
4 212 14.11 2.23456 9.7 14.92795 2.25991 8.61891 15.588 2.5 9 14.2812 2.5 10.9584
3 212 14.2812 2.5 10.9584 13.5851 2.22363 10.42426 14.11 2.23456 9.7
4 226 11.76782 1.50212 9.02981 10.48 1.49865 10.48 8.65 .68342 8.65 9.5208 .61 7.3056
4 212 13.5851 2.22363 10.42426 14.2812 2.5 10.9584 12.7278 2.5 12.7278 12.175 2.25374 12.175
4 226 10.48 1.49865 10.48 9.01049 1.49213 11.74264 7.65164 .78904 9.97176 8.65 .68342 8.65
4 212 11.53 2.27242 12.82 12.175 2.25374 12.175 12.7278 2.5 12.7278 11.09 2.37056 13.62
3 212 10.9584 2.5 14.2812 11.09 2.37056 13.62 12.7278 2.5 12.7278
4 226 8.21 1.46934 12.19 7.19684 1.36401 12.46492 6.45689 .89784 11.18334 7.04 .84946 10.61
4 226 9.01049 1.49213 11.74264 8.21 1.46934 12.19 7.04 .84946 10.61 7.65164 .78904 9.97176
4 226 6.74 1.27614 12.38 6.39 1.18194 12.22 6.3 1.08445 11.92 7.19684 1.36401 12.46492
4 226 7.19684 1.36401 12.46492 6.3 1.08445 11.92 6.29 .97265 11.53 6.45689 .89784 11.18334
4 226 .8 2.25201 17.16 0 2.28895 17.33 0 1.5991 15.14 .68 1.66677 15.31
4 226 .8 2.25201 17.16 .68 1.66677 15.31 1.35 1.73737 15.49 1.36 2.15653 16.82
4 226 1.67 2.04012 16.43 1.36 2.15653 16.82 1.35 1.73737 15.49 1.71 1.86455 15.87
4 226 0 2.28895 17.33 -2.30367 2.39058 17.50083 -1.93818 1.50835 14.72419 0 1.5991 15.14
4 226 -2.30367 2.39058 17.50083 -4.61245 2.44407 17.2147 -3.83438 1.49704 14.31079 -1.93818 1.50835 14.72419
4 226 -4.61245 2.44407 17.2147 -6.8886 2.5 16.6302 -5.75596 1.56772 13.89582 -3.83438 1.49704 14.31079
4 226 -6.8886 2.5 16.6302 -8.88676 2.42866 15.39187 -7.65625 1.65344 13.26062 -5.75596 1.56772 13.89582
4 226 -10.53231 2.27953 13.7259 -9.65931 1.82784 12.5882 -8.5 1.72759 12.98 -9.93 2.39827 14.58
4 226 -8.88676 2.42866 15.39187 -9.93 2.39827 14.58 -8.5 1.72759 12.98 -7.65625 1.65344 13.26062
4 226 -10.53231 2.27953 13.7259 -10.63 2.18936 13.26 -10.57 2.0369 12.67 -10.22 1.92843 12.52
3 226 -10.53231 2.27953 13.7259 -10.22 1.92843 12.52 -9.65931 1.82784 12.5882
4 226 -13.26 1.42883 6.05 -13.70536 1.50279 5.67707 -12.43897 1.07102 5.1525 -12.36 1.11818 5.65
4 226 -13.26 1.42883 6.05 -12.36 1.11818 5.65 -12.48 1.19127 5.93 -12.77 1.2999 6.12
4 226 -12.43897 1.07102 5.1525 -13.70536 1.50279 5.67707 -14.36 1.61772 4.88 -12.7976 1.00356 3.42895
3 226 -14.36 1.61772 4.88 -14.78497 1.65169 3.96144 -12.7976 1.00356 3.42895
4 226 -12.7976 1.00356 3.42895 -14.78497 1.65169 3.96144 -15.367 1.7126 2.02279 -12.93698 .9405 1.70292
4 15 -17.24 2.37914 3.43 -17.3862 2.5 4.6584 -17.8452 2.5 2.349 -17.17723 2.28776 2.26107
4 226 -12.97 .91555 0 -12.93698 .9405 1.70292 -15.367 1.7126 2.02279 -15.56 1.7314 0
4 15 -17.8452 2.5 2.349 -18 2.5 0 -17.2 2.248 0 -17.17723 2.28776 2.26107
4 226 -12.97 .91555 0 -15.56 1.7314 0 -15.50514 1.75649 -2.04097 -12.79937 .89677 -1.68481
4 15 -17.8452 2.5 -2.349 -17.31872 2.33272 -2.2797 -17.23 2.27779 -.98 -18 2.5 0
3 15 -17.2 2.248 0 -18 2.5 0 -17.23 2.27779 -.98
4 226 -12.79937 .89677 -1.68481 -15.50514 1.75649 -2.04097 -15.01457 1.72656 -4.02295 -12.48654 .90212 -3.3456
3 15 -17.31872 2.33272 -2.2797 -17.8452 2.5 -2.349 -17.51488 2.5 -4.01097
4 226 -12.48654 .90212 -3.3456 -15.01457 1.72656 -4.02295 -14.21491 1.67652 -5.88814 -11.98269 .91545 -4.9635
4 226 -11.98269 .91545 -4.9635 -14.21491 1.67652 -5.88814 -13.00616 1.56088 -7.50933 -11.22401 .91264 -6.48038
4 226 -11.22401 .91264 -6.48038 -13.00616 1.56088 -7.50933 -11.45343 1.3773 -8.78856 -10.35203 .94002 -7.94342
4 226 -10.35203 .94002 -7.94342 -11.45343 1.3773 -8.78856 -10.93 1.28467 -8.94 -10.27 1.00315 -8.34
3 226 -10.27 1.00315 -8.34 -10.93 1.28467 -8.94 -10.43 1.13066 -8.77
4 226 -7.01 1.09628 -11.57 -7.32 1.20837 -11.79 -7.41 1.32392 -12.17 -6.63613 1.01076 -11.49378
3 226 -6.63613 1.01076 -11.49378 -7.41 1.32392 -12.17 -7.32143 1.4425 -12.68072
4 226 -6.63613 1.01076 -11.49378 -7.32143 1.4425 -12.68072 -6.69 1.5777 -13.47 -5.79 .91977 -11.59
4 226 -4.87961 .8464 -11.78016 -5.79 .91977 -11.59 -6.69 1.5777 -13.47 -5.84 1.62311 -14.05
4 226 -4.87961 .8464 -11.78016 -5.84 1.62311 -14.05 -3.98661 1.68233 -14.87895 -3.2519 .78807 -12.13681
4 226 -1.62083 .74234 -12.31331 -3.2519 .78807 -12.13681 -3.98661 1.68233 -14.87895 -1.98976 1.63287 -15.11608
4 226 -1.62083 .74234 -12.31331 -1.98976 1.63287 -15.11608 -1.01 1.60432 -15.09 0 1.5361 -14.94
3 226 -1.62083 .74234 -12.31331 0 1.5361 -14.94 0 .7171 -12.34
4 226 0 .7171 -12.34 0 1.5361 -14.94 1.11 1.40479 -14.45 1.60244 .69796 -12.17363
3 226 1.60244 .69796 -12.17363 1.11 1.40479 -14.45 1.83841 1.26753 -13.96626
4 226 1.60244 .69796 -12.17363 1.83841 1.26753 -13.96626 2.23 1.14417 -13.49 2.11 .72807 -12.17
4 226 2.4 .81094 -12.38 2.11 .72807 -12.17 2.23 1.14417 -13.49 2.49 .962 -12.85
4 15 5.43 2.38202 -16.73 4.6584 2.5 -17.3862 6.8886 2.5 -16.6302 6.60231 2.26435 -15.93904
4 226 6 .61 -10.392 5.20273 .61 -10.78554 5.16 .71852 -11.19 5.33 .84984 -11.57
4 226 6 .61 -10.392 5.33 .84984 -11.57 5.78 .95518 -11.72 6.74774 1.08107 -11.68708
4 15 8.5023 2.18645 -14.72599 6.60231 2.26435 -15.93904 6.8886 2.5 -16.6302 9 2.5 -15.588
4 226 6 .61 -10.392 6.74774 1.08107 -11.68708 8.41625 1.18466 -10.96822 7.3056 .61 -9.5208
4 15 8.5023 2.18645 -14.72599 9 2.5 -15.588 10.9584 2.5 -14.2812 9.66 2.17766 -13.92
3 15 10.31 2.16026 -13.42 9.66 2.17766 -13.92 10.9584 2.5 -14.2812
4 226 7.3056 .61 -9.5208 8.41625 1.18466 -10.96822 9.835 1.21131 -9.835 8.4852 .61 -8.4852
4 15 12.035 2.19137 -12.035 10.31 2.16026 -13.42 10.9584 2.5 -14.2812 12.7278 2.5 -12.7278
4 226 8.4852 .61 -8.4852 9.835 1.21131 -9.835 11.01901 1.20483 -8.45522 9.5208 .61 -7.3056
4 15 12.73 2.24065 -11.48 12.035 2.19137 -12.035 12.7278 2.5 -12.7278 13.25 2.35151 -11.42
3 15 13.25 2.35151 -11.42 12.7278 2.5 -12.7278 13.66417 2.5 -11.66122
4 226 9.5208 .61 -7.3056 11.01901 1.20483 -8.45522 11.79007 1.11854 -6.8072 10.392 .61 -6
4 226 10.392 .61 -6 11.79007 1.11854 -6.8072 11.96 1.04128 -5.91 11.0868 .61 -4.5924
3 226 11.0868 .61 -4.5924 11.96 1.04128 -5.91 12.02891 .93121 -4.98264
4 226 15.4 2.21903 -7.37 16.13657 2.3317 -6.68413 14.03299 1.61449 -5.81278 13.73 1.6499 -6.68
4 226 15.4 2.21903 -7.37 13.73 1.6499 -6.68 13.52 1.70223 -7.48 14.47 2.02564 -7.87
4 226 14.04 1.91789 -7.97 14.47 2.02564 -7.87 13.52 1.70223 -7.48 13.65039 1.79521 -7.88129
4 226 11.0868 .61 -4.5924 12.02891 .93121 -4.98264 11.98 .83626 -4.19 11.83 .7529 -3.81
3 226 11.44024 .61 -3.54974 11.0868 .61 -4.5924 11.83 .7529 -3.81
4 226 16.79 2.44759 -5.9 17.3862 2.5 -4.6584 14.74332 1.6381 -3.95028 14.03299 1.61449 -5.81278
3 226 14.03299 1.61449 -5.81278 16.13657 2.3317 -6.68413 16.79 2.44759 -5.9
4 226 17.3862 2.5 -4.6584 17.8452 2.5 -2.349 15.35381 1.7084 -2.02105 14.74332 1.6381 -3.95028
4 226 17.8452 2.5 -2.349 18 2.5 0 15.85 1.82275 0 15.35381 1.7084 -2.02105
4 226 26.49 8.30759 1.62 26.11764 8.13697 3.43792 23.95561 6.66373 3.15333 24.27 6.73573 0
3 226 26.49 8.30759 1.62 24.27 6.73573 0 26.56 8.28276 0
4 212 22.36 5.50241 1.28 22.50495 5.67523 2.96237 19.96293 3.94305 2.62776 20.21 4.05308 1.35
4 212 22.36 5.50241 1.28 20.21 4.05308 1.35 20.55 4.24849 .58 22.08 5.28209 .58
4 212 22.08 5.28209 .58 20.55 4.24849 .58 20.96 4.50588 .14 21.78 5.06072 .16
3 212 21.78 5.06072 .16 20.96 4.50588 .14 21.43 4.81716 0
4 226 25.66 8.07092 5.24 25.04022 7.85326 6.70919 23.7473 6.94898 6.36277 23.95561 6.66373 3.15333
3 226 25.66 8.07092 5.24 23.95561 6.66373 3.15333 26.11764 8.13697 3.43792
4 212 22.5 5.85244 4.33 22.32674 5.95544 5.98215 19.77255 4.16903 5.29779 19.96293 3.94305 2.62776
3 212 22.5 5.85244 4.33 19.96293 3.94305 2.62776 22.50495 5.67523 2.96237
4 226 23.7473 6.94898 6.36277 25.04022 7.85326 6.70919 24.64 7.7055 7.21 23.74 7.07628 6.97
4 226 23.94 7.26972 7.27 23.74 7.07628 6.97 24.64 7.7055 7.21 24.19 7.4561 7.39
4 212 21.22154 5.85718 8.79043 19.49887 4.59757 8.07687 19.68 4.35359 6.42 21.93 6.01357 7.42
4 212 22.32674 5.95544 5.98215 21.93 6.01357 7.42 19.68 4.35359 6.42 19.77255 4.16903 5.29779
4 212 16.36 2.91173 8.81 16.2802 3.03998 9.39965 15.588 2.5 9 16.295 2.71794 8.295
3 212 15.588 2.5 9 16.06 2.49388 8 16.295 2.71794 8.295
4 212 19.49887 4.59757 8.07687 21.22154 5.85718 8.79043 20.81 5.72409 9.18 20.21 5.38981 9.28
4 212 19.49887 4.59757 8.07687 20.21 5.38981 9.28 19.78 5.0958 9.17 19.53 4.82717 8.78
4 212 16.1 3.32567 10.43 15.51274 3.54862 11.9034 14.2812 2.5 10.9584 15.588 2.5 9
3 212 16.1 3.32567 10.43 15.588 2.5 9 16.2802 3.03998 9.39965
4 15 20.56 6.46477 12.1 20.94546 6.67929 12.09322 21.07 6.91355 12.53 19.95 6.30163 12.58
4 15 19.95 6.30163 12.58 21.07 6.91355 12.53 20.81 7.22932 13.76 18.47738 6.07292 14.17826
3 15 20.1259 7.47658 15.44322 18.47738 6.07292 14.17826 20.81 7.22932 13.76
4 212 14.8 3.60881 12.85 13.81 3.53392 13.81 12.7278 2.5 12.7278 15.51274 3.54862 11.9034
3 212 12.7278 2.5 12.7278 14.2812 2.5 10.9584 15.51274 3.54862 11.9034
4 15 18.47738 6.07292 14.17826 20.1259 7.47658 15.44322 19.21 7.70594 17 16.465 6.07048 16.465
3 15 18.295 7.81884 18.295 16.465 6.07048 16.465 19.21 7.70594 17
4 212 10.9584 2.5 14.2812 12.7278 2.5 12.7278 13.81 3.53392 13.81 12.78 3.41474 14.48
4 212 10.9584 2.5 14.2812 12.78 3.41474 14.48 11.85 3.13673 14.75 11.3296 2.91191 14.76496
4 15 16.465 6.07048 16.465 18.295 7.81884 18.295 15.91571 8.00088 20.74166 14.36649 6.28179 18.72269
4 212 10.67597 4.76442 18.49078 9.86973 3.67511 17.09438 10.43 3.8888 17.1 10.85 4.48024 17.87
3 212 10.85 4.48024 17.87 10.43 3.8888 17.1 10.75 4.19488 17.43
3 212 11.3296 2.91191 14.76496 11.05 2.7421 14.65 10.9584 2.5 14.2812
4 15 11.93613 6.46703 20.67337 14.36649 6.28179 18.72269 15.91571 8.00088 20.74166 13.16182 8.12308 22.79627
4 212 9.81 5.09939 19.47 8.51461 5.3703 20.55566 7.44598 3.48391 17.97581 8.83 3.51873 17.35
4 212 10.67597 4.76442 18.49078 9.81 5.09939 19.47 8.83 3.51873 17.35 9.86973 3.67511 17.09438
4 15 11.93613 6.46703 20.67337 13.16182 8.12308 22.79627 10.02917 8.04385 24.21206 9.41389 6.95774 22.72667
4 212 7.48 5.48162 21.08 5.74754 5.34303 21.45112 5.1 3.6307 19 8.51461 5.3703 20.55566
4 212 8.51461 5.3703 20.55566 5.1 3.6307 19 6.65 3.50594 18.28 7.44598 3.48391 17.97581
4 15 8.65 7.22343 23.4 9.41389 6.95774 22.72667 10.02917 8.04385 24.21206 8.87 7.96371 24.48
4 15 8.65 7.22343 23.4 8.87 7.96371 24.48 8.3 7.827 24.46 8.13 7.41817 23.88
3 15 8.3 7.827 24.46 8.07 7.62313 24.22 8.13 7.41817 23.88
4 212 3.4 4.72035 20.98 3.08 4.3793 20.53 3.18 4.14016 20.15 3.48 3.89422 19.72
4 212 4.06 5.05316 21.35 3.4 4.72035 20.98 3.48 3.89422 19.72 4.11 3.74495 19.37
4 212 5.74754 5.34303 21.45112 4.06 5.05316 21.35 4.11 3.74495 19.37 5.1 3.6307 19
4 15 1.64 7.81532 25.76 0 8.01929 26.17 0 6.65467 24.15 1.69 6.76368 24.2
4 15 2.78 7.50803 25.23 1.64 7.81532 25.76 1.69 6.76368 24.2 2.76 6.7843 24.16
4 15 2.78 7.50803 25.23 2.76 6.7843 24.16 3.03 6.82334 24.2 3.12 7.28672 24.88
3 15 3.12 7.28672 24.88 3.03 6.82334 24.2 3.20369 6.92443 24.3382
4 15 -1.49 8.15993 26.28 -3.45413 8.22088 26.24077 -3.14151 6.60257 23.86585 -1.26 6.67698 24.1
4 15 0 8.01929 26.17 -1.49 8.15993 26.28 -1.26 6.67698 24.1 0 6.65467 24.15
4 15 -2.84871 5.08685 21.64149 -2.49823 3.27253 18.97892 -1.3 3.49014 19.38 -1.35 4.95157 21.54
4 15 -.35 4.63007 21.13 -1.35 4.95157 21.54 -1.3 3.49014 19.38 -.23 3.84784 19.98
4 15 -.35 4.63007 21.13 -.23 3.84784 19.98 0 4.0808 20.34 0 4.33751 20.72
4 15 -4.97 8.28762 26.04 -6.87673 8.2906 25.66552 -6.21755 6.56991 23.2053 -3.14151 6.60257 23.86585
3 15 -3.45413 8.22088 26.24077 -4.97 8.28762 26.04 -3.14151 6.60257 23.86585
4 15 -5.65707 5.10687 21.11346 -4.98088 3.34178 18.58976 -3.57 3.25533 18.74 -4.09 5.19656 21.56
4 15 -2.84871 5.08685 21.64149 -4.09 5.19656 21.56 -3.57 3.25533 18.74 -2.49823 3.27253 18.97892
4 15 -8.43 8.27842 25.12 -10.06625 8.10929 24.30155 -9.22257 6.62001 22.26479 -6.21755 6.56991 23.2053
3 15 -6.87673 8.2906 25.66552 -8.43 8.27842 25.12 -6.21755 6.56991 23.2053
4 15 -7.45 4.75699 19.96 -7.59 4.46042 19.45 -7.48 4.14157 18.99 -7.18 3.89684 18.71
4 15 -7.45 4.75699 19.96 -7.18 3.89684 18.71 -6.18 3.56408 18.53 -6.69 5.0278 20.64
4 15 -5.65707 5.10687 21.11346 -6.69 5.0278 20.64 -6.18 3.56408 18.53 -4.98088 3.34178 18.58976
4 15 -11.6 7.96694 23.31 -12.83615 7.68307 22.23222 -12.21715 6.84672 21.1601 -10.57 6.70519 21.74
4 15 -10.06625 8.10929 24.30155 -11.6 7.96694 23.31 -10.57 6.70519 21.74 -9.22257 6.62001 22.26479
4 15 -12.21715 6.84672 21.1601 -12.83615 7.68307 22.23222 -13.1 7.56698 21.85 -12.64 6.9774 21.11
4 15 -12.64 6.9774 21.11 -13.1 7.56698 21.85 -13.25 7.36993 21.4 -13.15 7.18594 21.14
4 212 -11.25 4.29829 17.28 -11.41 4.56678 17.65 -11.93 4.80722 17.73 -12.66 4.9858 17.56
4 212 -11.33 4.00737 16.71 -11.25 4.29829 17.28 -12.66 4.9858 17.56 -13.29123 5.08862 17.32139
3 212 -13.29123 5.08862 17.32139 -12.14768 3.81968 15.83109 -11.33 4.00737 16.71
4 212 -12.14768 3.81968 15.83109 -13.29123 5.08862 17.32139 -14.58 5.25145 16.51 -15.455 5.10554 15.455
3 212 -12.14768 3.81968 15.83109 -15.455 5.10554 15.455 -13.58 3.31418 13.58
4 226 -20.16 8.10886 16.82 -21.05225 8.26534 16.15403 -19.74184 7.14956 15.14851 -19.14 7.32195 16.22
4 226 -20.16 8.10886 16.82 -19.14 7.32195 16.22 -19.06 7.57157 16.87 -19.55 7.90572 17.06
3 226 -19.21 7.74168 17.08 -19.55 7.90572 17.06 -19.06 7.57157 16.87
4 212 -13.58 3.31418 13.58 -15.455 5.10554 15.455 -16.38 4.98433 14.13 -16.86282 4.69817 12.93936
4 212 -14.32 3.15022 12.37 -13.58 3.31418 13.58 -16.86282 4.69817 12.93936 -15.6779 3.68925 12.03013
3 212 -14.32 3.15022 12.37 -15.02919 3.13689 11.53235 -14.83024 2.96749 11.37969
3 212 -14.32 3.15022 12.37 -15.6779 3.68925 12.03013 -15.02919 3.13689 11.53235
4 226 -22.01 8.37855 15.02 -23.15287 8.40126 13.36771 -21.31706 6.96917 12.30777 -20.54 7.11861 13.87
4 226 -22.01 8.37855 15.02 -20.54 7.11861 13.87 -19.74184 7.14956 15.14851 -21.05225 8.26534 16.15403
3 212 -16.86282 4.69817 12.93936 -17.25 4.35655 11.45 -15.6779 3.68925 12.03013
3 212 -15.6779 3.68925 12.03013 -17.25 4.35655 11.45 -15.02919 3.13689 11.53235
4 212 -14.83024 2.96749 11.37969 -15.02919 3.13689 11.53235 -17.25 4.35655 11.45 -17.51013 3.99943 10.10977
4 212 -15.43 2.8657 10.21 -14.83024 2.96749 11.37969 -17.51013 3.99943 10.10977 -16.10623 2.90426 9.29921
4 226 -21.31706 6.96917 12.30777 -23.15287 8.40126 13.36771 -24.9453 8.58 10.3329 -22.69692 6.93599 9.40157
4 212 -16.73 3.11837 8.75 -16.10623 2.90426 9.29921 -17.51013 3.99943 10.10977 -17.46 3.66042 9.08
4 212 -17.46 3.66042 9.08 -17.25 3.41906 8.7 -17 3.24632 8.63 -16.73 3.11837 8.75
4 226 -24.9453 8.58 10.3329 -25.84413 8.41552 6.92459 -23.70181 6.91717 6.35058 -22.69692 6.93599 9.40157
4 15 -17.3862 2.5 4.6584 -17.54 2.73371 5.28 -17.89 2.99942 5.47 -18.3 3.25795 5.45
3 15 -18.3 3.25795 5.45 -18.72356 3.43535 5.01673 -17.3862 2.5 4.6584
4 226 -23.70181 6.91717 6.35058 -25.84413 8.41552 6.92459 -26.15 8.32503 4.7 -24.15 6.97583 4.54
4 226 -24.15 6.97583 4.54 -26.15 8.32503 4.7 -26.15955 8.16553 3.44343 -24.44038 6.99406 3.21714
4 15 -17.3862 2.5 4.6584 -18.72356 3.43535 5.01673 -19.28 3.63503 3.73 -17.8452 2.5 2.349
3 15 -19.28 3.63503 3.73 -19.57905 3.68147 2.57723 -17.8452 2.5 2.349
4 226 -24.74 7.15252 2.23 -24.44038 6.99406 3.21714 -26.15955 8.16553 3.44343 -26.03 8.01776 2.09
4 226 -24.74 7.15252 2.23 -26.03 8.01776 2.09 -25.81 7.85222 1.71 -25.4 7.57123 1.62
3 226 -24.74 7.15252 2.23 -25.4 7.57123 1.62 -25.07 7.35631 1.8
4 15 -17.8452 2.5 2.349 -19.57905 3.68147 2.57723 -19.84 3.79645 1.2 -19.94 3.81058 0
3 15 -17.8452 2.5 2.349 -19.94 3.81058 0 -18 2.5 0
4 15 -18 2.5 0 -19.94 3.81058 0 -19.88 3.85018 -1.8 -19.68252 3.75198 -2.59085
3 15 -18 2.5 0 -19.68252 3.75198 -2.59085 -17.8452 2.5 -2.349
3 212 -23.75 6.51355 -2.9 -24.05055 6.72842 -3.16582 -23.2965 6.2146 -3.06657
4 15 -17.8452 2.5 -2.349 -19.68252 3.75198 -2.59085 -19.24 3.61639 -3.79 -18.55 3.25983 -4.56
4 15 -17.8452 2.5 -2.349 -18.55 3.25983 -4.56 -18.2 3.04721 -4.71 -17.87482 2.84175 -4.78932
4 15 -17.8452 2.5 -2.349 -17.87482 2.84175 -4.78932 -17.61 2.63563 -4.56 -17.51488 2.5 -4.01097
4 212 -23.2965 6.2146 -3.06657 -24.05055 6.72842 -3.16582 -24.22 7.03551 -4.64 -22.87 6.13377 -4.6
4 212 -22.87 6.13377 -4.6 -24.22 7.03551 -4.64 -24.12251 7.21141 -6.4633 -22.36406 5.98154 -5.99215
4 212 -22.36406 5.98154 -5.99215 -24.12251 7.21141 -6.4633 -23.71 7.35916 -8.36 -21.11704 5.78078 -8.74715
3 212 -23.71 7.35916 -8.36 -23.31158 7.38543 -9.65618 -21.11704 5.78078 -8.74715
4 212 -21.11704 5.78078 -8.74715 -23.31158 7.38543 -9.65618 -22.47 7.42404 -11.49 -19.7112 5.71646 -11.3806
3 212 -19.7112 5.71646 -11.3806 -22.47 7.42404 -11.49 -21.79513 7.3421 -12.58379
4 226 -17.25451 3.80002 -9.96219 -15.92561 2.76336 -9.19492 -16.57 2.9673 -8.57 -17.42 3.65112 -9.13
4 226 -17.3 3.45241 -8.71 -17.42 3.65112 -9.13 -16.57 2.9673 -8.57 -17 3.21935 -8.54
4 212 -19.7112 5.71646 -11.3806 -21.79513 7.3421 -12.58379 -20.75 7.28196 -13.99 -18.05468 5.713 -13.8539
3 212 -18.05468 5.713 -13.8539 -20.75 7.28196 -13.99 -19.68725 7.10308 -15.10662
4 226 -15.92561 2.76336 -9.19492 -17.25451 3.80002 -9.96219 -16.17256 4.11043 -12.4097 -14.2812 2.5 -10.9584
4 212 -17.4 5.89183 -15 -18.05468 5.713 -13.8539 -19.68725 7.10308 -15.10662 -18.42 6.91546 -16.13
4 212 -17.4 5.89183 -15 -18.42 6.91546 -16.13 -17.57 6.69294 -16.6 -16.87 6.05543 -15.97
4 212 -16.8 6.21634 -16.41 -16.87 6.05543 -15.97 -17.57 6.69294 -16.6 -17.04 6.44117 -16.64
4 226 -12.7278 2.5 -12.7278 -14.2812 2.5 -10.9584 -16.17256 4.11043 -12.4097 -14.71 4.39377 -14.71
4 226 -12.7278 2.5 -12.7278 -14.71 4.39377 -14.71 -12.74708 4.48481 -16.61224 -12.03013 3.68925 -15.6779
3 226 -12.7278 2.5 -12.7278 -11.36684 2.95323 -14.81349 -11.065 2.61829 -14.42012
3 226 -12.7278 2.5 -12.7278 -12.03013 3.68925 -15.6779 -11.36684 2.95323 -14.81349
4 226 -16.52 8.30046 -20.8 -16.4376 8.58 -21.4218 -15.59619 7.64632 -20.32525 -16.04 7.84697 -20.33
3 226 -16.04 7.84697 -20.33 -16.37 8.02997 -20.4 -16.52 8.30046 -20.8
4 226 -9.13345 2.68031 -15.81914 -12.03013 3.68925 -15.6779 -12.74708 4.48481 -16.61224 -10.41428 4.41085 -18.03753
3 226 -11.36684 2.95323 -14.81349 -12.03013 3.68925 -15.6779 -9.13345 2.68031 -15.81914
3 226 -11.065 2.61829 -14.42012 -11.36684 2.95323 -14.81349 -9.13345 2.68031 -15.81914
4 226 -14.62 7.46238 -20.65 -15.59619 7.64632 -20.32525 -16.4376 8.58 -21.4218 -13.5 8.58 -23.382
3 226 -14.62 7.46238 -20.65 -13.5 8.58 -23.382 -13.6 7.44514 -21.3
3 226 -13.6 7.44514 -21.3 -13.5 8.58 -23.382 -12.59611 7.35875 -21.81647
4 226 -9.13345 2.68031 -15.81914 -10.41428 4.41085 -18.03753 -9.01 4.36793 -18.66 -7.06273 2.80738 -17.05058
3 226 -7.06273 2.80738 -17.05058 -9.01 4.36793 -18.66 -7.83812 4.17613 -18.92249
4 226 -13.5 8.58 -23.382 -11.23913 8.58 -24.49798 -10.45 8.24156 -24.33 -9.91286 7.83852 -23.93124
4 226 -13.5 8.58 -23.382 -9.91286 7.83852 -23.93124 -9.92 7.56672 -23.48 -10.2 7.4078 -23.08
4 226 -13.5 8.58 -23.382 -10.2 7.4078 -23.08 -10.85 7.34153 -22.65 -11.92 7.31613 -22.08
3 226 -12.59611 7.35875 -21.81647 -13.5 8.58 -23.382 -11.92 7.31613 -22.08
4 226 -7.06273 2.80738 -17.05058 -7.83812 4.17613 -18.92249 -6.52 3.96498 -19.04 -5.84 2.81055 -17.47
4 226 -5.84 2.81055 -17.47 -6.52 3.96498 -19.04 -5.42 3.59125 -18.83 -4.97539 3.32745 -18.56927
4 226 -5.84 2.81055 -17.47 -4.97539 3.32745 -18.56927 -4.87218 3.05803 -18.18406 -5.1 2.84206 -17.77
4 15 -7.33 7.85982 -24.84 -7.17 8.16486 -25.37 -6.8849 8.31192 -25.69601 -6.56982 7.48945 -24.52005
3 15 -6.56982 7.48945 -24.52005 -7.04 7.61085 -24.55 -7.33 7.85982 -24.84
4 212 -2.72988 4.47168 -20.7387 -3.23 4.75768 -21.07 -3.33 4.99665 -21.41 -3.2 5.21855 -21.77
3 212 -2.72988 4.47168 -20.7387 -3.2 5.21855 -21.77 -2.90425 5.37434 -22.06339
4 15 -5.33 7.4586 -24.72 -6.56982 7.48945 -24.52005 -6.8849 8.31192 -25.69601 -6.205 8.58 -26.23484
4 15 -5.33 7.4586 -24.72 -6.205 8.58 -26.23484 -3.5235 8.58 -26.7678 -3.31368 7.49382 -25.17379
4 212 -2.72988 4.47168 -20.7387 -2.90425 5.37434 -22.06339 -1.97 5.6885 -22.59 -1.38 4.2233 -20.46
4 212 -1.38 4.2233 -20.46 -1.97 5.6885 -22.59 0 5.82373 -22.92 0 4.01324 -20.24
4 15 -3.5235 8.58 -26.7678 0 8.58 -27 0 7.46533 -25.35 -2.2 7.52274 -25.29
3 15 -3.31368 7.49382 -25.17379 -3.5235 8.58 -26.7678 -2.2 7.52274 -25.29
4 212 0 4.01324 -20.24 0 5.82373 -22.92 1.8 5.90387 -22.92 2.62551 3.93142 -19.94586
3 212 2.62551 3.93142 -19.94586 1.8 5.90387 -22.92 2.99782 5.85872 -22.77424
4 15 3.5235 8.58 -26.7678 3.32933 7.57486 -25.29272 0 7.46533 -25.35 0 8.58 -27
4 15 4.68 3.23582 -18.49 4.97954 3.33828 -18.58476 4.6584 2.5 -17.3862 4.5 2.97965 -18.14
3 15 4.6584 2.5 -17.3862 4.48 2.69147 -17.71 4.5 2.97965 -18.14
4 212 2.62551 3.93142 -19.94586 2.99782 5.85872 -22.77424 4.72 5.71798 -22.22 5.27096 4.099 -19.67242
3 212 5.27096 4.099 -19.67242 4.72 5.71798 -22.22 5.81077 5.50808 -21.68711
4 15 3.5235 8.58 -26.7678 6.9876 8.58 -26.0793 6.76821 8.00731 -25.26048 4.37 7.69048 -25.26
3 15 4.37 7.69048 -25.26 3.32933 7.57486 -25.29272 3.5235 8.58 -26.7678
4 15 6.21 3.65396 -18.66 7.63851 3.82378 -18.44062 6.8886 2.5 -16.6302 4.6584 2.5 -17.3862
3 15 4.6584 2.5 -17.3862 4.97954 3.33828 -18.58476 6.21 3.65396 -18.66
4 212 5.27096 4.099 -19.67242 5.81077 5.50808 -21.68711 6.47 5.3198 -21.17 6.52 4.3625 -19.66
4 212 6.52 4.3625 -19.66 6.47 5.3198 -21.17 6.92 5.07779 -20.64 6.82 4.51106 -19.79
3 212 6.82 4.51106 -19.79 6.92 5.07779 -20.64 7.02 4.83023 -20.22
4 15 6.9876 8.58 -26.0793 7.49866 8.58 -25.90606 7.33 8.34069 -25.59 7.08 8.13889 -25.36
3 15 6.76821 8.00731 -25.26048 6.9876 8.58 -26.0793 7.08 8.13889 -25.36
4 226 9.73 7.18804 -22.95 9.68471 7.4358 -23.38047 9.95 7.63035 -23.57 10.47 7.85902 -23.69
4 226 9.73 7.18804 -22.95 10.47 7.85902 -23.69 11.22 8.01698 -23.58 9.91 6.98701 -22.53
4 226 10.65 6.85665 -21.95 9.91 6.98701 -22.53 11.22 8.01698 -23.58 13.25592 8.25023 -22.95926
3 226 12.10054 6.68918 -20.95814 10.65 6.85665 -21.95 13.25592 8.25023 -22.95926
4 15 8.7 3.95329 -18.13 10.01116 3.86619 -17.33933 9 2.5 -15.588 6.8886 2.5 -16.6302
3 15 6.8886 2.5 -16.6302 7.63851 3.82378 -18.44062 8.7 3.95329 -18.13
4 226 12.10054 6.68918 -20.95814 13.25592 8.25023 -22.95926 16.4376 8.58 -21.4218 14.70983 6.66277 -19.17013
4 15 10.01116 3.86619 -17.33933 11.99212 3.64707 -15.62837 10.9584 2.5 -14.2812 9 2.5 -15.588
4 226 14.70983 6.66277 -19.17013 16.4376 8.58 -21.4218 19.0917 8.58 -19.0917 17.215 6.78702 -17.215
4 15 12.84 3.51785 -14.63 13.49 3.2282 -13.49 12.7278 2.5 -12.7278 10.9584 2.5 -14.2812
3 15 10.9584 2.5 -14.2812 11.99212 3.64707 -15.62837 12.84 3.51785 -14.63
4 226 17.215 6.78702 -17.215 19.0917 8.58 -19.0917 21.4218 8.58 -16.4376 19.53678 6.97496 -14.99117
4 212 18.28681 5.91065 -14.03203 16.30121 4.21998 -12.50842 15.59 4.3323 -13.57 17.08 5.70223 -14.94
4 212 16.14 5.38927 -15.31 17.08 5.70223 -14.94 15.59 4.3323 -13.57 15.19 4.54864 -14.51
4 212 16.14 5.38927 -15.31 15.19 4.54864 -14.51 15.13 4.69231 -14.9 15.65 5.19358 -15.43
3 212 15.13 4.69231 -14.9 15.255 4.91446 -15.255 15.65 5.19358 -15.43
4 15 13.75 2.70391 -12.02 13.66417 2.5 -11.66122 12.7278 2.5 -12.7278 13.73 3.04658 -12.81
3 15 12.7278 2.5 -12.7278 13.49 3.2282 -13.49 13.73 3.04658 -12.81
4 226 19.53678 6.97496 -14.99117 21.4218 8.58 -16.4376 23.382 8.58 -13.5 21.46389 7.08371 -12.39255
4 212 19.33 6.10655 -12.99 20.24811 6.13529 -11.69059 17.77557 4.2065 -10.26303 18.28681 5.91065 -14.03203
3 212 17.77557 4.2065 -10.26303 16.30121 4.21998 -12.50842 18.28681 5.91065 -14.03203
4 226 21.46389 7.08371 -12.39255 23.382 8.58 -13.5 24.13 8.4138 -11.43 22.53 7.21774 -10.68
4 226 22.53 7.21774 -10.68 24.13 8.4138 -11.43 24.45934 8.22466 -10.1316 23.21562 7.31526 -9.61643
4 212 21.39992 5.98762 -8.86433 19.1527 4.34445 -7.93348 17.77557 4.2065 -10.26303 20.83 6.14076 -10.53
3 212 17.77557 4.2065 -10.26303 20.24811 6.13529 -11.69059 20.83 6.14076 -10.53
4 226 23.21562 7.31526 -9.61643 24.45934 8.22466 -10.1316 24.58 8.11042 -9.25 23.83 7.57086 -8.98
4 226 24.16 7.73897 -8.78 23.83 7.57086 -8.98 24.58 8.11042 -9.25 24.45 7.92926 -8.8
4 212 19.1527 4.34445 -7.93348 21.39992 5.98762 -8.86433 21.53 5.82013 -7.71 19.7 4.47944 -6.94
4 212 19.7 4.47944 -6.94 21.53 5.82013 -7.71 21.51 5.59431 -6.73 20.18 4.63288 -6.23
4 212 20.18 4.63288 -6.23 21.51 5.59431 -6.73 21.33 5.34849 -6.13 20.96 5.06562 -5.92
3 212 20.96 5.06562 -5.92 20.57 4.82208 -5.95 20.18 4.63288 -6.23
4 226 26.05478 8.09414 -3.42964 24.54126 7.0628 -3.23042 24.81 7.34415 -4.01 25.64 7.89134 -3.98
4 226 25.64 7.89134 -3.98 24.81 7.34415 -4.01 25.02 7.50603 -4.18 25.36 7.73313 -4.19
4 226 26.46 8.29044 -1.69 26.56 8.28276 0 24.27 6.73573 0 24.39 6.90985 -2.09
4 226 26.05478 8.09414 -3.42964 26.46 8.29044 -1.69 24.39 6.90985 -2.09 24.54126 7.0628 -3.23042
4 226 -13.5 8.58 -23.382 -16.4376 8.58 -21.4218 -15.6 9.10198 -22.53 -14.57 9.32311 -23.45
3 226 -13.5 8.58 -23.382 -14.57 9.32311 -23.45 -13.84 9.36387 -23.98
4 226 -13.5 8.58 -23.382 -13.84 9.36387 -23.98 -12.64 9.16752 -24.38 -11.23913 8.58 -24.49798
3 15 -6.205 8.58 -26.23484 -3.61859 9.41066 -27.49019 -3.5235 8.58 -26.7678
4 15 -3.5235 8.58 -26.7678 -3.61859 9.41066 -27.49019 -1.55 9.90485 -28.06 0 8.58 -27
3 15 0 8.58 -27 -1.55 9.90485 -28.06 0 9.8796 -28.14
4 15 0 8.58 -27 0 9.8796 -28.14 1.97 9.8908 -28.02 3.5235 8.58 -26.7678
3 15 3.5235 8.58 -26.7678 1.97 9.8908 -28.02 3.65516 9.73012 -27.768
4 15 3.5235 8.58 -26.7678 3.65516 9.73012 -27.768 5.38 9.57864 -27.29 6.9876 8.58 -26.0793
3 15 6.9876 8.58 -26.0793 5.38 9.57864 -27.29 7.0903 9.03239 -26.4626
4 15 6.9876 8.58 -26.0793 7.0903 9.03239 -26.4626 7.37 8.89413 -26.24 7.49866 8.58 -25.90606
3 226 21.4218 8.58 -16.4376 19.0917 8.58 -19.0917 21.55341 8.7691 -16.53859
3 226 23.382 8.58 -13.5 21.4218 8.58 -16.4376 21.55341 8.7691 -16.53859
