0 Dish  3 x  3 Inverted with White and Bright Light Yellow Brushstrokes Pattern
0 Name: 43898p04.dat
0 Author: Evert-Jan Boer [ejboer]
0 !LDRAW_ORG Part UPDATE 2026-01
0 !LICENSE Licensed under CC BY 4.0 : see CAreadme.txt

0 BFC CERTIFY CCW

0 !KEYWORDS Bricklink 43898pb011, Brickowl 1313001, Brickset 1910
0 !KEYWORDS Rebrickable 43898pr0022, Set 21333, Starry Night, Vincent Van Gogh

0 !HISTORY 2026-01-29 [OrionP] Official Update 2026-01

1 16 0 0 0 1 0 0 0 1 0 0 0 1 s\43898s01.dat
1 16 0 .61 0 6 0 0 0 -.61 0 0 0 6 48\4-4con1.dat
1 16 0 12 0 3 0 0 0 -3.42 0 0 0 3 48\4-4con9.dat

3 16 -17.3862 2.5 4.6584 -17.5154 2.5 4.0086 -11.5908 .61 3.1056
4 16 -11.8968 .61 1.566 -11.5908 .61 3.1056 -17.5154 2.5 4.0086 -17.5045 2.3918 2.3041
4 16 8.4852 .61 8.4852 9.5208 .61 7.3056 14.2812 2.5 10.9584 12.7278 2.5 12.7278
4 16 -11.5908 .61 -3.1056 -11.8968 .61 -1.566 -17.8452 2.5 -2.349 -17.3862 2.5 -4.6584
4 16 -11.0868 .61 -4.5924 -11.5908 .61 -3.1056 -17.3862 2.5 -4.6584 -16.6302 2.5 -6.8886
4 16 0 8.58 -27 3.5235 8.58 -26.7678 3.2748 7.2926 -24.8785 2.15 7.1895 -24.8
3 16 1.15 6.9085 -24.45 0 8.58 -27 2.15 7.1895 -24.8
3 16 .75 6.6881 -24.15 0 8.58 -27 1.15 6.9085 -24.45
3 16 0 3.9524 -20.15 .75 6.4516 -23.8 1.05 6.3299 -23.6
4 16 0 8.58 -27 .75 6.6881 -24.15 .75 6.4516 -23.8 0 3.9524 -20.15
4 16 2.5575 3.5792 -19.4289 0 3.9524 -20.15 1.05 6.3299 -23.6 2.05 6.1379 -23.25
3 16 2.5575 3.5792 -19.4289 2.05 6.1379 -23.25 3.0304 6.0276 -23.022
3 16 3.2748 7.2926 -24.8785 3.5235 8.58 -26.7678 4.3 7.4754 -24.95
4 16 3.5235 8.58 -26.7678 6.9876 8.58 -26.0793 6.2 7.5933 -24.75 4.3 7.4754 -24.95
3 16 6.6043 7.5796 -24.6489 6.2 7.5933 -24.75 6.9876 8.58 -26.0793
3 16 2.5575 3.5792 -19.4289 3.0304 6.0276 -23.022 4.2 6.0013 -22.75
4 16 4.2 6.0013 -22.75 5.9814 5.9535 -22.324 3.45 3.3457 -18.9 2.5575 3.5792 -19.4289
3 16 3.45 3.3457 -18.9 5.9814 5.9535 -22.324 3.9 3.0731 -18.4
3 16 3.2743 2.5 -17.6613 3.7 2.5819 -17.7 4.6584 2.5 -17.3862
3 16 3.7 2.5819 -17.7 3.95 2.8473 -18.05 4.6584 2.5 -17.3862
4 16 5.9814 5.9535 -22.324 4.6584 2.5 -17.3862 3.95 2.8473 -18.05 3.9 3.0731 -18.4
3 16 6.6043 7.5796 -24.6489 6.9876 8.58 -26.0793 8 7.6592 -24.3
4 16 9.7694 7.5853 -23.5849 8 7.6592 -24.3 6.9876 8.58 -26.0793 10.3329 8.58 -24.9453
4 16 8.8731 6.0031 -21.4211 6.8886 2.5 -16.6302 4.6584 2.5 -17.3862 5.9814 5.9535 -22.324
3 16 9.7694 7.5853 -23.5849 10.3329 8.58 -24.9453 11.05 7.4925 -22.8
4 16 12.5165 7.2512 -21.6786 11.05 7.4925 -22.8 10.3329 8.58 -24.9453 13.5 8.58 -23.382
3 16 6.8886 2.5 -16.6302 7.45 2.5892 -16.5 7.7782 2.5 -16.1911
3 16 6.8886 2.5 -16.6302 7.3 2.7871 -16.9 7.45 2.5892 -16.5
4 16 6.8886 2.5 -16.6302 8.8731 6.0031 -21.4211 7.55 3.0441 -17.2 7.3 2.7871 -16.9
3 16 8.05 3.285 -17.35 7.55 3.0441 -17.2 8.8731 6.0031 -21.4211
4 16 8.05 3.285 -17.35 8.8731 6.0031 -21.4211 10.95 6.127 -20.6 8.95 3.494 -17.25
4 16 11.7167 6.1706 -20.2933 9.7649 3.5335 -16.9128 8.95 3.494 -17.25 10.95 6.127 -20.6
3 16 12.5165 7.2512 -21.6786 13.5 8.58 -23.382 13.7 7.0322 -20.5
4 16 13.5 8.58 -23.382 16.4376 8.58 -21.4218 13.85 6.8633 -20.1 13.7 7.0322 -20.5
4 16 12.7 6.3186 -19.9 10.4 3.6241 -16.65 9.7649 3.5335 -16.9128 11.7167 6.1706 -20.2933
4 16 13.4 6.5253 -19.8 11.9912 3.6461 -15.6272 10.4 3.6241 -16.65 12.7 6.3186 -19.9
3 16 11.9912 3.6461 -15.6272 13.4 6.5253 -19.8 13.75 6.685 -19.85
3 16 13.75 6.685 -19.85 13.85 6.8633 -20.1 16.4376 8.58 -21.4218
3 16 13.75 6.685 -19.85 16.4376 8.58 -21.4218 11.9912 3.6461 -15.6272
4 16 11.9912 3.6461 -15.6272 16.4376 8.58 -21.4218 19.0917 8.58 -19.0917 13 3.6504 -14.75
3 16 13 3.6504 -14.75 19.0917 8.58 -19.0917 13.7857 3.5107 -13.7857
4 16 21.4218 8.58 -16.4376 17.8 6.3856 -15.65 17.25 6.2845 -16.05 19.0917 8.58 -19.0917
3 16 17.8 6.3856 -15.65 21.4218 8.58 -16.4376 19.0025 6.52 -14.5812
3 16 17.25 6.2845 -16.05 16.85 6.0587 -16 19.0917 8.58 -19.0917
4 16 16.8 5.6759 -15.2 17.7459 5.4501 -13.617 15.0927 3.191 -11.5811 13.7857 3.5107 -13.7857
3 16 16.8 5.6759 -15.2 13.7857 3.5107 -13.7857 16.7 5.8484 -15.7
3 16 16.7 5.8484 -15.7 13.7857 3.5107 -13.7857 16.85 6.0587 -16
3 16 16.85 6.0587 -16 13.7857 3.5107 -13.7857 19.0917 8.58 -19.0917
4 16 1.566 .61 -11.8968 0 .61 -12 1.1 1.3573 -14.3 1.8117 1.2031 -13.7633
4 16 1.1 1.3573 -14.3 0 .61 -12 0 2.4034 -17.6933 1 1.497 -14.75
3 16 1 1.497 -14.75 0 2.4034 -17.6933 1.25 1.707 -15.4
3 16 2.0842 1.8608 -15.8334 1.8 1.8444 -15.8 2.3334 2.4623 -17.7266
4 16 0 2.4034 -17.6933 2.3334 2.4623 -17.7266 1.8 1.8444 -15.8 1.25 1.707 -15.4
4 16 3.1056 .61 -11.5908 1.566 .61 -11.8968 1.8117 1.2031 -13.7633 3.4299 1.0047 -12.8011
4 16 2.0842 1.8608 -15.8334 2.3334 2.4623 -17.7266 3.15 2.4889 -17.65 2.65 1.9162 -15.9
4 16 3.2743 2.5 -17.6613 4.1994 1.9413 -15.673 2.65 1.9162 -15.9 3.15 2.4889 -17.65
3 16 4.1994 1.9413 -15.673 3.2743 2.5 -17.6613 4.6584 2.5 -17.3862
4 16 4.5924 .61 -11.0868 3.1056 .61 -11.5908 3.4299 1.0047 -12.8011 4.9324 .8899 -11.9077
4 16 6.8886 2.5 -16.6302 6.2157 1.9462 -15.0058 4.1994 1.9413 -15.673 4.6584 2.5 -17.3862
4 16 4.9324 .8899 -11.9077 5.45 .8751 -11.6 5.7 .8393 -11.35 4.5924 .61 -11.0868
4 16 4.5924 .61 -11.0868 5.7 .8393 -11.35 6.1518 .7056 -10.6549 6 .61 -10.392
4 16 6.8886 2.5 -16.6302 7.7782 2.5 -16.1911 7.966 1.8486 -13.7972 6.2157 1.9462 -15.0058
3 16 7.966 1.8486 -13.7972 7.7782 2.5 -16.1911 8.3 2.4339 -15.7
3 16 7.966 1.8486 -13.7972 8.3 2.4339 -15.7 8.8026 2.3756 -15.2461
3 16 6 .61 -10.392 6.1518 .7056 -10.6549 6.35 .6603 -10.35
3 16 6 .61 -10.392 6.35 .6603 -10.35 7.3056 .61 -9.5208
4 16 8.8026 2.3756 -15.2461 9.85 2.3107 -14.3 9.4323 1.7104 -12.2923 7.966 1.8486 -13.7972
3 16 9.4323 1.7104 -12.2923 9.85 2.3107 -14.3 10.4853 2.2552 -13.6647
3 16 9.4323 1.7104 -12.2923 10.4853 2.2552 -13.6647 10.95 2.2418 -13.2
4 16 9.4323 1.7104 -12.2923 10.95 2.2418 -13.2 11.9553 2.1559 -11.9553 10.6577 1.5778 -10.6577
3 16 8.4852 .61 -8.4852 8.45 .6655 -8.75 8.6587 .6873 -8.6587
3 16 8.45 .6655 -8.75 8.4852 .61 -8.4852 7.3056 .61 -9.5208
4 16 8.6587 .6873 -8.6587 9.25 .7737 -8.4 9.5208 .61 -7.3056 8.4852 .61 -8.4852
3 16 9.5208 .61 -7.3056 9.25 .7737 -8.4 10 .9308 -8.3
3 16 9.5208 .61 -7.3056 10 .9308 -8.3 10.55 1.0717 -8.35
4 16 11.05 1.284 -8.8 11.15 1.4223 -9.35 11.9553 2.1559 -11.9553 13.1201 2.039 -10.0675
3 16 11.9553 2.1559 -11.9553 11.15 1.4223 -9.35 10.6577 1.5778 -10.6577
4 16 11.05 1.284 -8.8 13.1201 2.039 -10.0675 9.5208 .61 -7.3056 10.55 1.0717 -8.35
4 16 10.392 .61 -6 9.5208 .61 -7.3056 13.1201 2.039 -10.0675 14.1102 1.9625 -8.1468
3 16 15.8223 2.6828 -9.1353 15.75 2.8731 -9.75 19.2572 5.3623 -11.1185
4 16 19.2572 5.3623 -11.1185 15.75 2.8731 -9.75 15.0927 3.191 -11.5811 18.55 5.3892 -12.25
3 16 18.55 5.3892 -12.25 15.0927 3.191 -11.5811 17.7459 5.4501 -13.617
3 16 21.2271 6.899 -12.2558 20.8 6.8818 -12.85 23.382 8.58 -13.5
4 16 23.382 8.58 -13.5 20.8 6.8818 -12.85 19.0025 6.52 -14.5812 21.4218 8.58 -16.4376
4 16 21.2271 6.899 -12.2558 23.382 8.58 -13.5 24.9453 8.58 -10.3329 21.95 7.0364 -11.25
3 16 21.95 7.0364 -11.25 24.9453 8.58 -10.3329 23.0231 7.1745 -9.5367
3 16 19.4299 4.5471 -8.0483 19 4.3916 -8.4 20.6491 5.4383 -8.5518
4 16 20.6491 5.4383 -8.5518 19 4.3916 -8.4 18.45 4.0577 -8.4 19.8 5.4316 -10.25
4 16 19.8 5.4316 -10.25 18.45 4.0577 -8.4 15.8223 2.6828 -9.1353 19.2572 5.3623 -11.1185
4 16 15.9165 2.5 -8.3344 15.8223 2.6828 -9.1353 18.45 4.0577 -8.4 18.05 3.7399 -8.15
4 16 15.9165 2.5 -8.3344 18.05 3.7399 -8.15 17.8 3.3554 -7.3732 16.6302 2.5 -6.8886
4 16 11.0868 .61 -4.5924 10.392 .61 -6 14.1102 1.9625 -8.1468 14.75 1.9903 -7.05
3 16 14.75 1.9903 -7.05 15.15 2.0616 -6.75 11.0868 .61 -4.5924
3 16 15.15 2.0616 -6.75 15.5 2.1607 -6.75 11.0868 .61 -4.5924
3 16 15.5 2.1607 -6.75 15.8 2.2945 -7.1 16.6302 2.5 -6.8886
3 16 15.8 2.2945 -7.1 15.9165 2.5 -8.3344 16.6302 2.5 -6.8886
3 16 11.0868 .61 -4.5924 15.5 2.1607 -6.75 16.6302 2.5 -6.8886
3 16 11.5908 .61 -3.1056 12.55 .9773 -3.9 12.5765 .9315 -3.3697
4 16 12.75 1.0877 -4.4 12.55 .9773 -3.9 11.5908 .61 -3.1056 11.0868 .61 -4.5924
3 16 12.75 1.0877 -4.4 11.0868 .61 -4.5924 13.25 1.2727 -4.75
3 16 13.95 1.4668 -4.6 13.25 1.2727 -4.75 16.6302 2.5 -6.8886
4 16 14.5 1.5755 -4.05 13.95 1.4668 -4.6 16.6302 2.5 -6.8886 17.3862 2.5 -4.6584
3 16 14.5668 1.5805 -3.903 14.5 1.5755 -4.05 17.3862 2.5 -4.6584
3 16 13.25 1.2727 -4.75 11.0868 .61 -4.5924 16.6302 2.5 -6.8886
4 16 17.8 3.3554 -7.3732 17.8 3.2091 -6.7 17.3862 2.5 -4.6584 16.6302 2.5 -6.8886
3 16 17.3862 2.5 -4.6584 17.8 3.2091 -6.7 18.0784 2.9841 -4.8439
4 16 20.8067 4.8923 -5.5749 20.2 4.7913 -6.9 20.6491 5.4383 -8.5518 21.7554 5.5559 -5.8291
3 16 20.6491 5.4383 -8.5518 20.2 4.7913 -6.9 19.4299 4.5471 -8.0483
4 16 24.1258 7.2137 -6.4642 23.8 7.2952 -7.8 24.9453 8.58 -10.3329 26.0793 8.58 -6.9876
3 16 24.9453 8.58 -10.3329 23.8 7.2952 -7.8 23.0231 7.1745 -9.5367
3 16 11.5908 .61 -3.1056 12.5765 .9315 -3.3697 12.6 .9098 -2.9
4 16 11.8968 .61 -1.566 11.5908 .61 -3.1056 12.6 .9098 -2.9 12.6879 .8614 -1.6701
4 16 15.3233 1.6987 -2.017 14.5668 1.5805 -3.903 17.3862 2.5 -4.6584 17.8452 2.5 -2.349
4 16 17.8452 2.5 -2.349 17.3862 2.5 -4.6584 18.0784 2.9841 -4.8439 18.5053 2.9498 -2.4359
4 16 21.4103 4.9293 -2.8183 21.25 4.9656 -3.9 22.3 5.6827 -4.05 22.5283 5.6911 -2.9654
4 16 21.25 4.9656 -3.9 20.8067 4.8923 -5.5749 21.7554 5.5559 -5.8291 22.3 5.6827 -4.05
4 16 26.0793 8.58 -6.9876 26.7678 8.58 -3.5235 24.7022 7.1725 -3.2516 24.1258 7.2137 -6.4642
4 16 18 2.5 0 17.8452 2.5 -2.349 18.5053 2.9498 -2.4359 18.8333 3.0629 0
4 16 21.2214 4.6762 0 21.4 4.8414 -1 22.9 5.8637 -1.2 23.1118 5.9533 0
4 16 22.5283 5.6911 -2.9654 22.9 5.8637 -1.2 21.4 4.8414 -1 21.4103 4.9293 -2.8183
4 16 24.6477 6.9909 0 24.75 7.109 -1.1 26.7678 8.58 -3.5235 27 8.58 0
3 16 26.7678 8.58 -3.5235 24.75 7.109 -1.1 24.7022 7.1725 -3.2516
4 16 12 .61 0 11.8968 .61 -1.566 12.6879 .8614 -1.6701 12.7682 .852 0
4 16 15.7 1.7755 0 15.3233 1.6987 -2.017 17.8452 2.5 -2.349 18 2.5 0
4 16 11.8968 .61 1.566 12 .61 0 12.7682 .852 0 12.7777 .8899 1.682
4 16 17.8452 2.5 2.349 15.7 1.8184 2.0666 15.7 1.7755 0 18 2.5 0
4 16 12.6374 .9513 3.386 11.5908 .61 3.1056 11.8968 .61 1.566 12.7777 .8899 1.682
4 16 17.3862 2.5 4.6584 15.3779 1.8451 4.1203 15.7 1.8184 2.0666 17.8452 2.5 2.349
4 16 12.3727 1.0484 5.125 11.0868 .61 4.5924 11.5908 .61 3.1056 12.6374 .9513 3.386
4 16 16.6302 2.5 6.8886 14.5065 1.7759 6.0089 15.3779 1.8451 4.1203 17.3862 2.5 4.6584
3 16 11.9602 1.1804 6.9054 10.392 .61 6 12.05 1.1632 6.6
4 16 12.3727 1.0484 5.125 12.05 1.1632 6.6 10.392 .61 6 11.0868 .61 4.5924
4 16 13.1074 1.5977 7.5678 13.7 1.7001 7.1 16.6302 2.5 6.8886 15.588 2.5 9
3 16 16.6302 2.5 6.8886 13.7 1.7001 7.1 14.5065 1.7759 6.0089
4 16 10.392 .61 6 11.9602 1.1804 6.9054 11.8 1.2338 7.45 9.5208 .61 7.3056
3 16 9.5208 .61 7.3056 11.8 1.2338 7.45 11.85 1.3258 7.9
4 16 13.1074 1.5977 7.5678 15.588 2.5 9 14.2812 2.5 10.9584 12.75 1.5533 7.85
3 16 12.75 1.5533 7.85 14.2812 2.5 10.9584 12.25 1.4571 8.05
4 16 12.25 1.4571 8.05 14.2812 2.5 10.9584 9.5208 .61 7.3056 11.85 1.3258 7.9
4 16 19.25 3.4357 2.05 17.8452 2.5 2.349 18 2.5 0 19 3.2446 1.55
3 16 19 3.2446 1.55 18 2.5 0 18.8333 3.0629 0
4 16 23.35 6.1743 1.35 20.55 4.2895 1.5 21.2214 4.6762 0 23.1118 5.9533 0
4 16 23.35 6.1743 1.35 23.6 6.3655 1.85 20 3.9446 2.1 20.55 4.2895 1.5
4 16 26.7678 8.58 3.5235 20 3.9446 2.1 23.6 6.3655 1.85 23.95 6.6064 1.95
4 16 23.95 6.6064 1.95 24.25 6.7979 1.7 27 8.58 0 26.7678 8.58 3.5235
3 16 27 8.58 0 24.25 6.7979 1.7 24.55 6.9716 1.05
3 16 24.55 6.9716 1.05 24.6477 6.9909 0 27 8.58 0
3 16 19.6 3.6811 2.25 20 3.9446 2.1 26.7678 8.58 3.5235
3 16 17.8452 2.5 2.349 19.25 3.4357 2.05 19.6 3.6811 2.25
3 16 17.8452 2.5 2.349 19.6 3.6811 2.25 26.7678 8.58 3.5235
4 16 22.55 6.0533 5.6 22.1274 5.816 5.9287 17.3862 2.5 4.6584 17.8452 2.5 2.349
4 16 22.55 6.0533 5.6 17.8452 2.5 2.349 26.7678 8.58 3.5235 22.85 6.2525 5.6
4 16 22.85 6.2525 5.6 26.7678 8.58 3.5235 26.0793 8.58 6.9876 23.15 6.4715 5.75
3 16 23.3 6.6361 6.2429 23.15 6.4715 5.75 26.0793 8.58 6.9876
4 16 17.3862 2.5 4.6584 17.45 2.8651 6.15 16.8947 2.6934 6.9982 16.6302 2.5 6.8886
3 16 17.45 2.8651 6.15 17.3862 2.5 4.6584 17.8 3.0569 6
4 16 18.541 3.8972 7.6801 18.45 3.6041 6.6 21.3 5.5401 7.1 20.5252 5.348 8.502
4 16 18.45 3.6041 6.6 18.2 3.346 6.15 22.1274 5.816 5.9287 21.3 5.5401 7.1
4 16 17.3862 2.5 4.6584 22.1274 5.816 5.9287 18.2 3.346 6.15 17.8 3.0569 6
3 16 23.3 6.7681 6.85 23.3 6.6361 6.2429 26.0793 8.58 6.9876
3 16 23.2 6.867 7.6 23.3 6.7681 6.85 26.0793 8.58 6.9876
4 16 22.6886 6.9299 9.3981 23.2 6.867 7.6 26.0793 8.58 6.9876 24.9453 8.58 10.3329
4 16 15.7441 2.6218 9.0901 15.588 2.5 9 16.6302 2.5 6.8886 16.15 2.6614 8.4
3 16 16.15 2.6614 8.4 16.6302 2.5 6.8886 16.8947 2.6934 6.9982
4 16 20.25 5.3302 9 19.0838 5.227 11.0184 17.8612 4.2733 10.3125 18.5 4.118 8.5
4 16 18.5 4.118 8.5 18.541 3.8972 7.6801 20.5252 5.348 8.502 20.25 5.3302 9
4 16 24.9453 8.58 10.3329 23.382 8.58 13.5 21.3004 6.9565 12.2992 22.1 7.0076 10.85
3 16 24.9453 8.58 10.3329 22.1 7.0076 10.85 22.6886 6.9299 9.3981
4 16 14.415 2.6139 11.0611 14.2812 2.5 10.9584 15.588 2.5 9 15.15 2.6667 10.1
3 16 15.15 2.6667 10.1 15.588 2.5 9 15.7441 2.6218 9.0901
4 16 17.7083 5.4181 13.5881 16.5054 4.3938 12.6651 17.2 4.3848 11.6 17.9 5.3426 13.1
4 16 17.8612 4.2733 10.3125 19.0838 5.227 11.0184 17.9 5.3426 13.1 17.2 4.3848 11.6
3 16 19.1836 6.6743 14.7202 20.2 6.8821 13.75 21.4218 8.58 16.4376
4 16 21.4218 8.58 16.4376 20.2 6.8821 13.75 21.3004 6.9565 12.2992 23.382 8.58 13.5
4 16 12.9456 2.7081 12.9456 12.7278 2.5 12.7278 14.2812 2.5 10.9584 14.415 2.6139 11.0611
4 16 16.5054 4.3938 12.6651 17.7083 5.4181 13.5881 17.35 5.6431 14.5 15.25 4.3291 13.95
4 16 17.35 5.8441 14.95 14.5167 4.2091 14.5167 15.25 4.3291 13.95 17.35 5.6431 14.5
4 16 19.0917 8.58 19.0917 14.5167 4.2091 14.5167 17.35 5.8441 14.95 17.5 6.0767 15.3
4 16 19.0917 8.58 19.0917 18.5 6.5408 15.2 19.1836 6.6743 14.7202 21.4218 8.58 16.4376
3 16 17.5 6.0767 15.3 17.95 6.3503 15.4 19.0917 8.58 19.0917
3 16 17.95 6.3503 15.4 18.5 6.5408 15.2 19.0917 8.58 19.0917
4 16 10.2428 2.1297 13.3486 10.4 2.0916 13.05 12.7278 2.5 12.7278 10.9584 2.5 14.2812
3 16 12.7278 2.5 12.7278 10.4 2.0916 13.05 10.5 1.9701 12.45
3 16 10.5 1.9701 12.45 10.35 1.844 12.05 12.7278 2.5 12.7278
4 16 9.2528 1.6175 12.0585 7.3056 .61 9.5208 8.4852 .61 8.4852 9.85 1.7162 11.95
3 16 9.85 1.7162 11.95 8.4852 .61 8.4852 10.35 1.844 12.05
3 16 12.7278 2.5 12.7278 10.35 1.844 12.05 8.4852 .61 8.4852
4 16 9 2.5 15.588 8.7327 2.3316 15.1251 9.9 2.2407 14 10.9584 2.5 14.2812
3 16 9.9 2.2407 14 10.2428 2.1297 13.3486 10.9584 2.5 14.2812
4 16 9.2528 1.6175 12.0585 7.4578 1.5284 12.917 6 .61 10.392 7.3056 .61 9.5208
4 16 5.7526 1.565 13.8877 4.5924 .61 11.0868 6 .61 10.392 6.7 1.5451 13.35
3 16 6.7 1.5451 13.35 6 .61 10.392 7.4578 1.5284 12.917
4 16 8.7327 2.3316 15.1251 9 2.5 15.588 6.8886 2.5 16.6302 6.7657 2.3989 16.3336
3 16 4.6584 2.5 17.3862 4.4505 2.2469 16.6101 5.7 2.3705 16.6
4 16 6.7657 2.3989 16.3336 6.8886 2.5 16.6302 4.6584 2.5 17.3862 5.7 2.3705 16.6
4 16 4.5924 .61 11.0868 4.85 1.6266 14.4 4.0284 1.7332 15.0349 3.1056 .61 11.5908
3 16 4.85 1.6266 14.4 4.5924 .61 11.0868 5.7526 1.565 13.8877
4 16 2.349 2.5 17.8452 2.3057 2.3955 17.5164 3.85 2.1604 16.45 4.6584 2.5 17.3862
3 16 4.6584 2.5 17.3862 3.85 2.1604 16.45 4.4505 2.2469 16.6101
4 16 2.3057 2.3955 17.5164 2.35 2.2074 16.9 3.4 2.0553 16.2 3.85 2.1604 16.45
4 16 2.35 2.2074 16.9 2.2018 2.1447 16.7271 3.35 1.9283 15.8 3.4 2.0553 16.2
4 16 3.1056 .61 11.5908 3.35 1.9283 15.8 2.2018 2.1447 16.7271 1.566 .61 11.8968
3 16 3.75 1.7827 15.25 3.35 1.9283 15.8 3.1056 .61 11.5908
3 16 4.0284 1.7332 15.0349 3.75 1.7827 15.25 3.1056 .61 11.5908
3 16 2.0745 2.5 17.8633 2.3057 2.3955 17.5164 2.349 2.5 17.8452
4 16 0 1.9173 16.15 0 .61 12 1.566 .61 11.8968 1.45 2.0104 16.35
3 16 2.05 2.0858 16.55 1.45 2.0104 16.35 1.566 .61 11.8968
3 16 2.2018 2.1447 16.7271 2.05 2.0858 16.55 1.566 .61 11.8968
4 16 2.861 5.1502 21.7345 0 5.3761 22.2574 0 3.2093 19.05 1.05 2.9859 18.65
3 16 1.95 2.6206 18.05 2.0745 2.5 17.8633 2.349 2.5 17.8452
4 16 1.05 2.9859 18.65 1.95 2.6206 18.05 2.349 2.5 17.8452 2.861 5.1502 21.7345
4 16 0 6.8203 24.3951 2.25 6.89 24.35 3.5235 8.58 26.7678 0 8.58 27
3 16 3.5235 8.58 26.7678 2.25 6.89 24.35 3.1924 6.866 24.2525
4 16 4.6584 2.5 17.3862 4.45 5.1378 21.4 2.861 5.1502 21.7345 2.349 2.5 17.8452
3 16 4.45 5.1378 21.4 4.6584 2.5 17.3862 5.6391 5.06 21.0465
4 16 3.5235 8.58 26.7678 3.1924 6.866 24.2525 5.45 6.8967 23.85 6.9876 8.58 26.0793
3 16 6.9876 8.58 26.0793 5.45 6.8967 23.85 6.3132 6.8196 23.5623
4 16 8.2744 4.9463 19.9758 5.6391 5.06 21.0465 4.6584 2.5 17.3862 6.8886 2.5 16.6302
4 16 6.3132 6.8196 23.5623 8.2 6.7089 22.75 10.3329 8.58 24.9453 6.9876 8.58 26.0793
3 16 10.3329 8.58 24.9453 8.2 6.7089 22.75 9.18 6.5449 22.162
4 16 13.5 8.58 23.382 10.3329 8.58 24.9453 9.18 6.5449 22.162 10.9 6.3548 21
3 16 13.5 8.58 23.382 10.9 6.3548 21 11.7009 6.1492 20.2659
4 16 6.8886 2.5 16.6302 9 2.5 15.588 10.7391 4.8497 18.6 8.2744 4.9463 19.9758
3 16 11.7009 6.1492 20.2659 12.1 6.0931 19.9 13.5 8.58 23.382
4 16 13.5 8.58 23.382 12.1 6.0931 19.9 13 5.84 18.85 16.4376 8.58 21.4218
3 16 13 5.84 18.85 13.5 5.5774 18.05 16.4376 8.58 21.4218
3 16 13.5 5.5774 18.05 13.5443 5.3695 17.6512 16.4376 8.58 21.4218
4 16 10.7391 4.8497 18.6 9 2.5 15.588 10.9584 2.5 14.2812 12.35 4.92 17.65
3 16 12.35 4.92 17.65 10.9584 2.5 14.2812 13 5.0235 17.4
3 16 13.3 5.1362 17.4 13 5.0235 17.4 10.9584 2.5 14.2812
3 16 13.4335 5.2465 17.5068 13.3 5.1362 17.4 10.9584 2.5 14.2812
3 16 11.6 3.1523 15 10.9584 2.5 14.2812 11.65 2.9711 14.6
4 16 11.65 2.9711 14.6 10.9584 2.5 14.2812 12.7278 2.5 12.7278 12.35 2.8259 13.7
3 16 12.35 2.8259 13.7 12.7278 2.5 12.7278 12.9456 2.7081 12.9456
4 16 16.4376 8.58 21.4218 13.5443 5.3695 17.6512 14.15 4.1894 14.8 19.0917 8.58 19.0917
3 16 14.15 4.1894 14.8 14.5167 4.2091 14.5167 19.0917 8.58 19.0917
4 16 13.5443 5.3695 17.6512 13.4335 5.2465 17.5068 13.15 3.9717 15.25 14.15 4.1894 14.8
3 16 12.4 3.7131 15.4 13.15 3.9717 15.25 13.4335 5.2465 17.5068
3 16 11.85 3.4165 15.3 12.4 3.7131 15.4 13.4335 5.2465 17.5068
4 16 13.4335 5.2465 17.5068 10.9584 2.5 14.2812 11.6 3.1523 15 11.85 3.4165 15.3
4 16 -2.1208 1.9491 16.1114 -1.566 .61 11.8968 0 .61 12 0 1.9173 16.15
4 16 -2.1208 1.9491 16.1114 -2.75 1.9843 16.1 -3.1056 .61 11.5908 -1.566 .61 11.8968
3 16 -3.1056 .61 11.5908 -2.75 1.9843 16.1 -4.3138 2.0806 16.1
4 16 -5.8033 1.6067 14.0102 -6.05 2.3163 16.3 -6.4624 2.5 16.7747 -6.8886 2.5 16.6302
4 16 -5.65 1.5881 14 -5.1 2.1602 16.1 -6.05 2.3163 16.3 -5.8033 1.6067 14.0102
4 16 -5.1 2.1602 16.1 -5.65 1.5881 14 -5.2 1.4678 13.75 -4.3138 2.0806 16.1
4 16 -5.4052 1.279 13.0491 -4.5924 .61 11.0868 -3.1056 .61 11.5908 -5.15 1.3581 13.4
4 16 -5.2 1.4678 13.75 -5.15 1.3581 13.4 -3.1056 .61 11.5908 -4.3138 2.0806 16.1
3 16 -5.4052 1.279 13.0491 -5.55 1.2429 12.85 -4.5924 .61 11.0868
4 16 -4.5924 .61 11.0868 -5.55 1.2429 12.85 -6.8321 1.1342 11.8332 -6 .61 10.392
4 16 -9 2.5 15.588 -7.9208 1.8201 13.7188 -6.4 1.7014 14.05 -6.8886 2.5 16.6302
3 16 -6.4 1.7014 14.05 -5.8033 1.6067 14.0102 -6.8886 2.5 16.6302
4 16 -6.8321 1.1342 11.8332 -8.2603 1.104 10.765 -7.3056 .61 9.5208 -6 .61 10.392
4 16 -9 2.5 15.588 -10.9584 2.5 14.2812 -9.8379 1.9203 12.821 -7.9208 1.8201 13.7188
4 16 -10.9584 2.5 14.2812 -12.7278 2.5 12.7278 -11.629 2.0105 11.629 -9.8379 1.9203 12.821
4 16 -8.2603 1.104 10.765 -9.6728 1.1391 9.6728 -8.4852 .61 8.4852 -7.3056 .61 9.5208
4 16 -12.7278 2.5 12.7278 -14.2812 2.5 10.9584 -13.1273 2.0419 10.0729 -11.629 2.0105 11.629
4 16 -9.6728 1.1391 9.6728 -11.0502 1.2172 8.4792 -9.5208 .61 7.3056 -8.4852 .61 8.4852
4 16 -13.1273 2.0419 10.0729 -14.2812 2.5 10.9584 -15.588 2.5 9 -14.3093 2.0349 8.2617
3 16 -11.85 1.2995 7.75 -12.4938 1.3745 7.2135 -10.392 .61 6
4 16 -11.0502 1.2172 8.4792 -11.85 1.2995 7.75 -10.392 .61 6 -9.5208 .61 7.3056
3 16 -14.85 1.9488 6.55 -16.6302 2.5 6.8886 -14.8036 1.8772 6.132
4 16 -14.85 1.9488 6.55 -14.7 2.0181 7.35 -15.588 2.5 9 -16.6302 2.5 6.8886
3 16 -15.588 2.5 9 -14.7 2.0181 7.35 -14.3093 2.0349 8.2617
4 16 -10.392 .61 6 -14.05 1.6455 6 -14.393 1.7372 5.9619 -11.0868 .61 4.5924
3 16 -13.35 1.5172 6.5 -14.05 1.6455 6 -10.392 .61 6
3 16 -12.4938 1.3745 7.2135 -13.35 1.5172 6.5 -10.392 .61 6
3 16 -16.6302 2.5 6.8886 -17.3862 2.5 4.6584 -14.8036 1.8772 6.132
4 16 -14.8036 1.8772 6.132 -17.3862 2.5 4.6584 -11.5908 .61 3.1056 -14.393 1.7372 5.9619
3 16 -14.393 1.7372 5.9619 -11.5908 .61 3.1056 -11.0868 .61 4.5924
4 16 -12 .61 0 -11.8968 .61 1.566 -17.5045 2.3918 2.3041 -17.6417 2.3871 0
4 16 -3.1461 6.6265 23.901 -2 6.7775 24.2 0 8.58 27 -3.5235 8.58 26.7678
3 16 0 8.58 27 -2 6.7775 24.2 0 6.8203 24.3951
4 16 -2.5277 3.4251 19.2028 -1.3 3.4023 19.25 -1.65 5.6135 22.5 -2.9869 5.802 22.691
4 16 -1.65 5.6135 22.5 -1.3 3.4023 19.25 0 3.2093 19.05 0 5.3761 22.2574
3 16 -3.5235 8.58 26.7678 -3.75 6.5727 23.7 -3.1461 6.6265 23.901
4 16 -4 6.3401 23.3 -3.75 6.5727 23.7 -3.5235 8.58 26.7678 -6.9876 8.58 26.0793
4 16 -3.9 6.1277 23 -4 6.3401 23.3 -6.9876 8.58 26.0793 -4.9932 3.3738 18.6356
4 16 -4.5 3.4511 18.85 -3.4 5.8957 22.75 -3.9 6.1277 23 -4.9932 3.3738 18.6356
4 16 -3.4 5.8957 22.75 -4.5 3.4511 18.85 -2.5277 3.4251 19.2028 -2.9869 5.802 22.691
4 16 -6.9876 8.58 26.0793 -10.3329 8.58 24.9453 -8.7723 5.8252 21.1778 -8.15 5.6401 21.1
3 16 -6.9876 8.58 26.0793 -8.15 5.6401 21.1 -7.7 5.3499 20.8
4 16 -7.7 5.3499 20.8 -7.7 5.0934 20.4 -5.65 3.3335 18.35 -4.9932 3.3738 18.6356
4 16 -7.7 5.0934 20.4 -7.85 4.9658 20.15 -6.25 3.1754 17.9 -5.65 3.3335 18.35
4 16 -7.85 4.9658 20.15 -8.276 4.9491 19.9796 -6.55 2.8559 17.3 -6.25 3.1754 17.9
4 16 -6.4624 2.5 16.7747 -6.55 2.8559 17.3 -8.276 4.9491 19.9796 -6.8886 2.5 16.6302
3 16 -6.9876 8.58 26.0793 -7.7 5.3499 20.8 -4.9932 3.3738 18.6356
3 16 -11.9093 6.4308 20.6269 -10.5 6.235 21 -13.5 8.58 23.382
4 16 -13.5 8.58 23.382 -10.5 6.235 21 -8.7723 5.8252 21.1778 -10.3329 8.58 24.9453
4 16 -8.276 4.9491 19.9796 -10.83 4.9725 18.7575 -9 2.5 15.588 -6.8886 2.5 16.6302
4 16 -10.83 4.9725 18.7575 -13.266 5.0607 17.2886 -10.9584 2.5 14.2812 -9 2.5 15.588
4 16 -16.4376 8.58 21.4218 -14.8119 6.7761 19.3032 -11.9093 6.4308 20.6269 -13.5 8.58 23.382
4 16 -16.4376 8.58 21.4218 -19.0917 8.58 19.0917 -17.3992 6.963 17.3992 -14.8119 6.7761 19.3032
4 16 -13.266 5.0607 17.2886 -15.5667 5.2123 15.5667 -12.7278 2.5 12.7278 -10.9584 2.5 14.2812
4 16 -15.5667 5.2123 15.5667 -17.7355 5.4412 13.609 -14.2812 2.5 10.9584 -12.7278 2.5 12.7278
4 16 -19.0917 8.58 19.0917 -21.4218 8.58 16.4376 -19.5005 6.9441 14.9633 -17.3992 6.963 17.3992
4 16 -19.5005 6.9441 14.9633 -21.4218 8.58 16.4376 -23.382 8.58 13.5 -20.1 6.9573 14.1
3 16 -20.1 6.9573 14.1 -23.382 8.58 13.5 -20.8 6.8066 12.65
3 16 -23.382 8.58 13.5 -20.9084 6.6504 12.0718 -20.8 6.8066 12.65
4 16 -19.97 5.9183 11.53 -15.588 2.5 9 -14.2812 2.5 10.9584 -19.5 5.8303 12
3 16 -19.5 5.8303 12 -14.2812 2.5 10.9584 -17.7355 5.4412 13.609
3 16 -20.9084 6.6504 12.0718 -23.382 8.58 13.5 -20.95 6.6092 11.85
4 16 -23.382 8.58 13.5 -24.9453 8.58 10.3329 -20.9 6.4589 11.45 -20.95 6.6092 11.85
4 16 -19.0925 4.3004 7.9085 -20.65 6.2472 11.25 -20.9 6.4589 11.45 -24.9453 8.58 10.3329
4 16 -20.65 6.2472 11.25 -19.0925 4.3004 7.9085 -18.35 4.0569 8.6 -20.15 5.9737 11.35
4 16 -17.85 3.8133 8.8 -19.97 5.9183 11.53 -20.15 5.9737 11.35 -18.35 4.0569 8.6
3 16 -17.4 3.5101 8.7 -17.1 3.2081 8.3 -15.588 2.5 9
4 16 -16.6302 2.5 6.8886 -15.588 2.5 9 -17.1 3.2081 8.3 -17 2.9377 7.6
3 16 -17 2.9377 7.6 -17.0489 2.8061 7.062 -16.6302 2.5 6.8886
4 16 -17.4 3.5101 8.7 -15.588 2.5 9 -19.97 5.9183 11.53 -17.85 3.8133 8.8
4 16 -24.9453 8.58 10.3329 -26.0793 8.58 6.9876 -20.3184 4.5508 5.4441 -19.85 4.5343 6.75
3 16 -24.9453 8.58 10.3329 -19.85 4.5343 6.75 -19.0925 4.3004 7.9085
3 16 -17.0489 2.8061 7.062 -17.1 2.7168 6.5 -16.6302 2.5 6.8886
4 16 -17.1 2.7168 6.5 -17.3 2.6277 5.5 -17.3862 2.5 4.6584 -16.6302 2.5 6.8886
3 16 -26.0793 8.58 6.9876 -24.1 7.1221 5.9 -23.75 6.9095 6.05
3 16 -23.75 6.9095 6.05 -23.5 6.7237 5.9 -20.3184 4.5508 5.4441
3 16 -23.5 6.7237 5.9 -23.35 6.5647 5.45 -20.3184 4.5508 5.4441
3 16 -20.3184 4.5508 5.4441 -23.35 6.5647 5.45 -23.35 6.4657 4.7
4 16 -23.35 6.4657 4.7 -23.4099 6.2919 3.0815 -20.5 4.5336 4.4 -20.3184 4.5508 5.4441
3 16 -20.5 4.5336 4.4 -23.4099 6.2919 3.0815 -20.4979 4.3076 2.6982
3 16 -26.0793 8.58 6.9876 -23.75 6.9095 6.05 -20.3184 4.5508 5.4441
3 16 -26.0793 8.58 6.9876 -24.55 7.3418 5.3 -24.1 7.1221 5.9
4 16 -25.15 7.5686 4 -24.55 7.3418 5.3 -26.0793 8.58 6.9876 -26.7678 8.58 3.5235
3 16 -26.7678 8.58 3.5235 -25.3399 7.607 3.3355 -25.15 7.5686 4
3 16 -26.7678 8.58 3.5235 -25.65 7.7682 2.25 -25.3399 7.607 3.3355
4 16 -25.9889 7.897 0 -25.65 7.7682 2.25 -26.7678 8.58 3.5235 -27 8.58 0
4 16 -23.4099 6.2919 3.0815 -23.45 6.2708 2 -20.4 4.2037 1.85 -20.4979 4.3076 2.6982
4 16 -23.45 6.2708 2 -23.4487 6.1809 0 -19.9214 3.798 0 -20.4 4.2037 1.85
4 16 -11.8968 .61 -1.566 -17.8 2.4567 -.95 -17.9147 2.5 -1.2941 -17.8452 2.5 -2.349
4 16 -11.8968 .61 -1.566 -12 .61 0 -17.6417 2.3871 0 -17.8 2.4567 -.95
4 16 -10.392 .61 -6 -11.35 1.1069 -7.4 -10.5642 1.0243 -8.1062 -9.5208 .61 -7.3056
3 16 -11.95 1.2294 -7.2 -11.35 1.1069 -7.4 -10.392 .61 -6
4 16 -14.2812 2.5 -10.9584 -12.3633 1.7385 -9.4867 -12.55 1.6935 -8.95 -15.588 2.5 -9
3 16 -12.55 1.6935 -8.95 -12.6 1.5314 -7.95 -15.588 2.5 -9
3 16 -12.6 1.5314 -7.95 -12.4 1.3738 -7.35 -15.588 2.5 -9
3 16 -15.588 2.5 -9 -12.4 1.3738 -7.35 -10.392 .61 -6
3 16 -12.4 1.3738 -7.35 -11.95 1.2294 -7.2 -10.392 .61 -6
3 16 -12.3633 1.7385 -9.4867 -14.2812 2.5 -10.9584 -12.15 1.8157 -10.1
4 16 -14.2812 2.5 -10.9584 -12.7278 2.5 -12.7278 -11.4346 1.9239 -11.4346 -12.15 1.8157 -10.1
4 16 -9.5208 .61 -7.3056 -10.5642 1.0243 -8.1062 -9.4231 1.0278 -9.4231 -8.4852 .61 -8.4852
4 16 -8.4852 .61 -8.4852 -9.4231 1.0278 -9.4231 -8.2493 1.0983 -10.7507 -7.3056 .61 -9.5208
4 16 -11.4346 1.9239 -11.4346 -12.7278 2.5 -12.7278 -10.9584 2.5 -14.2812 -9.9992 2.0037 -13.0311
4 16 -7.3056 .61 -9.5208 -8.2493 1.0983 -10.7507 -6.9485 1.2076 -12.0348 -6 .61 -10.392
4 16 -10.1624 2.5 -14.8124 -9.65 2.3939 -14.75 -9.9992 2.0037 -13.0311 -10.9584 2.5 -14.2812
4 16 -9.9992 2.0037 -13.0311 -9.65 2.3939 -14.75 -8.6731 2.294 -15.0217 -8.2508 2.028 -14.2904
4 16 -4.5924 .61 -11.0868 -6 .61 -10.392 -6.9485 1.2076 -12.0348 -6.15 1.3126 -12.8
3 16 -4.5924 .61 -11.0868 -6.15 1.3126 -12.8 -5.6037 1.4424 -13.5283
4 16 -8.2508 2.028 -14.2904 -8.6731 2.294 -15.0217 -6.5662 2.2346 -15.8518 -7 1.9692 -14.7
3 16 -7 1.9692 -14.7 -6.5662 2.2346 -15.8518 -6.0688 1.8252 -14.651
4 16 -5.5 1.6028 -14.1 -3.1056 .61 -11.5908 -4.5924 .61 -11.0868 -5.6037 1.4424 -13.5283
4 16 -4.4521 2.2489 -16.6163 -5.7 1.7277 -14.45 -6.0688 1.8252 -14.651 -6.5662 2.2346 -15.8518
4 16 -5.7 1.7277 -14.45 -4.4521 2.2489 -16.6163 -3.1056 .61 -11.5908 -5.5 1.6028 -14.1
4 16 0 .61 -12 -1.566 .61 -11.8968 -2.2804 2.3344 -17.3239 0 2.4034 -17.6933
4 16 -3.1056 .61 -11.5908 -4.4521 2.2489 -16.6163 -2.2804 2.3344 -17.3239 -1.566 .61 -11.8968
4 16 -2.6314 3.9617 -19.9903 -2.9336 5.5264 -22.2865 -1.95 5.5593 -22.4 -1.7 4.0281 -20.15
4 16 -1.5 5.6743 -22.6 0 3.9524 -20.15 -1.7 4.0281 -20.15 -1.95 5.5593 -22.4
4 16 0 8.58 -27 0 3.9524 -20.15 -1.5 5.6743 -22.6 -1.45 5.8748 -22.9
4 16 -3.1197 6.4897 -23.7002 -3.5235 8.58 -26.7678 0 8.58 -27 -2.5 6.3606 -23.55
3 16 -1.6 6.0503 -23.15 -2.5 6.3606 -23.55 0 8.58 -27
3 16 -1.45 5.8748 -22.9 -1.6 6.0503 -23.15 0 8.58 -27
4 16 -5.1479 3.7779 -19.2133 -5.8671 5.655 -21.8972 -2.9336 5.5264 -22.2865 -2.6314 3.9617 -19.9903
4 16 -3.1197 6.4897 -23.7002 -4.15 6.7916 -23.95 -6.9876 8.58 -26.0793 -3.5235 8.58 -26.7678
3 16 -6.9876 8.58 -26.0793 -4.15 6.7916 -23.95 -6.42 7.0983 -23.9607
4 16 -9.6749 7.4186 -23.3569 -10.3329 8.58 -24.9453 -6.9876 8.58 -26.0793 -6.42 7.0983 -23.9607
4 16 -5.1479 3.7779 -19.2133 -7.4885 3.5591 -18.0786 -8.7233 5.7386 -21.0594 -5.8671 5.655 -21.8972
4 16 -12.7488 7.5651 -22.081 -13.5 8.58 -23.382 -10.3329 8.58 -24.9453 -9.6749 7.4186 -23.3569
4 16 -9.4985 3.1736 -16.4515 -11.4956 5.8718 -19.9103 -8.7233 5.7386 -21.0594 -8.85 3.373 -17.1
3 16 -8.85 3.373 -17.1 -8.7233 5.7386 -21.0594 -7.4885 3.5591 -18.0786
3 16 -15.4918 7.5305 -20.1893 -16.4376 8.58 -21.4218 -14.25 7.6612 -21.25
4 16 -16.4376 8.58 -21.4218 -13.5 8.58 -23.382 -12.7488 7.5651 -22.081 -14.25 7.6612 -21.25
4 16 -14.0395 5.9189 -18.2965 -11.4956 5.8718 -19.9103 -9.85 3.1077 -16.1 -10.35 2.9014 -15.4
3 16 -9.4985 3.1736 -16.4515 -9.85 3.1077 -16.1 -11.4956 5.8718 -19.9103
3 16 -10.9584 2.5 -14.2812 -10.4 2.7231 -15.05 -10.1624 2.5 -14.8124
4 16 -10.4 2.7231 -15.05 -10.9584 2.5 -14.2812 -14.0395 5.9189 -18.2965 -10.35 2.9014 -15.4
4 16 -17.8117 7.3571 -17.8117 -19.0917 8.58 -19.0917 -16.4376 8.58 -21.4218 -16.65 7.5445 -19.2
3 16 -16.65 7.5445 -19.2 -16.4376 8.58 -21.4218 -15.4918 7.5305 -20.1893
3 16 -16.3622 5.9723 -16.3622 -15.9 5.9886 -16.8 -12.7278 2.5 -12.7278
4 16 -12.7278 2.5 -12.7278 -15.9 5.9886 -16.8 -14.0395 5.9189 -18.2965 -10.9584 2.5 -14.2812
4 16 -19.5322 6.9711 -14.9877 -21.4218 8.58 -16.4376 -19.0917 8.58 -19.0917 -18.7 7.3348 -16.75
3 16 -18.7 7.3348 -16.75 -19.0917 8.58 -19.0917 -17.8117 7.3571 -17.8117
3 16 -18.4743 6.0703 -14.1759 -17.8 6.0953 -15 -15.8774 3.8591 -12.1832
4 16 -15.8774 3.8591 -12.1832 -17.8 6.0953 -15 -16.3622 5.9723 -16.3622 -15.15 3.5636 -12.35
4 16 -15.15 3.5636 -12.35 -16.3622 5.9723 -16.3622 -12.7278 2.5 -12.7278 -14.75 3.3154 -12.25
3 16 -14.75 3.3154 -12.25 -12.7278 2.5 -12.7278 -14.6 3.1051 -11.95
3 16 -14.7334 2.885 -11.3054 -14.65 2.9295 -11.5 -14.2812 2.5 -10.9584
4 16 -14.6 3.1051 -11.95 -12.7278 2.5 -12.7278 -14.2812 2.5 -10.9584 -14.65 2.9295 -11.5
4 16 -19.55 6.3845 -13.4 -23.382 8.58 -13.5 -21.4218 8.58 -16.4376 -19.75 6.6474 -13.8
3 16 -19.75 6.6474 -13.8 -21.4218 8.58 -16.4376 -19.5322 6.9711 -14.9877
4 16 -19.55 6.3845 -13.4 -19.2 6.1874 -13.4 -17.65 4.3188 -10.75 -17.895 4.2997 -10.332
4 16 -19.2 6.1874 -13.4 -18.7 6.0937 -13.9 -16.75 4.1501 -11.65 -17.65 4.3188 -10.75
4 16 -18.7 6.0937 -13.9 -18.4743 6.0703 -14.1759 -15.8774 3.8591 -12.1832 -16.75 4.1501 -11.65
3 16 -23.382 8.58 -13.5 -19.55 6.3845 -13.4 -17.895 4.2997 -10.332
4 16 -15.6722 2.5657 -9.0486 -15.1 2.7701 -10.45 -14.2812 2.5 -10.9584 -15.588 2.5 -9
3 16 -14.2812 2.5 -10.9584 -15.1 2.7701 -10.45 -14.7334 2.885 -11.3054
3 16 -16.4283 2.5 -7.2977 -15.6722 2.5657 -9.0486 -15.588 2.5 -9
4 16 -22.25 6.7092 -9.55 -18.5 4.3577 -9.3 -19.0692 4.2834 -7.8989 -22.25 6.6092 -9.2164
4 16 -23.382 8.58 -13.5 -18.5 4.3577 -9.3 -22.25 6.7092 -9.55 -22.45 6.8905 -9.75
3 16 -23 7.1576 -9.527 -24.9453 8.58 -10.3329 -22.75 7.0576 -9.7
4 16 -24.9453 8.58 -10.3329 -23.382 8.58 -13.5 -22.45 6.8905 -9.75 -22.75 7.0576 -9.7
3 16 -18.5 4.3577 -9.3 -23.382 8.58 -13.5 -17.895 4.2997 -10.332
4 16 -24.8765 7.7388 -6.6653 -26.0793 8.58 -6.9876 -24.9453 8.58 -10.3329 -24.35 7.6587 -7.85
3 16 -24.35 7.6587 -7.85 -24.9453 8.58 -10.3329 -23.4 7.3538 -9.25
3 16 -23.4 7.3538 -9.25 -24.9453 8.58 -10.3329 -23 7.1576 -9.527
4 16 -22.807 6.2913 -6.1108 -22.45 6.4839 -8.05 -19.55 4.2333 -6.25 -19.5976 4.0467 -5.2509
4 16 -22.45 6.4839 -8.05 -22.25 6.6092 -9.2164 -19.0692 4.2834 -7.8989 -19.55 4.2333 -6.25
3 16 -17.3862 2.5 -4.6584 -17.7288 2.7396 -4.7502 -17.35 2.6271 -5.35
3 16 -17.3862 2.5 -4.6584 -17.35 2.6271 -5.35 -16.6302 2.5 -6.8886
4 16 -25.8775 7.9733 -3.4063 -26.7678 8.58 -3.5235 -26.0793 8.58 -6.9876 -25.7 7.9866 -4.4
3 16 -25.7 7.9866 -4.4 -26.0793 8.58 -6.9876 -24.8765 7.7388 -6.6653
4 16 -23.2835 6.2058 -3.0649 -23.2 6.2605 -3.9 -19.55 3.8896 -4.3 -19.25 3.6178 -3.75
4 16 -23.2 6.2605 -3.9 -22.807 6.2913 -6.1108 -19.5976 4.0467 -5.2509 -19.55 3.8896 -4.3
4 16 -19.25 3.6178 -3.75 -18.85 3.3389 -3.65 -17.8452 2.5 -2.349 -23.2835 6.2058 -3.0649
3 16 -18.85 3.3389 -3.65 -18.5 3.1329 -3.85 -17.8452 2.5 -2.349
4 16 -17.3862 2.5 -4.6584 -17.8452 2.5 -2.349 -18.5 3.1329 -3.85 -17.95 2.8403 -4.4
3 16 -17.95 2.8403 -4.4 -17.7288 2.7396 -4.7502 -17.3862 2.5 -4.6584
3 16 -27 8.58 0 -26.05 7.9872 -1.1 -25.9889 7.897 0
4 16 -27 8.58 0 -26.7678 8.58 -3.5235 -25.8775 7.9733 -3.4063 -26.05 7.9872 -1.1
4 16 -23.4487 6.1809 0 -23.4 6.2326 -1.9 -19.6 3.6254 -1 -19.9214 3.798 0
4 16 -23.4 6.2326 -1.9 -23.2835 6.2058 -3.0649 -19.2 3.3841 -1.65 -19.6 3.6254 -1
3 16 -17.9147 2.5 -1.2941 -18.05 2.6095 -1.7 -17.8452 2.5 -2.349
3 16 -18.05 2.6095 -1.7 -18.35 2.8233 -1.95 -17.8452 2.5 -2.349
4 16 -18.35 2.8233 -1.95 -18.85 3.161 -1.95 -23.2835 6.2058 -3.0649 -17.8452 2.5 -2.349
3 16 -18.85 3.161 -1.95 -19.2 3.3841 -1.65 -23.2835 6.2058 -3.0649
3 16 -16.6302 2.5 -6.8886 -16.4283 2.5 -7.2977 -11.0868 .61 -4.5924
4 16 -15.588 2.5 -9 -10.392 .61 -6 -11.0868 .61 -4.5924 -16.4283 2.5 -7.2977

0 BFC NOCLIP

3 15 -17.8452 2.5 2.349 -17.5045 2.3918 2.3041 -17.5154 2.5 4.0086
4 15 12.7682 .852 0 15.7 1.7755 0 15.7 1.8184 2.0666 12.7777 .8899 1.682
4 15 12.6374 .9513 3.386 12.7777 .8899 1.682 15.7 1.8184 2.0666 15.3779 1.8451 4.1203
4 15 15.3779 1.8451 4.1203 14.5065 1.7759 6.0089 12.3727 1.0484 5.125 12.6374 .9513 3.386
4 15 12.05 1.1632 6.6 13.7 1.7001 7.1 13.1074 1.5977 7.5678 11.9602 1.1804 6.9054
4 15 14.5065 1.7759 6.0089 13.7 1.7001 7.1 12.05 1.1632 6.6 12.3727 1.0484 5.125
4 15 12.75 1.5533 7.85 12.25 1.4571 8.05 11.85 1.3258 7.9 11.8 1.2338 7.45
4 15 13.1074 1.5977 7.5678 12.75 1.5533 7.85 11.8 1.2338 7.45 11.9602 1.1804 6.9054
3 15 2.35 2.2074 16.9 2.3057 2.3955 17.5164 2.2018 2.1447 16.7271
4 15 2.05 2.0858 16.55 2.0745 2.5 17.8633 0 2.5 18 0 1.9173 16.15
3 15 0 1.9173 16.15 1.45 2.0104 16.35 2.05 2.0858 16.55
4 15 2.0745 2.5 17.8633 2.05 2.0858 16.55 2.2018 2.1447 16.7271 2.3057 2.3955 17.5164
4 15 -2.349 2.5 17.8452 -2.1208 1.9491 16.1114 0 1.9173 16.15 0 2.5 18
4 15 -4.3138 2.0806 16.1 -2.75 1.9843 16.1 -2.349 2.5 17.8452 -4.6584 2.5 17.3862
3 15 -2.75 1.9843 16.1 -2.1208 1.9491 16.1114 -2.349 2.5 17.8452
3 15 -6.4624 2.5 16.7747 -6.05 2.3163 16.3 -4.6584 2.5 17.3862
4 15 -6.05 2.3163 16.3 -5.1 2.1602 16.1 -4.3138 2.0806 16.1 -4.6584 2.5 17.3862
4 15 -17.6417 2.3871 0 -17.5045 2.3918 2.3041 -17.8452 2.5 2.349 -18 2.5 0
4 15 -17.8 2.4567 -.95 -17.6417 2.3871 0 -18 2.5 0 -17.9147 2.5 -1.2941
4 15 -10.5642 1.0243 -8.1062 -12.6 1.5314 -7.95 -12.55 1.6935 -8.95 -12.3633 1.7385 -9.4867
4 15 -12.6 1.5314 -7.95 -10.5642 1.0243 -8.1062 -11.35 1.1069 -7.4 -12.4 1.3738 -7.35
3 15 -11.95 1.2294 -7.2 -12.4 1.3738 -7.35 -11.35 1.1069 -7.4
4 15 -12.3633 1.7385 -9.4867 -12.15 1.8157 -10.1 -11.4346 1.9239 -11.4346 -10.5642 1.0243 -8.1062
3 15 -11.4346 1.9239 -11.4346 -9.4231 1.0278 -9.4231 -10.5642 1.0243 -8.1062
4 15 -9.4231 1.0278 -9.4231 -11.4346 1.9239 -11.4346 -9.9992 2.0037 -13.0311 -8.2493 1.0983 -10.7507
4 15 -8.2508 2.028 -14.2904 -6.9485 1.2076 -12.0348 -8.2493 1.0983 -10.7507 -9.9992 2.0037 -13.0311
3 15 -8.2508 2.028 -14.2904 -6.15 1.3126 -12.8 -6.9485 1.2076 -12.0348
4 15 -5.6037 1.4424 -13.5283 -6.15 1.3126 -12.8 -8.2508 2.028 -14.2904 -7 1.9692 -14.7
3 15 -7 1.9692 -14.7 -6.0688 1.8252 -14.651 -5.6037 1.4424 -13.5283
4 15 -5.7 1.7277 -14.45 -5.5 1.6028 -14.1 -5.6037 1.4424 -13.5283 -6.0688 1.8252 -14.651
4 15 1.1 1.3573 -14.3 1 1.497 -14.75 1.25 1.707 -15.4 1.8 1.8444 -15.8
4 15 1.8117 1.2031 -13.7633 1.1 1.3573 -14.3 1.8 1.8444 -15.8 2.0842 1.8608 -15.8334
4 15 2.0842 1.8608 -15.8334 2.65 1.9162 -15.9 4.1994 1.9413 -15.673 1.8117 1.2031 -13.7633
3 15 3.4299 1.0047 -12.8011 1.8117 1.2031 -13.7633 4.1994 1.9413 -15.673
4 15 4.9324 .8899 -11.9077 3.4299 1.0047 -12.8011 4.1994 1.9413 -15.673 6.2157 1.9462 -15.0058
3 15 6.2157 1.9462 -15.0058 5.45 .8751 -11.6 4.9324 .8899 -11.9077
4 15 7.966 1.8486 -13.7972 5.7 .8393 -11.35 5.45 .8751 -11.6 6.2157 1.9462 -15.0058
3 15 5.7 .8393 -11.35 7.966 1.8486 -13.7972 6.1518 .7056 -10.6549
4 15 6.1518 .7056 -10.6549 7.966 1.8486 -13.7972 7.3056 .61 -9.5208 6.35 .6603 -10.35
3 15 7.3056 .61 -9.5208 7.966 1.8486 -13.7972 9.4323 1.7104 -12.2923
3 15 8.45 .6655 -8.75 7.3056 .61 -9.5208 9.4323 1.7104 -12.2923
4 15 8.6587 .6873 -8.6587 8.45 .6655 -8.75 9.4323 1.7104 -12.2923 10.6577 1.5778 -10.6577
3 15 10.6577 1.5778 -10.6577 9.25 .7737 -8.4 8.6587 .6873 -8.6587
4 15 10 .9308 -8.3 9.25 .7737 -8.4 10.6577 1.5778 -10.6577 11.15 1.4223 -9.35
4 15 10.55 1.0717 -8.35 10 .9308 -8.3 11.15 1.4223 -9.35 11.05 1.284 -8.8
4 15 12.55 .9773 -3.9 14.5 1.5755 -4.05 14.5668 1.5805 -3.903 12.5765 .9315 -3.3697
4 15 14.5 1.5755 -4.05 12.55 .9773 -3.9 12.75 1.0877 -4.4 13.25 1.2727 -4.75
3 15 14.5 1.5755 -4.05 13.25 1.2727 -4.75 13.95 1.4668 -4.6
3 15 12.6 .9098 -2.9 15.3233 1.6987 -2.017 12.6879 .8614 -1.6701
4 15 14.5668 1.5805 -3.903 15.3233 1.6987 -2.017 12.6 .9098 -2.9 12.5765 .9315 -3.3697
4 15 15.3233 1.6987 -2.017 15.7 1.7755 0 12.7682 .852 0 12.6879 .8614 -1.6701
3 15 21.2214 4.6762 0 19 3.2446 1.55 18.8333 3.0629 0
4 15 19 3.2446 1.55 21.2214 4.6762 0 20.55 4.2895 1.5 19.25 3.4357 2.05
4 15 19.25 3.4357 2.05 20.55 4.2895 1.5 20 3.9446 2.1 19.6 3.6811 2.25
4 15 1.05 2.9859 18.65 0 3.2093 19.05 0 2.5 18 2.0745 2.5 17.8633
3 15 2.0745 2.5 17.8633 1.95 2.6206 18.05 1.05 2.9859 18.65
3 15 -2.349 2.5 17.8452 -1.3 3.4023 19.25 -2.5277 3.4251 19.2028
4 15 0 3.2093 19.05 -1.3 3.4023 19.25 -2.349 2.5 17.8452 0 2.5 18
3 15 -4.6584 2.5 17.3862 -4.5 3.4511 18.85 -4.9932 3.3738 18.6356
4 15 -2.349 2.5 17.8452 -2.5277 3.4251 19.2028 -4.5 3.4511 18.85 -4.6584 2.5 17.3862
4 15 -4.6584 2.5 17.3862 -6.25 3.1754 17.9 -6.55 2.8559 17.3 -6.4624 2.5 16.7747
4 15 -4.9932 3.3738 18.6356 -5.65 3.3335 18.35 -6.25 3.1754 17.9 -4.6584 2.5 17.3862
3 15 -17 2.9377 7.6 -19.0925 4.3004 7.9085 -17.0489 2.8061 7.062
4 15 -19.0925 4.3004 7.9085 -17 2.9377 7.6 -17.1 3.2081 8.3 -18.35 4.0569 8.6
4 15 -17.85 3.8133 8.8 -18.35 4.0569 8.6 -17.1 3.2081 8.3 -17.4 3.5101 8.7
3 15 -17.3 2.6277 5.5 -20.3184 4.5508 5.4441 -17.3858 2.4998 4.6583
4 15 -19.85 4.5343 6.75 -20.3184 4.5508 5.4441 -17.3 2.6277 5.5 -17.1 2.7168 6.5
4 15 -19.0925 4.3004 7.9085 -19.85 4.5343 6.75 -17.1 2.7168 6.5 -17.0489 2.8061 7.062
4 15 -17.3858 2.4998 4.6583 -20.3184 4.5508 5.4441 -20.5 4.5336 4.4 -17.5154 2.5 4.0086
4 15 -17.5154 2.5 4.0086 -20.5 4.5336 4.4 -20.4979 4.3076 2.6982 -17.8452 2.5 2.349
4 15 -17.8452 2.5 2.349 -20.4979 4.3076 2.6982 -20.4 4.2037 1.85 -19.9214 3.798 0
3 15 -18 2.5 0 -17.8452 2.5 2.349 -19.9214 3.798 0
3 15 -18 2.5 0 -19.9214 3.798 0 -19.6 3.6254 -1
4 15 -19.6 3.6254 -1 -19.2 3.3841 -1.65 -17.9147 2.5 -1.2941 -18 2.5 0
4 15 -18.05 2.6095 -1.7 -17.9147 2.5 -1.2941 -19.2 3.3841 -1.65 -18.85 3.161 -1.95
3 15 -18.05 2.6095 -1.7 -18.85 3.161 -1.95 -18.35 2.8233 -1.95
4 15 19.4299 4.5471 -8.0483 17.8 3.3554 -7.3732 18.05 3.7399 -8.15 19 4.3916 -8.4
3 15 18.05 3.7399 -8.15 18.45 4.0577 -8.4 19 4.3916 -8.4
4 15 20.8067 4.8923 -5.5749 18.0784 2.9841 -4.8439 17.8 3.2091 -6.7 20.2 4.7913 -6.9
4 15 17.8 3.3554 -7.3732 19.4299 4.5471 -8.0483 20.2 4.7913 -6.9 17.8 3.2091 -6.7
3 15 18.5053 2.9498 -2.4359 18.0784 2.9841 -4.8439 20.8067 4.8923 -5.5749
4 15 21.4103 4.9293 -2.8183 18.5053 2.9498 -2.4359 20.8067 4.8923 -5.5749 21.25 4.9656 -3.9
4 15 18.5053 2.9498 -2.4359 21.4103 4.9293 -2.8183 21.4 4.8414 -1 21.2214 4.6762 0
3 15 18.5053 2.9498 -2.4359 21.2214 4.6762 0 18.8333 3.0629 0

5 24 12 .61 0 18 2.5 0 11.8968 .61 -1.566 11.8968 .61 1.566
5 24 11.8968 .61 1.566 17.8452 2.5 2.349 12 .61 0 11.5908 .61 3.1056
5 24 11.5908 .61 3.1056 17.3862 2.5 4.6584 11.8968 .61 1.566 11.0868 .61 4.5924
5 24 11.0868 .61 4.5924 16.6302 2.5 6.8886 11.5908 .61 3.1056 10.392 .61 6
5 24 10.392 .61 6 15.588 2.5 9 11.0868 .61 4.5924 9.5208 .61 7.3056
5 24 9.5208 .61 7.3056 14.2812 2.5 10.9584 10.392 .61 6 8.4852 .61 8.4852
5 24 8.4852 .61 8.4852 12.7278 2.5 12.7278 9.5208 .61 7.3056 7.3056 .61 9.5208
5 24 7.3056 .61 9.5208 10.9584 2.5 14.2812 8.4852 .61 8.4852 6 .61 10.392
5 24 6 .61 10.392 9 2.5 15.588 7.3056 .61 9.5208 4.5924 .61 11.0868
5 24 4.5924 .61 11.0868 6.8886 2.5 16.6302 6 .61 10.392 3.1056 .61 11.5908
5 24 3.1056 .61 11.5908 4.6584 2.5 17.3862 4.5924 .61 11.0868 1.566 .61 11.8968
5 24 1.566 .61 11.8968 2.349 2.5 17.8452 3.1056 .61 11.5908 0 .61 12
5 24 0 .61 12 0 2.5 18 1.566 .61 11.8968 -1.566 .61 11.8968
5 24 -1.566 .61 11.8968 -2.349 2.5 17.8452 0 .61 12 -3.1056 .61 11.5908
5 24 -3.1056 .61 11.5908 -4.6584 2.5 17.3862 -1.566 .61 11.8968 -4.5924 .61 11.0868
5 24 -4.5924 .61 11.0868 -6.8886 2.5 16.6302 -3.1056 .61 11.5908 -6 .61 10.392
5 24 -6 .61 10.392 -9 2.5 15.588 -4.5924 .61 11.0868 -7.3056 .61 9.5208
5 24 -7.3056 .61 9.5208 -10.9584 2.5 14.2812 -6 .61 10.392 -8.4852 .61 8.4852
5 24 -8.4852 .61 8.4852 -12.7278 2.5 12.7278 -7.3056 .61 9.5208 -9.5208 .61 7.3056
5 24 -9.5208 .61 7.3056 -14.2812 2.5 10.9584 -8.4852 .61 8.4852 -10.392 .61 6
5 24 -10.392 .61 6 -15.588 2.5 9 -9.5208 .61 7.3056 -11.0868 .61 4.5924
5 24 -11.0868 .61 4.5924 -16.6302 2.5 6.8886 -10.392 .61 6 -11.5908 .61 3.1056
5 24 -11.5908 .61 3.1056 -17.3862 2.5 4.6584 -11.0868 .61 4.5924 -11.8968 .61 1.566
5 24 -11.8968 .61 1.566 -17.8452 2.5 2.349 -11.5908 .61 3.1056 -12 .61 0
5 24 -12 .61 0 -18 2.5 0 -11.8968 .61 1.566 -11.8968 .61 -1.566
5 24 -11.8968 .61 -1.566 -17.8452 2.5 -2.349 -12 .61 0 -11.5908 .61 -3.1056
5 24 -11.5908 .61 -3.1056 -17.3862 2.5 -4.6584 -11.8968 .61 -1.566 -11.0868 .61 -4.5924
5 24 -11.0868 .61 -4.5924 -16.6302 2.5 -6.8886 -11.5908 .61 -3.1056 -10.392 .61 -6
5 24 -10.392 .61 -6 -15.588 2.5 -9 -11.0868 .61 -4.5924 -9.5208 .61 -7.3056
5 24 -9.5208 .61 -7.3056 -14.2812 2.5 -10.9584 -10.392 .61 -6 -8.4852 .61 -8.4852
5 24 -8.4852 .61 -8.4852 -12.7278 2.5 -12.7278 -9.5208 .61 -7.3056 -7.3056 .61 -9.5208
5 24 -7.3056 .61 -9.5208 -10.9584 2.5 -14.2812 -8.4852 .61 -8.4852 -6 .61 -10.392
5 24 -6 .61 -10.392 -9 2.5 -15.588 -7.3056 .61 -9.5208 -4.5924 .61 -11.0868
5 24 -4.5924 .61 -11.0868 -6.8886 2.5 -16.6302 -6 .61 -10.392 -3.1056 .61 -11.5908
5 24 -3.1056 .61 -11.5908 -4.6584 2.5 -17.3862 -4.5924 .61 -11.0868 -1.566 .61 -11.8968
5 24 -1.566 .61 -11.8968 -2.349 2.5 -17.8452 -3.1056 .61 -11.5908 0 .61 -12
5 24 0 .61 -12 0 2.5 -18 -1.566 .61 -11.8968 1.566 .61 -11.8968
5 24 1.566 .61 -11.8968 2.349 2.5 -17.8452 0 .61 -12 3.1056 .61 -11.5908
5 24 3.1056 .61 -11.5908 4.6584 2.5 -17.3862 1.566 .61 -11.8968 4.5924 .61 -11.0868
5 24 4.5924 .61 -11.0868 6.8886 2.5 -16.6302 3.1056 .61 -11.5908 6 .61 -10.392
5 24 6 .61 -10.392 9 2.5 -15.588 4.5924 .61 -11.0868 7.3056 .61 -9.5208
5 24 7.3056 .61 -9.5208 10.9584 2.5 -14.2812 6 .61 -10.392 8.4852 .61 -8.4852
5 24 8.4852 .61 -8.4852 12.7278 2.5 -12.7278 7.3056 .61 -9.5208 9.5208 .61 -7.3056
5 24 9.5208 .61 -7.3056 14.2812 2.5 -10.9584 8.4852 .61 -8.4852 10.392 .61 -6
5 24 10.392 .61 -6 15.588 2.5 -9 9.5208 .61 -7.3056 11.0868 .61 -4.5924
5 24 11.0868 .61 -4.5924 16.6302 2.5 -6.8886 10.392 .61 -6 11.5908 .61 -3.1056
5 24 11.5908 .61 -3.1056 17.3862 2.5 -4.6584 11.0868 .61 -4.5924 11.8968 .61 -1.566
5 24 11.8968 .61 -1.566 17.8452 2.5 -2.349 11.5908 .61 -3.1056 12 .61 0
5 24 18 2.5 0 27 8.58 0 17.8452 2.5 -2.349 17.8452 2.5 2.349
5 24 17.8452 2.5 2.349 26.7678 8.58 3.5235 18 2.5 0 17.3862 2.5 4.6584
5 24 17.3862 2.5 4.6584 26.0793 8.58 6.9876 17.8452 2.5 2.349 16.6302 2.5 6.8886
5 24 16.6302 2.5 6.8886 24.9453 8.58 10.3329 17.3862 2.5 4.6584 15.588 2.5 9
5 24 15.588 2.5 9 23.382 8.58 13.5 16.6302 2.5 6.8886 14.2812 2.5 10.9584
5 24 14.2812 2.5 10.9584 21.4218 8.58 16.4376 15.588 2.5 9 12.7278 2.5 12.7278
5 24 12.7278 2.5 12.7278 19.0917 8.58 19.0917 14.2812 2.5 10.9584 10.9584 2.5 14.2812
5 24 10.9584 2.5 14.2812 16.4376 8.58 21.4218 12.7278 2.5 12.7278 9 2.5 15.588
5 24 9 2.5 15.588 13.5 8.58 23.382 10.9584 2.5 14.2812 6.8886 2.5 16.6302
5 24 6.8886 2.5 16.6302 10.3329 8.58 24.9453 9 2.5 15.588 4.6584 2.5 17.3862
5 24 4.6584 2.5 17.3862 6.9876 8.58 26.0793 6.8886 2.5 16.6302 2.349 2.5 17.8452
5 24 2.349 2.5 17.8452 3.5235 8.58 26.7678 4.6584 2.5 17.3862 0 2.5 18
5 24 0 2.5 18 0 8.58 27 2.349 2.5 17.8452 -2.349 2.5 17.8452
5 24 -2.349 2.5 17.8452 -3.5235 8.58 26.7678 0 2.5 18 -4.6584 2.5 17.3862
5 24 -4.6584 2.5 17.3862 -6.9876 8.58 26.0793 -2.349 2.5 17.8452 -6.8886 2.5 16.6302
5 24 -6.8886 2.5 16.6302 -10.3329 8.58 24.9453 -4.6584 2.5 17.3862 -9 2.5 15.588
5 24 -9 2.5 15.588 -13.5 8.58 23.382 -6.8886 2.5 16.6302 -10.9584 2.5 14.2812
5 24 -10.9584 2.5 14.2812 -16.4376 8.58 21.4218 -9 2.5 15.588 -12.7278 2.5 12.7278
5 24 -12.7278 2.5 12.7278 -19.0917 8.58 19.0917 -10.9584 2.5 14.2812 -14.2812 2.5 10.9584
5 24 -14.2812 2.5 10.9584 -21.4218 8.58 16.4376 -12.7278 2.5 12.7278 -15.588 2.5 9
5 24 -15.588 2.5 9 -23.382 8.58 13.5 -14.2812 2.5 10.9584 -16.6302 2.5 6.8886
5 24 -16.6302 2.5 6.8886 -24.9453 8.58 10.3329 -15.588 2.5 9 -17.3862 2.5 4.6584
5 24 -17.3862 2.5 4.6584 -26.0793 8.58 6.9876 -16.6302 2.5 6.8886 -17.8452 2.5 2.349
5 24 -17.8452 2.5 2.349 -26.7678 8.58 3.5235 -17.3862 2.5 4.6584 -18 2.5 0
5 24 -18 2.5 0 -27 8.58 0 -17.8452 2.5 2.349 -17.8452 2.5 -2.349
5 24 -17.8452 2.5 -2.349 -26.7678 8.58 -3.5235 -18 2.5 0 -17.3862 2.5 -4.6584
5 24 -17.3862 2.5 -4.6584 -26.0793 8.58 -6.9876 -17.8452 2.5 -2.349 -16.6302 2.5 -6.8886
5 24 -16.6302 2.5 -6.8886 -24.9453 8.58 -10.3329 -17.3862 2.5 -4.6584 -15.588 2.5 -9
5 24 -15.588 2.5 -9 -23.382 8.58 -13.5 -16.6302 2.5 -6.8886 -14.2812 2.5 -10.9584
5 24 -14.2812 2.5 -10.9584 -21.4218 8.58 -16.4376 -15.588 2.5 -9 -12.7278 2.5 -12.7278
5 24 -12.7278 2.5 -12.7278 -19.0917 8.58 -19.0917 -14.2812 2.5 -10.9584 -10.9584 2.5 -14.2812
5 24 -10.9584 2.5 -14.2812 -16.4376 8.58 -21.4218 -12.7278 2.5 -12.7278 -9 2.5 -15.588
5 24 -9 2.5 -15.588 -13.5 8.58 -23.382 -10.9584 2.5 -14.2812 -6.8886 2.5 -16.6302
5 24 -6.8886 2.5 -16.6302 -10.3329 8.58 -24.9453 -9 2.5 -15.588 -4.6584 2.5 -17.3862
5 24 -4.6584 2.5 -17.3862 -6.9876 8.58 -26.0793 -6.8886 2.5 -16.6302 -2.349 2.5 -17.8452
5 24 -2.349 2.5 -17.8452 -3.5235 8.58 -26.7678 -4.6584 2.5 -17.3862 0 2.5 -18
5 24 0 2.5 -18 0 8.58 -27 -2.349 2.5 -17.8452 2.349 2.5 -17.8452
5 24 2.349 2.5 -17.8452 3.5235 8.58 -26.7678 0 2.5 -18 4.6584 2.5 -17.3862
5 24 4.6584 2.5 -17.3862 6.9876 8.58 -26.0793 2.349 2.5 -17.8452 6.8886 2.5 -16.6302
5 24 6.8886 2.5 -16.6302 10.3329 8.58 -24.9453 4.6584 2.5 -17.3862 9 2.5 -15.588
5 24 9 2.5 -15.588 13.5 8.58 -23.382 6.8886 2.5 -16.6302 10.9584 2.5 -14.2812
5 24 10.9584 2.5 -14.2812 16.4376 8.58 -21.4218 9 2.5 -15.588 12.7278 2.5 -12.7278
5 24 12.7278 2.5 -12.7278 19.0917 8.58 -19.0917 10.9584 2.5 -14.2812 14.2812 2.5 -10.9584
5 24 14.2812 2.5 -10.9584 21.4218 8.58 -16.4376 12.7278 2.5 -12.7278 15.588 2.5 -9
5 24 15.588 2.5 -9 23.382 8.58 -13.5 14.2812 2.5 -10.9584 16.6302 2.5 -6.8886
5 24 16.6302 2.5 -6.8886 24.9453 8.58 -10.3329 15.588 2.5 -9 17.3862 2.5 -4.6584
5 24 17.3862 2.5 -4.6584 26.0793 8.58 -6.9876 16.6302 2.5 -6.8886 17.8452 2.5 -2.349
5 24 17.8452 2.5 -2.349 26.7678 8.58 -3.5235 17.3862 2.5 -4.6584 18 2.5 0
5 24 27 8.58 0 30 12 0 26.7678 8.58 -3.5235 26.7678 8.58 3.5235
5 24 26.7678 8.58 3.5235 29.742 12 3.915 27 8.58 0 26.0793 8.58 6.9876
5 24 26.0793 8.58 6.9876 28.977 12 7.764 26.7678 8.58 3.5235 24.9453 8.58 10.3329
5 24 24.9453 8.58 10.3329 27.717 12 11.481 26.0793 8.58 6.9876 23.382 8.58 13.5
5 24 23.382 8.58 13.5 25.98 12 15 24.9453 8.58 10.3329 21.4218 8.58 16.4376
5 24 21.4218 8.58 16.4376 23.802 12 18.264 23.382 8.58 13.5 19.0917 8.58 19.0917
5 24 19.0917 8.58 19.0917 21.213 12 21.213 21.4218 8.58 16.4376 16.4376 8.58 21.4218
5 24 16.4376 8.58 21.4218 18.264 12 23.802 19.0917 8.58 19.0917 13.5 8.58 23.382
5 24 13.5 8.58 23.382 15 12 25.98 16.4376 8.58 21.4218 10.3329 8.58 24.9453
5 24 10.3329 8.58 24.9453 11.481 12 27.717 13.5 8.58 23.382 6.9876 8.58 26.0793
5 24 6.9876 8.58 26.0793 7.764 12 28.977 10.3329 8.58 24.9453 3.5235 8.58 26.7678
5 24 3.5235 8.58 26.7678 3.915 12 29.742 6.9876 8.58 26.0793 0 8.58 27
5 24 0 8.58 27 0 12 30 3.5235 8.58 26.7678 -3.5235 8.58 26.7678
5 24 -3.5235 8.58 26.7678 -3.915 12 29.742 0 8.58 27 -6.9876 8.58 26.0793
5 24 -6.9876 8.58 26.0793 -7.764 12 28.977 -3.5235 8.58 26.7678 -10.3329 8.58 24.9453
5 24 -10.3329 8.58 24.9453 -11.481 12 27.717 -6.9876 8.58 26.0793 -13.5 8.58 23.382
5 24 -13.5 8.58 23.382 -15 12 25.98 -10.3329 8.58 24.9453 -16.4376 8.58 21.4218
5 24 -16.4376 8.58 21.4218 -18.264 12 23.802 -13.5 8.58 23.382 -19.0917 8.58 19.0917
5 24 -19.0917 8.58 19.0917 -21.213 12 21.213 -16.4376 8.58 21.4218 -21.4218 8.58 16.4376
5 24 -21.4218 8.58 16.4376 -23.802 12 18.264 -19.0917 8.58 19.0917 -23.382 8.58 13.5
5 24 -23.382 8.58 13.5 -25.98 12 15 -21.4218 8.58 16.4376 -24.9453 8.58 10.3329
5 24 -24.9453 8.58 10.3329 -27.717 12 11.481 -23.382 8.58 13.5 -26.0793 8.58 6.9876
5 24 -26.0793 8.58 6.9876 -28.977 12 7.764 -24.9453 8.58 10.3329 -26.7678 8.58 3.5235
5 24 -26.7678 8.58 3.5235 -29.742 12 3.915 -26.0793 8.58 6.9876 -27 8.58 0
5 24 -27 8.58 0 -30 12 0 -26.7678 8.58 3.5235 -26.7678 8.58 -3.5235
5 24 -26.7678 8.58 -3.5235 -29.742 12 -3.915 -27 8.58 0 -26.0793 8.58 -6.9876
5 24 -26.0793 8.58 -6.9876 -28.977 12 -7.764 -26.7678 8.58 -3.5235 -24.9453 8.58 -10.3329
5 24 -24.9453 8.58 -10.3329 -27.717 12 -11.481 -26.0793 8.58 -6.9876 -23.382 8.58 -13.5
5 24 -23.382 8.58 -13.5 -25.98 12 -15 -24.9453 8.58 -10.3329 -21.4218 8.58 -16.4376
5 24 -21.4218 8.58 -16.4376 -23.802 12 -18.264 -23.382 8.58 -13.5 -19.0917 8.58 -19.0917
5 24 -19.0917 8.58 -19.0917 -21.213 12 -21.213 -21.4218 8.58 -16.4376 -16.4376 8.58 -21.4218
5 24 -16.4376 8.58 -21.4218 -18.264 12 -23.802 -19.0917 8.58 -19.0917 -13.5 8.58 -23.382
5 24 -13.5 8.58 -23.382 -15 12 -25.98 -16.4376 8.58 -21.4218 -10.3329 8.58 -24.9453
5 24 -10.3329 8.58 -24.9453 -11.481 12 -27.717 -13.5 8.58 -23.382 -6.9876 8.58 -26.0793
5 24 -6.9876 8.58 -26.0793 -7.764 12 -28.977 -10.3329 8.58 -24.9453 -3.5235 8.58 -26.7678
5 24 -3.5235 8.58 -26.7678 -3.915 12 -29.742 -6.9876 8.58 -26.0793 0 8.58 -27
5 24 0 8.58 -27 0 12 -30 -3.5235 8.58 -26.7678 3.5235 8.58 -26.7678
5 24 3.5235 8.58 -26.7678 3.915 12 -29.742 0 8.58 -27 6.9876 8.58 -26.0793
5 24 6.9876 8.58 -26.0793 7.764 12 -28.977 3.5235 8.58 -26.7678 10.3329 8.58 -24.9453
5 24 10.3329 8.58 -24.9453 11.481 12 -27.717 6.9876 8.58 -26.0793 13.5 8.58 -23.382
5 24 13.5 8.58 -23.382 15 12 -25.98 10.3329 8.58 -24.9453 16.4376 8.58 -21.4218
5 24 16.4376 8.58 -21.4218 18.264 12 -23.802 13.5 8.58 -23.382 19.0917 8.58 -19.0917
5 24 19.0917 8.58 -19.0917 21.213 12 -21.213 16.4376 8.58 -21.4218 21.4218 8.58 -16.4376
5 24 21.4218 8.58 -16.4376 23.802 12 -18.264 19.0917 8.58 -19.0917 23.382 8.58 -13.5
5 24 23.382 8.58 -13.5 25.98 12 -15 21.4218 8.58 -16.4376 24.9453 8.58 -10.3329
5 24 24.9453 8.58 -10.3329 27.717 12 -11.481 23.382 8.58 -13.5 26.0793 8.58 -6.9876
5 24 26.0793 8.58 -6.9876 28.977 12 -7.764 24.9453 8.58 -10.3329 26.7678 8.58 -3.5235
5 24 26.7678 8.58 -3.5235 29.742 12 -3.915 26.0793 8.58 -6.9876 27 8.58 0
5 24 12 .61 0 11.8968 .61 1.566 5.9484 0 .783 17.8452 2.5 2.349
5 24 11.8968 .61 1.566 11.5908 .61 3.1056 17.3862 2.5 4.6584 5.7954 0 1.5528
5 24 11.5908 .61 3.1056 11.0868 .61 4.5924 16.6302 2.5 6.8886 5.5434 0 2.2962
5 24 11.0868 .61 4.5924 10.392 .61 6 5.196 0 3 15.588 2.5 9
5 24 10.392 .61 6 9.5208 .61 7.3056 4.7604 0 3.6528 14.2812 2.5 10.9584
5 24 9.5208 .61 7.3056 8.4852 .61 8.4852 12.7278 2.5 12.7278 4.2426 0 4.2426
5 24 18 2.5 0 17.8452 2.5 2.349 11.8968 .61 1.566 26.7678 8.58 3.5235
5 24 17.8452 2.5 2.349 17.3862 2.5 4.6584 11.5908 .61 3.1056 26.0793 8.58 6.9876
5 24 17.3862 2.5 4.6584 16.6302 2.5 6.8886 24.9453 8.58 10.3329 11.0868 .61 4.5924
5 24 16.6302 2.5 6.8886 15.588 2.5 9 23.382 8.58 13.5 10.392 .61 6
5 24 15.588 2.5 9 14.2812 2.5 10.9584 9.5208 .61 7.3056 21.4218 8.58 16.4376
5 24 14.2812 2.5 10.9584 12.7278 2.5 12.7278 19.0917 8.58 19.0917 8.4852 .61 8.4852
5 24 26.7678 8.58 3.5235 27 8.58 0 17.8452 2.5 2.349 29.742 12 3.915
5 24 26.7678 8.58 3.5235 26.0793 8.58 6.9876 28.977 12 7.764 17.3862 2.5 4.6584
5 24 26.0793 8.58 6.9876 24.9453 8.58 10.3329 27.717 12 11.481 16.6302 2.5 6.8886
5 24 24.9453 8.58 10.3329 23.382 8.58 13.5 25.98 12 15 15.588 2.5 9
5 24 23.382 8.58 13.5 21.4218 8.58 16.4376 23.802 12 18.264 14.2812 2.5 10.9584
5 24 21.4218 8.58 16.4376 19.0917 8.58 19.0917 21.213 12 21.213 12.7278 2.5 12.7278
5 24 0 .61 12 1.566 .61 11.8968 .783 0 5.9484 2.349 2.5 17.8452
5 24 1.566 .61 11.8968 3.1056 .61 11.5908 4.6584 2.5 17.3862 1.5528 0 5.7954
5 24 3.1056 .61 11.5908 4.5924 .61 11.0868 6.8886 2.5 16.6302 2.2962 0 5.5434
5 24 4.5924 .61 11.0868 6 .61 10.392 3 0 5.196 9 2.5 15.588
5 24 6 .61 10.392 7.3056 .61 9.5208 3.6528 0 4.7604 10.9584 2.5 14.2812
5 24 7.3056 .61 9.5208 8.4852 .61 8.4852 12.7278 2.5 12.7278 4.2426 0 4.2426
5 24 0 2.5 18 2.349 2.5 17.8452 1.566 .61 11.8968 3.5235 8.58 26.7678
5 24 2.349 2.5 17.8452 4.6584 2.5 17.3862 3.1056 .61 11.5908 6.9876 8.58 26.0793
5 24 4.6584 2.5 17.3862 6.8886 2.5 16.6302 10.3329 8.58 24.9453 4.5924 .61 11.0868
5 24 6.8886 2.5 16.6302 9 2.5 15.588 13.5 8.58 23.382 6 .61 10.392
5 24 9 2.5 15.588 10.9584 2.5 14.2812 7.3056 .61 9.5208 16.4376 8.58 21.4218
5 24 10.9584 2.5 14.2812 12.7278 2.5 12.7278 19.0917 8.58 19.0917 8.4852 .61 8.4852
5 24 3.5235 8.58 26.7678 0 8.58 27 2.349 2.5 17.8452 3.915 12 29.742
5 24 3.5235 8.58 26.7678 6.9876 8.58 26.0793 7.764 12 28.977 4.6584 2.5 17.3862
5 24 6.9876 8.58 26.0793 10.3329 8.58 24.9453 11.481 12 27.717 6.8886 2.5 16.6302
5 24 10.3329 8.58 24.9453 13.5 8.58 23.382 15 12 25.98 9 2.5 15.588
5 24 13.5 8.58 23.382 16.4376 8.58 21.4218 18.264 12 23.802 10.9584 2.5 14.2812
5 24 16.4376 8.58 21.4218 19.0917 8.58 19.0917 21.213 12 21.213 12.7278 2.5 12.7278
5 24 0 .61 12 -1.566 .61 11.8968 -.783 0 5.9484 -2.349 2.5 17.8452
5 24 -1.566 .61 11.8968 -3.1056 .61 11.5908 -4.6584 2.5 17.3862 -1.5528 0 5.7954
5 24 -3.1056 .61 11.5908 -4.5924 .61 11.0868 -6.8886 2.5 16.6302 -2.2962 0 5.5434
5 24 -4.5924 .61 11.0868 -6 .61 10.392 -3 0 5.196 -9 2.5 15.588
5 24 -6 .61 10.392 -7.3056 .61 9.5208 -3.6528 0 4.7604 -10.9584 2.5 14.2812
5 24 -7.3056 .61 9.5208 -8.4852 .61 8.4852 -12.7278 2.5 12.7278 -4.2426 0 4.2426
5 24 0 2.5 18 -2.349 2.5 17.8452 -1.566 .61 11.8968 -3.5235 8.58 26.7678
5 24 -2.349 2.5 17.8452 -4.6584 2.5 17.3862 -3.1056 .61 11.5908 -6.9876 8.58 26.0793
5 24 -4.6584 2.5 17.3862 -6.8886 2.5 16.6302 -10.3329 8.58 24.9453 -4.5924 .61 11.0868
5 24 -6.8886 2.5 16.6302 -9 2.5 15.588 -13.5 8.58 23.382 -6 .61 10.392
5 24 -9 2.5 15.588 -10.9584 2.5 14.2812 -7.3056 .61 9.5208 -16.4376 8.58 21.4218
5 24 -10.9584 2.5 14.2812 -12.7278 2.5 12.7278 -19.0917 8.58 19.0917 -8.4852 .61 8.4852
5 24 -3.5235 8.58 26.7678 0 8.58 27 -2.349 2.5 17.8452 -3.915 12 29.742
5 24 -3.5235 8.58 26.7678 -6.9876 8.58 26.0793 -7.764 12 28.977 -4.6584 2.5 17.3862
5 24 -6.9876 8.58 26.0793 -10.3329 8.58 24.9453 -11.481 12 27.717 -6.8886 2.5 16.6302
5 24 -10.3329 8.58 24.9453 -13.5 8.58 23.382 -15 12 25.98 -9 2.5 15.588
5 24 -13.5 8.58 23.382 -16.4376 8.58 21.4218 -18.264 12 23.802 -10.9584 2.5 14.2812
5 24 -16.4376 8.58 21.4218 -19.0917 8.58 19.0917 -21.213 12 21.213 -12.7278 2.5 12.7278
5 24 -12 .61 0 -11.8968 .61 1.566 -5.9484 0 .783 -17.8452 2.5 2.349
5 24 -11.8968 .61 1.566 -11.5908 .61 3.1056 -17.3862 2.5 4.6584 -5.7954 0 1.5528
5 24 -11.5908 .61 3.1056 -11.0868 .61 4.5924 -16.6302 2.5 6.8886 -5.5434 0 2.2962
5 24 -11.0868 .61 4.5924 -10.392 .61 6 -5.196 0 3 -15.588 2.5 9
5 24 -10.392 .61 6 -9.5208 .61 7.3056 -4.7604 0 3.6528 -14.2812 2.5 10.9584
5 24 -9.5208 .61 7.3056 -8.4852 .61 8.4852 -12.7278 2.5 12.7278 -4.2426 0 4.2426
5 24 -18 2.5 0 -17.8452 2.5 2.349 -11.8968 .61 1.566 -26.7678 8.58 3.5235
5 24 -17.8452 2.5 2.349 -17.3862 2.5 4.6584 -11.5908 .61 3.1056 -26.0793 8.58 6.9876
5 24 -17.3862 2.5 4.6584 -16.6302 2.5 6.8886 -24.9453 8.58 10.3329 -11.0868 .61 4.5924
5 24 -16.6302 2.5 6.8886 -15.588 2.5 9 -23.382 8.58 13.5 -10.392 .61 6
5 24 -15.588 2.5 9 -14.2812 2.5 10.9584 -9.5208 .61 7.3056 -21.4218 8.58 16.4376
5 24 -14.2812 2.5 10.9584 -12.7278 2.5 12.7278 -19.0917 8.58 19.0917 -8.4852 .61 8.4852
5 24 -26.7678 8.58 3.5235 -27 8.58 0 -17.8452 2.5 2.349 -29.742 12 3.915
5 24 -26.7678 8.58 3.5235 -26.0793 8.58 6.9876 -28.977 12 7.764 -17.3862 2.5 4.6584
5 24 -26.0793 8.58 6.9876 -24.9453 8.58 10.3329 -27.717 12 11.481 -16.6302 2.5 6.8886
5 24 -24.9453 8.58 10.3329 -23.382 8.58 13.5 -25.98 12 15 -15.588 2.5 9
5 24 -23.382 8.58 13.5 -21.4218 8.58 16.4376 -23.802 12 18.264 -14.2812 2.5 10.9584
5 24 -21.4218 8.58 16.4376 -19.0917 8.58 19.0917 -21.213 12 21.213 -12.7278 2.5 12.7278
5 24 -12 .61 0 -11.8968 .61 -1.566 -5.9484 0 -.783 -17.8452 2.5 -2.349
5 24 -11.8968 .61 -1.566 -11.5908 .61 -3.1056 -17.3862 2.5 -4.6584 -5.7954 0 -1.5528
5 24 -11.5908 .61 -3.1056 -11.0868 .61 -4.5924 -16.6302 2.5 -6.8886 -5.5434 0 -2.2962
5 24 -11.0868 .61 -4.5924 -10.392 .61 -6 -5.196 0 -3 -15.588 2.5 -9
5 24 -10.392 .61 -6 -9.5208 .61 -7.3056 -4.7604 0 -3.6528 -14.2812 2.5 -10.9584
5 24 -9.5208 .61 -7.3056 -8.4852 .61 -8.4852 -12.7278 2.5 -12.7278 -4.2426 0 -4.2426
5 24 -18 2.5 0 -17.8452 2.5 -2.349 -11.8968 .61 -1.566 -26.7678 8.58 -3.5235
5 24 -17.8452 2.5 -2.349 -17.3862 2.5 -4.6584 -11.5908 .61 -3.1056 -26.0793 8.58 -6.9876
5 24 -17.3862 2.5 -4.6584 -16.6302 2.5 -6.8886 -24.9453 8.58 -10.3329 -11.0868 .61 -4.5924
5 24 -16.6302 2.5 -6.8886 -15.588 2.5 -9 -23.382 8.58 -13.5 -10.392 .61 -6
5 24 -15.588 2.5 -9 -14.2812 2.5 -10.9584 -9.5208 .61 -7.3056 -21.4218 8.58 -16.4376
5 24 -14.2812 2.5 -10.9584 -12.7278 2.5 -12.7278 -19.0917 8.58 -19.0917 -8.4852 .61 -8.4852
5 24 -26.7678 8.58 -3.5235 -27 8.58 0 -17.8452 2.5 -2.349 -29.742 12 -3.915
5 24 -26.7678 8.58 -3.5235 -26.0793 8.58 -6.9876 -28.977 12 -7.764 -17.3862 2.5 -4.6584
5 24 -26.0793 8.58 -6.9876 -24.9453 8.58 -10.3329 -27.717 12 -11.481 -16.6302 2.5 -6.8886
5 24 -24.9453 8.58 -10.3329 -23.382 8.58 -13.5 -25.98 12 -15 -15.588 2.5 -9
5 24 -23.382 8.58 -13.5 -21.4218 8.58 -16.4376 -23.802 12 -18.264 -14.2812 2.5 -10.9584
5 24 -21.4218 8.58 -16.4376 -19.0917 8.58 -19.0917 -21.213 12 -21.213 -12.7278 2.5 -12.7278
5 24 0 .61 -12 -1.566 .61 -11.8968 -.783 0 -5.9484 -2.349 2.5 -17.8452
5 24 -1.566 .61 -11.8968 -3.1056 .61 -11.5908 -4.6584 2.5 -17.3862 -1.5528 0 -5.7954
5 24 -3.1056 .61 -11.5908 -4.5924 .61 -11.0868 -6.8886 2.5 -16.6302 -2.2962 0 -5.5434
5 24 -4.5924 .61 -11.0868 -6 .61 -10.392 -3 0 -5.196 -9 2.5 -15.588
5 24 -6 .61 -10.392 -7.3056 .61 -9.5208 -3.6528 0 -4.7604 -10.9584 2.5 -14.2812
5 24 -7.3056 .61 -9.5208 -8.4852 .61 -8.4852 -12.7278 2.5 -12.7278 -4.2426 0 -4.2426
5 24 0 2.5 -18 -2.349 2.5 -17.8452 -1.566 .61 -11.8968 -3.5235 8.58 -26.7678
5 24 -2.349 2.5 -17.8452 -4.6584 2.5 -17.3862 -3.1056 .61 -11.5908 -6.9876 8.58 -26.0793
5 24 -4.6584 2.5 -17.3862 -6.8886 2.5 -16.6302 -10.3329 8.58 -24.9453 -4.5924 .61 -11.0868
5 24 -6.8886 2.5 -16.6302 -9 2.5 -15.588 -13.5 8.58 -23.382 -6 .61 -10.392
5 24 -9 2.5 -15.588 -10.9584 2.5 -14.2812 -7.3056 .61 -9.5208 -16.4376 8.58 -21.4218
5 24 -10.9584 2.5 -14.2812 -12.7278 2.5 -12.7278 -19.0917 8.58 -19.0917 -8.4852 .61 -8.4852
5 24 -3.5235 8.58 -26.7678 0 8.58 -27 -2.349 2.5 -17.8452 -3.915 12 -29.742
5 24 -3.5235 8.58 -26.7678 -6.9876 8.58 -26.0793 -7.764 12 -28.977 -4.6584 2.5 -17.3862
5 24 -6.9876 8.58 -26.0793 -10.3329 8.58 -24.9453 -11.481 12 -27.717 -6.8886 2.5 -16.6302
5 24 -10.3329 8.58 -24.9453 -13.5 8.58 -23.382 -15 12 -25.98 -9 2.5 -15.588
5 24 -13.5 8.58 -23.382 -16.4376 8.58 -21.4218 -18.264 12 -23.802 -10.9584 2.5 -14.2812
5 24 -16.4376 8.58 -21.4218 -19.0917 8.58 -19.0917 -21.213 12 -21.213 -12.7278 2.5 -12.7278
5 24 0 .61 -12 1.566 .61 -11.8968 .783 0 -5.9484 2.349 2.5 -17.8452
5 24 1.566 .61 -11.8968 3.1056 .61 -11.5908 4.6584 2.5 -17.3862 1.5528 0 -5.7954
5 24 3.1056 .61 -11.5908 4.5924 .61 -11.0868 6.8886 2.5 -16.6302 2.2962 0 -5.5434
5 24 4.5924 .61 -11.0868 6 .61 -10.392 3 0 -5.196 9 2.5 -15.588
5 24 6 .61 -10.392 7.3056 .61 -9.5208 3.6528 0 -4.7604 10.9584 2.5 -14.2812
5 24 7.3056 .61 -9.5208 8.4852 .61 -8.4852 12.7278 2.5 -12.7278 4.2426 0 -4.2426
5 24 0 2.5 -18 2.349 2.5 -17.8452 1.566 .61 -11.8968 3.5235 8.58 -26.7678
5 24 2.349 2.5 -17.8452 4.6584 2.5 -17.3862 3.1056 .61 -11.5908 6.9876 8.58 -26.0793
5 24 4.6584 2.5 -17.3862 6.8886 2.5 -16.6302 10.3329 8.58 -24.9453 4.5924 .61 -11.0868
5 24 6.8886 2.5 -16.6302 9 2.5 -15.588 13.5 8.58 -23.382 6 .61 -10.392
5 24 9 2.5 -15.588 10.9584 2.5 -14.2812 7.3056 .61 -9.5208 16.4376 8.58 -21.4218
5 24 10.9584 2.5 -14.2812 12.7278 2.5 -12.7278 19.0917 8.58 -19.0917 8.4852 .61 -8.4852
5 24 3.5235 8.58 -26.7678 0 8.58 -27 2.349 2.5 -17.8452 3.915 12 -29.742
5 24 3.5235 8.58 -26.7678 6.9876 8.58 -26.0793 7.764 12 -28.977 4.6584 2.5 -17.3862
5 24 6.9876 8.58 -26.0793 10.3329 8.58 -24.9453 11.481 12 -27.717 6.8886 2.5 -16.6302
5 24 10.3329 8.58 -24.9453 13.5 8.58 -23.382 15 12 -25.98 9 2.5 -15.588
5 24 13.5 8.58 -23.382 16.4376 8.58 -21.4218 18.264 12 -23.802 10.9584 2.5 -14.2812
5 24 16.4376 8.58 -21.4218 19.0917 8.58 -19.0917 21.213 12 -21.213 12.7278 2.5 -12.7278
5 24 12 .61 0 11.8968 .61 -1.566 5.9484 0 -.783 17.8452 2.5 -2.349
5 24 11.8968 .61 -1.566 11.5908 .61 -3.1056 17.3862 2.5 -4.6584 5.7954 0 -1.5528
5 24 11.5908 .61 -3.1056 11.0868 .61 -4.5924 16.6302 2.5 -6.8886 5.5434 0 -2.2962
5 24 11.0868 .61 -4.5924 10.392 .61 -6 5.196 0 -3 15.588 2.5 -9
5 24 10.392 .61 -6 9.5208 .61 -7.3056 4.7604 0 -3.6528 14.2812 2.5 -10.9584
5 24 9.5208 .61 -7.3056 8.4852 .61 -8.4852 12.7278 2.5 -12.7278 4.2426 0 -4.2426
5 24 18 2.5 0 17.8452 2.5 -2.349 11.8968 .61 -1.566 26.7678 8.58 -3.5235
5 24 17.8452 2.5 -2.349 17.3862 2.5 -4.6584 11.5908 .61 -3.1056 26.0793 8.58 -6.9876
5 24 17.3862 2.5 -4.6584 16.6302 2.5 -6.8886 24.9453 8.58 -10.3329 11.0868 .61 -4.5924
5 24 16.6302 2.5 -6.8886 15.588 2.5 -9 23.382 8.58 -13.5 10.392 .61 -6
5 24 15.588 2.5 -9 14.2812 2.5 -10.9584 9.5208 .61 -7.3056 21.4218 8.58 -16.4376
5 24 14.2812 2.5 -10.9584 12.7278 2.5 -12.7278 19.0917 8.58 -19.0917 8.4852 .61 -8.4852
5 24 26.7678 8.58 -3.5235 27 8.58 0 17.8452 2.5 -2.349 29.742 12 -3.915
5 24 26.7678 8.58 -3.5235 26.0793 8.58 -6.9876 28.977 12 -7.764 17.3862 2.5 -4.6584
5 24 26.0793 8.58 -6.9876 24.9453 8.58 -10.3329 27.717 12 -11.481 16.6302 2.5 -6.8886
5 24 24.9453 8.58 -10.3329 23.382 8.58 -13.5 25.98 12 -15 15.588 2.5 -9
5 24 23.382 8.58 -13.5 21.4218 8.58 -16.4376 23.802 12 -18.264 14.2812 2.5 -10.9584
5 24 21.4218 8.58 -16.4376 19.0917 8.58 -19.0917 21.213 12 -21.213 12.7278 2.5 -12.7278
4 226 10.4 2.0916 13.05 10.2428 2.1297 13.3486 9.2528 1.6175 12.0585 9.85 1.7162 11.95
4 226 10.5 1.9701 12.45 10.4 2.0916 13.05 9.85 1.7162 11.95 10.35 1.844 12.05
3 226 9.9 2.2407 14 8.7327 2.3316 15.1251 7.4578 1.5284 12.917
4 226 10.2428 2.1297 13.3486 9.9 2.2407 14 7.4578 1.5284 12.917 9.2528 1.6175 12.0585
3 226 5.7526 1.565 13.8877 6.7 1.5451 13.35 6.7657 2.3989 16.3336
4 226 8.7327 2.3316 15.1251 6.7657 2.3989 16.3336 6.7 1.5451 13.35 7.4578 1.5284 12.917
4 226 4.4505 2.2469 16.6101 4.0284 1.7332 15.0349 4.85 1.6266 14.4 5.7 2.3705 16.6
4 226 5.7 2.3705 16.6 4.85 1.6266 14.4 5.7526 1.565 13.8877 6.7657 2.3989 16.3336
4 226 3.85 2.1604 16.45 3.4 2.0553 16.2 3.35 1.9283 15.8 3.75 1.7827 15.25
4 226 4.4505 2.2469 16.6101 3.85 2.1604 16.45 3.75 1.7827 15.25 4.0284 1.7332 15.0349
4 226 -5.2 1.4678 13.75 -5.65 1.5881 14 -5.8033 1.6067 14.0102 -5.4052 1.279 13.0491
3 226 -5.4052 1.279 13.0491 -5.15 1.3581 13.4 -5.2 1.4678 13.75
3 226 -5.55 1.2429 12.85 -7.9208 1.8201 13.7188 -6.8321 1.1342 11.8332
4 226 -5.8033 1.6067 14.0102 -6.4 1.7014 14.05 -7.9208 1.8201 13.7188 -5.55 1.2429 12.85
3 226 -5.55 1.2429 12.85 -5.4052 1.279 13.0491 -5.8033 1.6067 14.0102
4 226 -7.9208 1.8201 13.7188 -9.8379 1.9203 12.821 -8.2603 1.104 10.765 -6.8321 1.1342 11.8332
4 226 -9.8379 1.9203 12.821 -11.629 2.0105 11.629 -9.6728 1.1391 9.6728 -8.2603 1.104 10.765
4 226 -11.0502 1.2172 8.4792 -9.6728 1.1391 9.6728 -11.629 2.0105 11.629 -13.1273 2.0419 10.0729
3 226 -11.85 1.2995 7.75 -14.3093 2.0349 8.2617 -12.4938 1.3745 7.2135
4 226 -13.1273 2.0419 10.0729 -14.3093 2.0349 8.2617 -11.85 1.2995 7.75 -11.0502 1.2172 8.4792
4 226 -14.05 1.6455 6 -14.85 1.9488 6.55 -14.8036 1.8772 6.132 -14.393 1.7372 5.9619
4 226 -14.7 2.0181 7.35 -14.85 1.9488 6.55 -14.05 1.6455 6 -13.35 1.5172 6.5
4 226 -14.3093 2.0349 8.2617 -14.7 2.0181 7.35 -13.35 1.5172 6.5 -12.4938 1.3745 7.2135
3 226 -9.65 2.3939 -14.75 -10.1624 2.5 -14.8124 -9 2.5 -15.588
3 226 -9 2.5 -15.588 -8.6731 2.294 -15.0217 -9.65 2.3939 -14.75
4 226 -8.6731 2.294 -15.0217 -9 2.5 -15.588 -6.8886 2.5 -16.6302 -6.5662 2.2346 -15.8518
4 226 -4.6584 2.5 -17.3862 -4.4521 2.2489 -16.6163 -6.5662 2.2346 -15.8518 -6.8886 2.5 -16.6302
4 226 -2.349 2.5 -17.8452 -2.2804 2.3344 -17.3239 -4.4521 2.2489 -16.6163 -4.6584 2.5 -17.3862
4 226 0 2.5 -18 0 2.4034 -17.6933 -2.2804 2.3344 -17.3239 -2.349 2.5 -17.8452
4 226 2.349 2.5 -17.8452 2.3334 2.4623 -17.7266 0 2.4034 -17.6933 0 2.5 -18
4 226 3.2743 2.5 -17.6613 3.15 2.4889 -17.65 2.3334 2.4623 -17.7266 2.349 2.5 -17.8452
4 226 7.7782 2.5 -16.1911 9 2.5 -15.588 8.8026 2.3756 -15.2461 8.3 2.4339 -15.7
4 226 10.9584 2.5 -14.2812 9.85 2.3107 -14.3 8.8026 2.3756 -15.2461 9 2.5 -15.588
3 226 9.85 2.3107 -14.3 10.9584 2.5 -14.2812 10.4853 2.2552 -13.6647
4 226 12.7278 2.5 -12.7278 10.95 2.2418 -13.2 10.4853 2.2552 -13.6647 10.9584 2.5 -14.2812
3 226 10.95 2.2418 -13.2 12.7278 2.5 -12.7278 11.9553 2.1559 -11.9553
4 226 13.1201 2.039 -10.0675 11.9553 2.1559 -11.9553 12.7278 2.5 -12.7278 14.2812 2.5 -10.9584
4 226 14.2812 2.5 -10.9584 15.588 2.5 -9 14.1102 1.9625 -8.1468 13.1201 2.039 -10.0675
3 226 15.9165 2.5 -8.3344 14.1102 1.9625 -8.1468 15.588 2.5 -9
4 226 14.75 1.9903 -7.05 14.1102 1.9625 -8.1468 15.9165 2.5 -8.3344 15.8 2.2945 -7.1
4 226 15.15 2.0616 -6.75 14.75 1.9903 -7.05 15.8 2.2945 -7.1 15.5 2.1607 -6.75
4 226 24.55 6.9716 1.05 23.35 6.1743 1.35 23.1118 5.9533 0 24.6477 6.9909 0
4 226 23.35 6.1743 1.35 24.55 6.9716 1.05 24.25 6.7979 1.7 23.6 6.3655 1.85
3 226 23.95 6.6064 1.95 23.6 6.3655 1.85 24.25 6.7979 1.7
3 226 22.55 6.0533 5.6 23.3 6.6361 6.2429 22.1274 5.816 5.9287
4 226 23.3 6.6361 6.2429 22.55 6.0533 5.6 22.85 6.2525 5.6 23.15 6.4715 5.75
3 226 18.541 3.8972 7.6801 16.8947 2.6934 6.9982 17.45 2.8651 6.15
4 226 18.45 3.6041 6.6 18.541 3.8972 7.6801 17.45 2.8651 6.15 18.2 3.346 6.15
3 226 18.2 3.346 6.15 17.45 2.8651 6.15 17.8 3.0569 6
3 226 21.3 5.5401 7.1 22.6886 6.9299 9.3981 20.5252 5.348 8.502
4 226 23.2 6.867 7.6 22.6886 6.9299 9.3981 21.3 5.5401 7.1 23.3 6.7681 6.85
4 226 23.3 6.6361 6.2429 23.3 6.7681 6.85 21.3 5.5401 7.1 22.1274 5.816 5.9287
3 226 16.15 2.6614 8.4 17.8612 4.2733 10.3125 15.7441 2.6218 9.0901
4 226 18.5 4.118 8.5 17.8612 4.2733 10.3125 16.15 2.6614 8.4 18.541 3.8972 7.6801
3 226 16.15 2.6614 8.4 16.8947 2.6934 6.9982 18.541 3.8972 7.6801
4 226 20.25 5.3302 9 22.1 7.0076 10.85 21.3004 6.9565 12.2992 19.0838 5.227 11.0184
4 226 22.6886 6.9299 9.3981 22.1 7.0076 10.85 20.25 5.3302 9 20.5252 5.348 8.502
4 226 15.15 2.6667 10.1 17.2 4.3848 11.6 16.5054 4.3938 12.6651 14.415 2.6139 11.0611
4 226 17.8612 4.2733 10.3125 17.2 4.3848 11.6 15.15 2.6667 10.1 15.7441 2.6218 9.0901
4 226 17.9 5.3426 13.1 20.2 6.8821 13.75 19.1836 6.6743 14.7202 17.7083 5.4181 13.5881
4 226 20.2 6.8821 13.75 17.9 5.3426 13.1 19.0838 5.227 11.0184 21.3004 6.9565 12.2992
3 226 15.25 4.3291 13.95 14.5167 4.2091 14.5167 12.9456 2.7081 12.9456
4 226 12.9456 2.7081 12.9456 14.415 2.6139 11.0611 16.5054 4.3938 12.6651 15.25 4.3291 13.95
4 226 17.95 6.3503 15.4 17.5 6.0767 15.3 17.35 5.8441 14.95 18.5 6.5408 15.2
4 226 18.5 6.5408 15.2 17.35 5.8441 14.95 17.35 5.6431 14.5 19.1836 6.6743 14.7202
3 226 19.1836 6.6743 14.7202 17.35 5.6431 14.5 17.7083 5.4181 13.5881
4 226 12.4 3.7131 15.4 11.85 3.4165 15.3 11.6 3.1523 15 11.65 2.9711 14.6
4 226 13.15 3.9717 15.25 12.4 3.7131 15.4 11.65 2.9711 14.6 14.15 4.1894 14.8
4 226 14.5167 4.2091 14.5167 14.15 4.1894 14.8 11.65 2.9711 14.6 12.35 2.8259 13.7
3 226 12.35 2.8259 13.7 12.9456 2.7081 12.9456 14.5167 4.2091 14.5167
3 226 12.1 6.0931 19.9 11.7009 6.1492 20.2659 10.7391 4.8497 18.6
4 226 10.7391 4.8497 18.6 12.35 4.92 17.65 13 5.84 18.85 12.1 6.0931 19.9
4 226 13.5 5.5774 18.05 13 5.84 18.85 12.35 4.92 17.65 13 5.0235 17.4
4 226 13.4335 5.2465 17.5068 13.5443 5.3695 17.6512 13.5 5.5774 18.05 13 5.0235 17.4
3 226 13 5.0235 17.4 13.3 5.1362 17.4 13.4335 5.2465 17.5068
3 226 10.9 6.3548 21 9.18 6.5449 22.162 8.2744 4.9463 19.9758
4 226 8.2744 4.9463 19.9758 10.7391 4.8497 18.6 11.7009 6.1492 20.2659 10.9 6.3548 21
4 226 6.3132 6.8196 23.5623 5.6391 5.06 21.0465 9.18 6.5449 22.162 8.2 6.7089 22.75
3 226 9.18 6.5449 22.162 5.6391 5.06 21.0465 8.2744 4.9463 19.9758
4 226 2.861 5.1502 21.7345 4.45 5.1378 21.4 5.45 6.8967 23.85 3.1924 6.866 24.2525
4 226 6.3132 6.8196 23.5623 5.45 6.8967 23.85 4.45 5.1378 21.4 5.6391 5.06 21.0465
3 226 0 5.3761 22.2574 2.25 6.89 24.35 0 6.8203 24.3951
4 226 3.1924 6.866 24.2525 2.25 6.89 24.35 0 5.3761 22.2574 2.861 5.1502 21.7345
4 226 -1.65 5.6135 22.5 -2 6.7775 24.2 -3.1461 6.6265 23.901 -2.9869 5.802 22.691
4 226 0 5.3761 22.2574 0 6.8203 24.3951 -2 6.7775 24.2 -1.65 5.6135 22.5
4 226 -3.75 6.5727 23.7 -4 6.3401 23.3 -3.9 6.1277 23 -3.4 5.8957 22.75
4 226 -2.9869 5.802 22.691 -3.1461 6.6265 23.901 -3.75 6.5727 23.7 -3.4 5.8957 22.75
4 226 -7.85 4.9658 20.15 -8.15 5.6401 21.1 -8.7723 5.8252 21.1778 -8.276 4.9491 19.9796
4 226 -7.7 5.3499 20.8 -8.15 5.6401 21.1 -7.85 4.9658 20.15 -7.7 5.0934 20.4
3 226 -10.83 4.9725 18.7575 -10.5 6.235 21 -11.9093 6.4308 20.6269
4 226 -10.5 6.235 21 -10.83 4.9725 18.7575 -8.276 4.9491 19.9796 -8.7723 5.8252 21.1778
4 226 -10.83 4.9725 18.7575 -11.9093 6.4308 20.6269 -14.8119 6.7761 19.3032 -13.266 5.0607 17.2886
4 226 -13.266 5.0607 17.2886 -14.8119 6.7761 19.3032 -17.3992 6.963 17.3992 -15.5667 5.2123 15.5667
4 226 -17.3992 6.963 17.3992 -19.5005 6.9441 14.9633 -17.7355 5.4412 13.609 -15.5667 5.2123 15.5667
4 226 -19.5 5.8303 12 -20.8 6.8066 12.65 -20.9084 6.6504 12.0718 -19.97 5.9183 11.53
4 226 -20.1 6.9573 14.1 -20.8 6.8066 12.65 -19.5 5.8303 12 -17.7355 5.4412 13.609
3 226 -19.5005 6.9441 14.9633 -20.1 6.9573 14.1 -17.7355 5.4412 13.609
4 226 -20.9 6.4589 11.45 -20.65 6.2472 11.25 -20.15 5.9737 11.35 -20.95 6.6092 11.85
4 226 -20.9084 6.6504 12.0718 -20.95 6.6092 11.85 -20.15 5.9737 11.35 -19.97 5.9183 11.53
4 226 -23.35 6.4657 4.7 -25.15 7.5686 4 -25.3399 7.607 3.3355 -23.4099 6.2919 3.0815
4 226 -24.55 7.3418 5.3 -25.15 7.5686 4 -23.35 6.4657 4.7 -23.35 6.5647 5.45
4 226 -24.1 7.1221 5.9 -24.55 7.3418 5.3 -23.35 6.5647 5.45 -23.5 6.7237 5.9
3 226 -23.75 6.9095 6.05 -24.1 7.1221 5.9 -23.5 6.7237 5.9
4 226 -25.3399 7.607 3.3355 -25.65 7.7682 2.25 -23.45 6.2708 2 -23.4099 6.2919 3.0815
4 226 -23.45 6.2708 2 -25.65 7.7682 2.25 -25.9889 7.897 0 -23.4487 6.1809 0
4 226 -26.05 7.9872 -1.1 -23.4 6.2326 -1.9 -23.4487 6.1809 0 -25.9889 7.897 0
4 226 -23.2835 6.2058 -3.0649 -23.4 6.2326 -1.9 -26.05 7.9872 -1.1 -25.8775 7.9733 -3.4063
4 226 -23.2835 6.2058 -3.0649 -25.8775 7.9733 -3.4063 -25.7 7.9866 -4.4 -24.8765 7.7388 -6.6653
3 226 -24.8765 7.7388 -6.6653 -23.2 6.2605 -3.9 -23.2835 6.2058 -3.0649
3 226 -22.807 6.2913 -6.1108 -23.2 6.2605 -3.9 -24.8765 7.7388 -6.6653
3 226 -17.95 2.8403 -4.4 -19.5976 4.0467 -5.2509 -17.7288 2.7396 -4.7502
4 226 -17.95 2.8403 -4.4 -18.5 3.1329 -3.85 -19.55 3.8896 -4.3 -19.5976 4.0467 -5.2509
4 226 -19.25 3.6178 -3.75 -19.55 3.8896 -4.3 -18.5 3.1329 -3.85 -18.85 3.3389 -3.65
3 226 -24.35 7.6587 -7.85 -22.807 6.2913 -6.1108 -24.8765 7.7388 -6.6653
4 226 -22.45 6.4839 -8.05 -22.807 6.2913 -6.1108 -24.35 7.6587 -7.85 -23.4 7.3538 -9.25
4 226 -22.25 6.6092 -9.2164 -22.45 6.4839 -8.05 -23.4 7.3538 -9.25 -23 7.1576 -9.527
4 226 -19.5976 4.0467 -5.2509 -19.55 4.2333 -6.25 -17.35 2.6271 -5.35 -17.7288 2.7396 -4.7502
4 226 -16.6302 2.5 -6.8886 -17.35 2.6271 -5.35 -19.55 4.2333 -6.25 -19.0692 4.2834 -7.8989
3 226 -22.75 7.0576 -9.7 -22.25 6.6092 -9.2164 -23 7.1576 -9.527
4 226 -22.75 7.0576 -9.7 -22.45 6.8905 -9.75 -22.25 6.7092 -9.55 -22.25 6.6092 -9.2164
3 226 -16.6302 2.5 -6.8886 -19.0692 4.2834 -7.8989 -18.5 4.3577 -9.3
4 226 -15.6722 2.5657 -9.0486 -16.4283 2.5 -7.2977 -16.6302 2.5 -6.8886 -18.5 4.3577 -9.3
3 226 -18.5 4.3577 -9.3 -17.895 4.2997 -10.332 -15.6722 2.5657 -9.0486
4 226 -15.6722 2.5657 -9.0486 -17.895 4.2997 -10.332 -17.65 4.3188 -10.75 -16.75 4.1501 -11.65
4 226 -15.1 2.7701 -10.45 -15.6722 2.5657 -9.0486 -16.75 4.1501 -11.65 -15.8774 3.8591 -12.1832
3 226 -15.1 2.7701 -10.45 -15.8774 3.8591 -12.1832 -14.7334 2.885 -11.3054
4 226 -19.2 6.1874 -13.4 -19.55 6.3845 -13.4 -19.75 6.6474 -13.8 -18.7 6.0937 -13.9
4 226 -18.4743 6.0703 -14.1759 -18.7 6.0937 -13.9 -19.75 6.6474 -13.8 -19.5322 6.9711 -14.9877
4 226 -14.65 2.9295 -11.5 -14.7334 2.885 -11.3054 -15.8774 3.8591 -12.1832 -15.15 3.5636 -12.35
4 226 -14.6 3.1051 -11.95 -14.65 2.9295 -11.5 -15.15 3.5636 -12.35 -14.75 3.3154 -12.25
3 226 -17.8 6.0953 -15 -18.4743 6.0703 -14.1759 -19.5322 6.9711 -14.9877
4 226 -18.7 7.3348 -16.75 -16.3622 5.9723 -16.3622 -17.8 6.0953 -15 -19.5322 6.9711 -14.9877
3 226 -18.7 7.3348 -16.75 -17.8117 7.3571 -17.8117 -16.3622 5.9723 -16.3622
4 226 -15.9 5.9886 -16.8 -16.3622 5.9723 -16.3622 -17.8117 7.3571 -17.8117 -16.65 7.5445 -19.2
4 226 -15.9 5.9886 -16.8 -16.65 7.5445 -19.2 -15.4918 7.5305 -20.1893 -14.0395 5.9189 -18.2965
3 226 -14.0395 5.9189 -18.2965 -15.4918 7.5305 -20.1893 -14.25 7.6612 -21.25
4 226 -14.0395 5.9189 -18.2965 -14.25 7.6612 -21.25 -12.7488 7.5651 -22.081 -11.4956 5.8718 -19.9103
4 226 -10.1624 2.5 -14.8124 -10.4 2.7231 -15.05 -10.35 2.9014 -15.4 -9 2.5 -15.588
4 226 -9.4985 3.1736 -16.4515 -9 2.5 -15.588 -10.35 2.9014 -15.4 -9.85 3.1077 -16.1
4 226 -11.4956 5.8718 -19.9103 -12.7488 7.5651 -22.081 -9.6749 7.4186 -23.3569 -8.7233 5.7386 -21.0594
4 226 -9.4985 3.1736 -16.4515 -8.85 3.373 -17.1 -6.8886 2.5 -16.6302 -9 2.5 -15.588
3 226 -6.8886 2.5 -16.6302 -8.85 3.373 -17.1 -7.4885 3.5591 -18.0786
4 226 -6.42 7.0983 -23.9607 -5.8671 5.655 -21.8972 -8.7233 5.7386 -21.0594 -9.6749 7.4186 -23.3569
4 226 -6.8886 2.5 -16.6302 -7.4885 3.5591 -18.0786 -5.1479 3.7779 -19.2133 -4.6584 2.5 -17.3862
4 226 -5.8671 5.655 -21.8972 -6.42 7.0983 -23.9607 -4.15 6.7916 -23.95 -2.9336 5.5264 -22.2865
3 226 -2.9336 5.5264 -22.2865 -4.15 6.7916 -23.95 -3.1197 6.4897 -23.7002
4 226 -4.6584 2.5 -17.3862 -5.1479 3.7779 -19.2133 -2.6314 3.9617 -19.9903 -2.349 2.5 -17.8452
4 226 -2.5 6.3606 -23.55 -1.95 5.5593 -22.4 -2.9336 5.5264 -22.2865 -3.1197 6.4897 -23.7002
4 226 -1.95 5.5593 -22.4 -2.5 6.3606 -23.55 -1.6 6.0503 -23.15 -1.5 5.6743 -22.6
3 226 -1.5 5.6743 -22.6 -1.6 6.0503 -23.15 -1.45 5.8748 -22.9
3 226 -2.349 2.5 -17.8452 -2.6314 3.9617 -19.9903 -1.7 4.0281 -20.15
4 226 -2.349 2.5 -17.8452 -1.7 4.0281 -20.15 0 3.9524 -20.15 0 2.5 -18
4 226 0 2.5 -18 0 3.9524 -20.15 2.5575 3.5792 -19.4289 2.349 2.5 -17.8452
4 226 .75 6.4516 -23.8 .75 6.6881 -24.15 1.15 6.9085 -24.45 1.05 6.3299 -23.6
4 226 2.05 6.1379 -23.25 1.05 6.3299 -23.6 1.15 6.9085 -24.45 2.15 7.1895 -24.8
4 226 3.0304 6.0276 -23.022 2.05 6.1379 -23.25 2.15 7.1895 -24.8 3.2748 7.2926 -24.8785
3 226 2.5575 3.5792 -19.4289 3.2743 2.5 -17.6613 2.349 2.5 -17.8452
4 226 3.2743 2.5 -17.6613 2.5575 3.5792 -19.4289 3.45 3.3457 -18.9 3.9 3.0731 -18.4
4 226 3.2743 2.5 -17.6613 3.9 3.0731 -18.4 3.95 2.8473 -18.05 3.7 2.5819 -17.7
4 226 4.3 7.4754 -24.95 4.2 6.0013 -22.75 3.0304 6.0276 -23.022 3.2748 7.2926 -24.8785
4 226 6.2 7.5933 -24.75 5.9814 5.9535 -22.324 4.2 6.0013 -22.75 4.3 7.4754 -24.95
3 226 6.2 7.5933 -24.75 6.6043 7.5796 -24.6489 5.9814 5.9535 -22.324
4 226 5.9814 5.9535 -22.324 6.6043 7.5796 -24.6489 8 7.6592 -24.3 9.7694 7.5853 -23.5849
3 226 8.8731 6.0031 -21.4211 5.9814 5.9535 -22.324 9.7694 7.5853 -23.5849
4 226 9.7694 7.5853 -23.5849 11.05 7.4925 -22.8 10.95 6.127 -20.6 8.8731 6.0031 -21.4211
4 226 11.7167 6.1706 -20.2933 10.95 6.127 -20.6 11.05 7.4925 -22.8 12.5165 7.2512 -21.6786
4 226 7.45 2.5892 -16.5 7.3 2.7871 -16.9 7.55 3.0441 -17.2 8.05 3.285 -17.35
4 226 9 2.5 -15.588 7.7782 2.5 -16.1911 7.45 2.5892 -16.5 8.05 3.285 -17.35
4 226 9.7649 3.5335 -16.9128 9 2.5 -15.588 8.05 3.285 -17.35 8.95 3.494 -17.25
4 226 11.7167 6.1706 -20.2933 12.5165 7.2512 -21.6786 13.7 7.0322 -20.5 12.7 6.3186 -19.9
4 226 13.4 6.5253 -19.8 12.7 6.3186 -19.9 13.7 7.0322 -20.5 13.85 6.8633 -20.1
3 226 13.4 6.5253 -19.8 13.85 6.8633 -20.1 13.75 6.685 -19.85
4 226 10.4 3.6241 -16.65 10.9584 2.5 -14.2812 9 2.5 -15.588 9.7649 3.5335 -16.9128
3 226 11.9912 3.6461 -15.6272 10.9584 2.5 -14.2812 10.4 3.6241 -16.65
3 226 11.9912 3.6461 -15.6272 13 3.6504 -14.75 10.9584 2.5 -14.2812
4 226 10.9584 2.5 -14.2812 13 3.6504 -14.75 13.7857 3.5107 -13.7857 12.7278 2.5 -12.7278
4 226 15.0927 3.191 -11.5811 14.2812 2.5 -10.9584 12.7278 2.5 -12.7278 13.7857 3.5107 -13.7857
4 226 16.7 5.8484 -15.7 16.85 6.0587 -16 17.25 6.2845 -16.05 16.8 5.6759 -15.2
4 226 16.8 5.6759 -15.2 17.25 6.2845 -16.05 17.8 6.3856 -15.65 17.7459 5.4501 -13.617
3 226 17.7459 5.4501 -13.617 17.8 6.3856 -15.65 19.0025 6.52 -14.5812
3 226 15.0927 3.191 -11.5811 15.75 2.8731 -9.75 14.2812 2.5 -10.9584
4 226 15.588 2.5 -9 14.2812 2.5 -10.9584 15.75 2.8731 -9.75 15.8223 2.6828 -9.1353
3 226 19.0025 6.52 -14.5812 18.55 5.3892 -12.25 17.7459 5.4501 -13.617
4 226 21.2271 6.899 -12.2558 19.2572 5.3623 -11.1185 18.55 5.3892 -12.25 19.0025 6.52 -14.5812
3 226 19.0025 6.52 -14.5812 20.8 6.8818 -12.85 21.2271 6.899 -12.2558
3 226 15.9165 2.5 -8.3344 15.588 2.5 -9 15.8223 2.6828 -9.1353
3 226 23.0231 7.1745 -9.5367 19.8 5.4316 -10.25 19.2572 5.3623 -11.1185
4 226 21.2271 6.899 -12.2558 21.95 7.0364 -11.25 23.0231 7.1745 -9.5367 19.2572 5.3623 -11.1185
3 226 23.0231 7.1745 -9.5367 20.6491 5.4383 -8.5518 19.8 5.4316 -10.25
3 226 23.8 7.2952 -7.8 20.6491 5.4383 -8.5518 23.0231 7.1745 -9.5367
4 226 21.7554 5.5559 -5.8291 20.6491 5.4383 -8.5518 23.8 7.2952 -7.8 24.1258 7.2137 -6.4642
4 226 22.3 5.6827 -4.05 21.7554 5.5559 -5.8291 24.1258 7.2137 -6.4642 24.7022 7.1725 -3.2516
3 226 22.5283 5.6911 -2.9654 22.3 5.6827 -4.05 24.7022 7.1725 -3.2516
4 226 24.75 7.109 -1.1 22.9 5.8637 -1.2 22.5283 5.6911 -2.9654 24.7022 7.1725 -3.2516
4 226 23.1118 5.9533 0 22.9 5.8637 -1.2 24.75 7.109 -1.1 24.6477 6.9909 0