0 Duplo Train Tipper Holder  2 x  6
0 Name: 4549.dat
0 Author: Gerald Lasser [GeraldLasser]
0 !LDRAW_ORG Part UPDATE 2026-01
0 !LICENSE Licensed under CC BY 4.0 : see CAreadme.txt

0 !HELP to put the tipper in place use:
0 !HELP 1 16 0 -100 0 1 0 0 0 1 0 0 0 1 4548.dat

0 BFC CERTIFY CCW

0 !KEYWORDS Brickowl 266547

0 !HISTORY 2026-01-29 [OrionP] Official Update 2026-01

1 16 0 -12 0 0 0 1 0 -2 0 -1 0 0 stug8-1x5.dat
0 BFC INVERTNEXT
1 16 0 0 0 0 0 36 0 -12 0 -116 0 0 box5.dat

4 16 40 0 -120 -40 0 -120 -36 0 -116 36 0 -116
4 16 -40 0 120 40 0 120 36 0 116 -36 0 116
4 16 40 0 120 40 0 -120 36 0 -116 36 0 116
4 16 -36 0 -116 -40 0 -120 -40 0 120 -36 0 116
1 16 0 0 0 -40 0 0 0 1 0 0 0 -120 recte4.dat

1 16 0 0 0 1 0 0 0 1 0 0 0 1 s\4549s01.dat
1 16 0 0 0 1 0 0 0 1 0 0 0 -1 s\4549s01.dat
1 16 0 0 0 -1 0 0 0 1 0 0 0 1 s\4549s01.dat
1 16 0 0 0 -1 0 0 0 1 0 0 0 -1 s\4549s01.dat

4 16 1.827 -16 -120 -1.827 -16 -120 -40 0 -120 40 0 -120
4 16 -1.827 -86.1204 -120 -1.827 -16 -120 1.827 -16 -120 1.8274 -86.1189 -120
3 16 1.8274 -86.1189 -120 0 -90 -120 -1.827 -86.1204 -120
3 16 -40 -16 -105 0 -92.5 -105 40 -16 -105
4 16 -40 0 120 -1.827 -16 120 1.827 -16 120 40 0 120
4 16 1.827 -16 120 -1.827 -16 120 -1.827 -86.1204 120 1.8274 -86.1189 120
3 16 0 -90 120 1.8274 -86.1189 120 -1.827 -86.1204 120
3 16 0 -92.5 105 -40 -16 105 40 -16 105

4 16 40 -16 105 40 -16 -105 40 0 -120 40 0 120
4 16 -40 -16 105 -40 0 120 -40 0 -120 -40 -16 -105
1 16 0 -16 0 40 0 0 0 1 0 0 0 105 rect.dat
