0 Duplo Toilet Seat
0 Name: 4912.dat
0 Author: Peter Blomberg [WUIt]
0 !LDRAW_ORG Part UPDATE 2025-07
0 !LICENSE Licensed under CC BY 4.0 : see CAreadme.txt

0 BFC CERTIFY CCW

0 !KEYWORDS Furniture

0 !HISTORY 2025-07-27 [OrionP] Official Update 2025-07

0 // common
1 16 -42 0 0 0 84 0 5 0 0 0 0 5 2-4cylo.dat
1 16 -21 0 0 0 42 0 5 0 0 0 0 -5 2-4cyli.dat
1 16 0 -5 -35 42 0 0 0 10 0 0 0 -42 48\2-4cylo.dat
0 BFC INVERTNEXT
1 16 0 -5 -35 21 0 0 0 10 0 0 0 -21 48\2-4cylo.dat
0 BFC INVERTNEXT
1 16 0 1 -35 38 0 0 0 4 0 0 0 -38 48\2-4cylo.dat
1 16 0 1 -35 27 0 0 0 4 0 0 0 -27 48\2-4cylo.dat
1 16 0 5 -35 2 0 0 0 -1 0 0 0 -2 48\2-4ring19.dat
1 16 0 1 -35 9 0 0 0 -1 0 0 0 -9 48\2-4ring3.dat
1 16 0 -5 -35 21 0 0 0 1 0 0 0 -21 48\2-4ring1.dat

4 16 8 -2.5 5.5 8 -2.5 9.5 -8 -2.5 9.5 -8 -2.5 5.5
4 16 8 -2.5 9.5 8 -2 12 -8 -2 12 -8 -2.5 9.5
4 16 -8 -2 12 8 -2 12 8 2 12 -8 2 12
4 16 -8 2.5 9.5 8 2.5 9.5 8 2.5 5.5 -8 2.5 5.5
4 16 8 2.5 9.5 -8 2.5 9.5 -8 2 12 8 2 12
4 16 -9.5 2.5 5 -8 2.5 5.5 8 2.5 5.5 9.5 2.5 5
4 16 -9.5 2.5 5 9.5 2.5 5 16 2.5 4.2275 -16 2.5 4.2275
4 16 9.5 -2.5 5 8 -2.5 5.5 -8 -2.5 5.5 -9.5 -2.5 5
4 16 9.5 -2.5 5 -9.5 -2.5 5 -16 -2.5 4.2275 16 -2.5 4.2275

2 24 8 2 12 -8 2 12
2 24 8 -2 12 -8 -2 12
2 24 8 -2.5 9.5 -8 -2.5 9.5
2 24 8 2.5 9.5 -8 2.5 9.5
2 24 -16 2.5 4.2275 16 2.5 4.2275
2 24 16 -2.5 4.2275 -16 -2.5 4.2275

1 16 0 0 0 1 0 0 0 1 0 0 0 1 s\4912s01.dat
1 16 0 0 0 -1 0 0 0 1 0 0 0 1 s\4912s01.dat