0 Animal Shell Clam Large - Sea Life Set
0 Name: 49595b.dat
0 Author: Gerald Lasser [GeraldLasser]
0 !LDRAW_ORG Part UPDATE 2026-01
0 !LICENSE Licensed under CC BY 4.0 : see CAreadme.txt

0 BFC CERTIFY CCW

0 !KEYWORDS 1002876, BrickLink 49595f, Brickowl 736437

0 !HISTORY 2025-06-03 {LEGO Instructions App} Original part shape
0 !HISTORY 2025-06-03 [GeraldLasser] File preparation for LDraw Parts Tracker
0 !HISTORY 2026-01-29 [OrionP] Official Update 2026-01

1 16 0 -8 0 1 0 0 0 -2 0 0 0 1 stud4.dat

1 16 0 0 0 1 0 0 0 1 0 0 0 1 s\49595bs01.dat
1 16 0 0 0 -1 0 0 0 1 0 0 0 1 s\49595bs01.dat

5 24 0 -9.656 16.221 0 -5.5 16.536 1.754 -9.078 16.247 -1.754 -9.078 16.247
5 24 0 -10.477 -10.983 0 -10.509 -9.311 3.367 -10.437 -9.391 -3.367 -10.437 -9.391
5 24 0 -12.917 8.468 0 -12.116 12.05 2.674 -12.1 8.57 -2.674 -12.1 8.57
5 24 0 -13.225 3.003 0 -12.917 8.468 -2.301 -12.751 3.066 2.301 -12.751 3.066
5 24 0 -12.41 -3.28 0 -13.225 3.003 -1.747 -12.118 -3.26 1.747 -12.118 -3.26
5 24 0 -10.509 -9.311 0 -10.542 -7.238 1.138 -10.545 -7.644 -1.138 -10.545 -7.644
5 24 0 -10.542 -7.238 0 -12.41 -3.28 -1.138 -10.545 -7.644 1.138 -10.545 -7.644
5 24 0 -5.5 -15.14 0 -7.172 -14.775 3.512 -7.172 -15.045 -3.512 -7.172 -15.045
5 24 0 -9.75 -12.683 0 -10.477 -10.983 -3.513 -9.724 -12.887 3.513 -9.724 -12.887
5 24 0 -5.5 12.497 0 -8 12.534 -3.918 -8 12.141 3.918 -8 12.141
5 24 0 -7.172 -14.775 0 -8.637 -13.829 3.541 -8.633 -14.103 -3.541 -8.633 -14.103
5 24 0 -8.637 -13.829 0 -9.75 -12.683 3.541 -8.633 -14.103 -3.541 -8.633 -14.103
5 24 0 -6.5 -11 0 -5.5 -11 -5.25 -5.5 -11.25 5.25 -5.5 -11.25
5 24 0 -12.116 12.05 0 -9.656 16.221 1.754 -9.078 16.247 -1.754 -9.078 16.247