0 Plate  1 x  1 Round with Hollow Stud and Underside Clip
0 Name: 5264.dat
0 Author: Gerald Lasser [GeraldLasser]
0 !LDRAW_ORG Part UPDATE 2025-09
0 !LICENSE Licensed under CC BY 4.0 : see CAreadme.txt

0 BFC CERTIFY CCW

0 !HISTORY 2025-09-29 [OrionP] Official Update 2025-09

1 16 0 3 0 10 0 0 0 -3 0 0 0 10 4-4cylo.dat
1 16 0 3 0 10 0 0 0 -1 0 0 0 10 1-4chrd.dat
1 16 0 3 0 10 0 0 0 -1 0 0 0 -10 1-4chrd.dat
1 16 0 3 0 -10 0 0 0 -1 0 0 0 10 1-4chrd.dat
1 16 0 3 0 -10 0 0 0 -1 0 0 0 -10 1-4chrd.dat
3 16 -4 3 4.2265 0 3 10 4 3 4.2265
3 16 4 3 4.2265 0 3 10 10 3 0
3 16 4 3 4.2265 10 3 0 4 3 -4.2265
3 16 4 3 -4.2265 10 3 0 0 3 -10
3 16 4 3 -4.2265 0 3 -10 -4 3 -4.2265
3 16 -4 3 -4.2265 0 3 -10 -10 3 0
3 16 -4 3 -4.2265 -10 3 0 -4 3 4.2265
3 16 -4 3 4.2265 -10 3 0 0 3 10

1 16 0 0 0 2 0 0 0 1 0 0 0 2 4-4ring4.dat
1 16 0 0 0 2 0 0 0 1 0 0 0 2 4-4ring3.dat
1 16 0 0 0 4 0 0 0 1 0 0 0 4 4-4disc.dat
1 16 0 0 0 1 0 0 0 1 0 0 0 1 stud2.dat

1 16 0 3 0 0 0 4 0 .768 0 4.2265 0 0 box4o4a.dat
2 24 -4 3.768 -4.2265 4 3.768 -4.2265
2 24 4 3.768 4.2265 -4 3.768 4.2265
4 16 4 3.768 -4.2265 -4 3.768 -4.2265 -4 5.8035 -6.3256 4 5.8035 -6.3256
4 16 -4 3.768 4.2265 4 3.768 4.2265 4 5.8035 6.3256 -4 5.8035 6.3256
2 24 4 3.768 4.2265 4 5.8035 6.3256
2 24 -4 3.768 4.2265 -4 5.8035 6.3256
2 24 4 3.768 -4.2265 4 5.8035 -6.3256
2 24 -4 5.8035 -6.3256 -4 3.768 -4.2265
5 24 4 5.8035 -6.3256 -4 5.8035 -6.3256 4 3.768 -4.2265 4 8.4628 -7.4612
5 24 4 5.8035 6.3256 -4 5.8035 6.3256 -4 8.4628 7.4612 -4 3.768 4.2265
4 16 4 5.8035 6.3256 4 3.768 4.2265 4 3.768 -4.2265 4 5.8035 -6.3256
4 16 -4 3.768 -4.2265 -4 3.768 4.2265 -4 5.8035 6.3256 -4 5.8035 -6.3256

1 16 0 10 0 0 -1 0 0 0 -1 1 0 0 clip13.dat