0 Brick  2 x  2 x  1 with Curved Corner Top
0 Name: 5846.dat
0 Author: Rene Rechthaler [Blechtaler]
0 !LDRAW_ORG Part UPDATE 2026-01
0 !LICENSE Licensed under CC BY 4.0 : see CAreadme.txt

0 BFC CERTIFY CCW

0 !KEYWORDS Brickowl 793026

0 !HISTORY 2024-12-19 [Blechtaler] Made from 67810 by [MagFors]
0 !HISTORY 2026-01-29 [OrionP] Official Update 2026-01

0 // Outside
1 16 0 8 0 -1 0 0 0 1 0 0 0 -1 stud.dat
1 16 -10 20 -10 0 -20 0 -20 0 0 0 0 -20 1-8sphe.dat
1 16 -10 20 -10 0 20 0 -20 0 0 0 0 -20 1-4cyli.dat
1 16 10 20 -10 0 -1 0 -20 0 0 0 0 -20 1-4chrd.dat
1 16 10 20 -10 0 1 0 -20 0 0 0 0 -20 1-4edge.dat
1 16 -10 20 -10 0 0 -20 -20 0 0 0 20 0 1-4cyli.dat
1 16 -10 20 10 -20 0 0 0 0 -20 0 -1 0 1-4chrd.dat
1 16 -10 20 10 0 0 -20 -20 0 0 0 1 0 1-4edge.dat
1 16 -10 20 -10 -20 0 0 0 4 0 0 0 -20 1-16cyli.dat
1 16 -10 20 -10 0 0 -20 0 4 0 -20 0 0 1-16cyli.dat
0 BFC INVERTNEXT
1 16 0 4 0 0 0 -10 4 0 0 0 -10 0 box2-5.dat
1 16 0 12 0 0 0 10 0 -4 0 10 0 0 box3-7a.dat
1 16 0 22 -30 0 0 10 2 0 0 0 1 0 rect2a.dat
1 16 -30 22 0 0 1 0 0 0 2 10 0 0 rect2a.dat

4 16 10 16 -10 10 20 -30 10 24 -30 10 24 -10
3 16 10 20 -30 10 16 -10 10 8 -10
3 16 10 20 -30 10 8 -10 10 0 -10
4 16 -30 20 10 -10 16 10 -10 24 10 -30 24 10
3 16 -10 16 10 -30 20 10 -10 8 10
3 16 -10 8 10 -30 20 10 -10 0 10

0 // Bottom
0 BFC INVERTNEXT
1 16 -2 14 -2 0 0 8 0 -2 0 8 0 0 box3-3.dat
1 16 -10 12 -10 1 0 0 0 -1 0 0 0 1 1-4stud4.dat
1 16 -3 14 -10 1 0 0 0 0 2 0 1 0 recte3.dat
1 16 -10 14 -3 0 1 0 0 0 2 1 0 0 recte3.dat
1 16 -10 24 -10 -4 0 0 0 -1 0 0 0 -4 1-16ring4.dat
1 16 -10 24 -10 0 0 -4 0 -1 0 -4 0 0 1-16ring4.dat
1 16 -10 24 -10 -20 0 0 0 1 0 0 0 -20 1-16edge.dat
1 16 -10 24 -10 0 0 -20 0 1 0 -20 0 0 1-16edge.dat
1 16 -10 24 -10 -16 0 0 0 1 0 0 0 -16 1-16edge.dat
1 16 -10 24 -10 0 0 -16 0 1 0 -16 0 0 1-16edge.dat
1 16 -10 20 -10 -3.6955 0 1.5307 0 -1 0 -1.5307 0 -3.6955 1-8ring4.dat
1 16 -10 20 -10 -18.4776 0 7.6537 0 1 0 -7.6537 0 -18.4776 1-8edge.dat
1 16 -10 20 -10 -14.7821 0 6.1229 0 1 0 -6.1229 0 -14.7821 1-8edge.dat
1 16 -16.8886 22 -26.6302 -.7654 1 0 0 0 -2 -1.8478 0 0 rect.dat
1 16 -26.6302 22 -16.8886 1.8478 -1 0 0 0 -2 .7654 0 0 rect.dat
2 24 -10 24 -10 -10 12 -10
2 24 -10 24 -10 10 24 -10
2 24 -10 24 10 -10 24 -10
2 24 10 24 -10 10 16 -10
2 24 6 24 -14 6 24 -26
2 24 10 24 -30 10 24 -10
2 24 -10 24 10 -30 24 10
2 24 -26 24 6 -14 24 6
2 24 -10 24 10 -10 16 10
2 24 -10 16 6 -10 16 10
2 24 6 16 -10 10 16 -10
3 16 -10 24 -10 -3.2358 24 -14 -5.5952 24 -14
3 16 -10 24 -10 -5.5952 24 -14 -10 24 -14
3 16 -10 24 -10 -14 24 -10 -14 24 -5.5952
3 16 -10 24 -10 -14 24 -5.5952 -14 24 -3.2358
4 16 10 16 -10 6 16 -10 6 16 6 10 16 10
4 16 10 16 10 6 16 6 -10 16 6 -10 16 10
4 16 -10 24 10 -14 24 6 -26 24 6 -30 24 10
4 16 -10 24 -30 -10 24 -26 6 24 -26 10 24 -30
4 16 10 24 -30 6 24 -26 6 24 -14 10 24 -10
4 16 6 16 -10 10 16 -10 10 24 -10 -10 24 -10
4 16 -10 24 10 -10 16 10 -10 16 6 -10 24 -10
3 16 -2 16 -10 -2 12 -10 6 12 -10
4 16 -10 24 -10 -2 16 -10 6 12 -10 6 16 -10
3 16 -2 16 -10 -10 24 -10 -4 16 -10
4 16 -4 16 -10 -10 24 -10 -10 12 -10 -4 12 -10
4 16 -10 16 -4 -10 12 -4 -10 12 -10 -10 24 -10
3 16 -10 16 -4 -10 24 -10 -10 16 -2
4 16 -10 24 -10 -10 16 6 -10 12 6 -10 16 -2
3 16 -10 12 6 -10 12 -2 -10 16 -2
4 16 -30 24 10 -26 24 6 -26 24 -10 -30 24 -10
4 16 -10 24 -10 10 24 -10 6 24 -14 -3.2358 24 -14
4 16 -10 24 -10 -14 24 -3.2358 -14 24 6 -10 24 10

0 // Inside
1 16 -10 24 -10 -4 0 0 0 -19 0 0 0 -4 1-4cylc.dat
1 16 -10 5.5 -10 -1 0 0 0 -4.625 0 0 0 -1 1-4stud4.dat
1 16 -10 5.994 -10 -8 0 0 0 -1 0 0 0 -8 1-4edge.dat
1 16 -10 5 -10 -1 0 0 0 -4.75 0 0 0 1 3-16stud4t4.dat
1 16 -10 5 -10 0 0 1 0 -4.75 0 -1 0 0 3-16stud4t4.dat
0 BFC INVERTNEXT
1 16 -10 20 -10 0 0 -4 0 -5 0 -4 0 0 r04o3000.dat
0 BFC INVERTNEXT
1 16 -10 20 -14 0 16 0 -15 0 0 0 0 -12 1-4cyli.dat
1 16 6 20 -14 0 1 0 -15 0 0 0 0 -12 1-4chrd.dat
1 16 6 20 -14 0 1 0 -15 0 0 0 0 -12 1-4edge.dat
0 BFC INVERTNEXT
1 16 -14 20 -10 0 0 -12 -15 0 0 0 16 0 1-4cyli.dat
1 16 -14 20 6 0 0 -12 -15 0 0 0 1 0 1-4chrd.dat
1 16 -14 20 6 0 0 -12 -15 0 0 0 -1 0 1-4edge.dat
0 BFC INVERTNEXT
1 16 -10 20 -10 -16 0 0 0 4 0 0 0 -16 1-16cyli.dat
0 BFC INVERTNEXT
1 16 -10 20 -10 0 0 -16 0 4 0 -16 0 0 1-16cyli.dat
1 16 -2 22 -26 8 0 0 0 0 2 0 -1 0 rect2a.dat
1 16 -26 22 -2 0 -1 0 2 0 0 0 0 8 rect2a.dat
1 16 1.3821 14.5 -14 0 0 4.6179 9.5 0 0 0 1 0 rect3.dat
1 16 -14 14.5 1.3821 0 1 0 -9.5 0 0 0 0 4.6179 rect3.dat
1 16 -7.7976 14.5 -14 2.2024 0 0 0 0 9.5 0 1 0 rect2p.dat
1 16 -14 14.5 -7.7976 0 1 0 0 0 -9.5 2.2024 0 0 rect2p.dat
2 24 -18 5.9943 -10 -17.3912 5.8429 -6.9384
2 24 -15.6568 5.4118 -4.3432 -17.3912 5.8429 -6.9384
2 24 -16 5.4971 -10 -15.5434 5.3836 -7.7038
2 24 -15.5434 5.3836 -7.7038 -14.2426 5.0603 -5.7574
2 24 -10 5.4971 -16 -7.7038 5.3836 -15.5434
2 24 -5.7574 5.0603 -14.2426 -7.7038 5.3836 -15.5434
2 24 -6.9384 5.8429 -17.3912 -10 5.9943 -18
2 24 -6.9384 5.8429 -17.3912 -4.3432 5.4118 -15.6568
2 24 -3.2358 5 -14 -4.3432 5.4118 -15.6568
2 24 -5.5952 5 -14 -5.7574 5.0603 -14.2426
2 24 -14 5 -3.2358 -15.6568 5.4118 -4.3432
2 24 -14 5 -5.5952 -14.2426 5.0603 -5.7574
4 16 6 24 -14 6 24 -26 6 20 -26 6 5 -14
4 16 -26 24 6 -14 24 6 -14 5 6 -26 20 6