0 Brick Braille 2 x 4 with 2 Studs (DOTS-34) with "÷" Pattern
0 Name: 60237p01.dat
0 Author: Rene Rechthaler [Blechtaler]
0 !LDRAW_ORG Part UPDATE 2025-08
0 !LICENSE Licensed under CC BY 4.0 : see CAreadme.txt

0 BFC CERTIFY CCW

0 !KEYWORDS ⠌ Unicode U+280C (10252), Bricklink 60237pb01, division
0 !KEYWORDS Rebrickable 60237pr0001, Set 4000503, set 40656

0 !HISTORY 2025-08-31 [OrionP] Official Update 2025-08

1 16 0 0 0 1 0 0 0 1 0 0 0 1 s\3001s02.dat
1 16 -30 0 10 1 0 0 0 1 0 0 0 1 stud.dat
1 16 10 0 -10 1 0 0 0 1 0 0 0 1 stud.dat

0 // Pattern
0 // Character
1 0 27.85 0 0 0 0 -.85 0 1 0 .9 0 0 4-4disc.dat
1 0 32.7 0 0 0 0 -.85 0 1 0 .9 0 0 4-4disc.dat
4 0 30.85 0 3 29.7 0 3 29.7 0 -3 30.85 0 -3
0 // Background
1 16 27.85 0 0 0 0 -.85 0 1 0 .9 0 0 4-4ndis.dat
1 16 32.7 0 0 0 0 -.85 0 1 0 .9 0 0 4-4ndis.dat
4 16 40 0 -20 33.55 0 -.9 32.7 0 -.9 30.85 0 -3
3 16 30.85 0 -3 32.7 0 -.9 31.85 0 -.9
4 16 30.85 0 3 30.85 0 -3 31.85 0 -.9 31.85 0 0
3 16 28.7 0 -.9 27.85 0 -.9 29.7 0 -3
4 16 -40 0 -20 29.7 0 -3 27.85 0 -.9 27 0 -.9
4 16 29.7 0 3 28.7 0 0 28.7 0 -.9 29.7 0 -3
4 16 40 0 20 30.85 0 3 32.7 0 .9 33.55 0 .9
3 16 31.85 0 .9 32.7 0 .9 30.85 0 3
3 16 31.85 0 .9 30.85 0 3 31.85 0 0
3 16 29.7 0 3 28.7 0 .9 28.7 0 0
4 16 -40 0 20 27 0 .9 27.85 0 .9 29.7 0 3
3 16 27.85 0 .9 28.7 0 .9 29.7 0 3
4 16 40 0 20 33.55 0 0 33.55 0 -.9 40 0 -20
4 16 29.7 0 -3 -40 0 -20 40 0 -20 30.85 0 -3
4 16 -40 0 20 -40 0 -20 27 0 -.9 27 0 0
4 16 40 0 20 -40 0 20 29.7 0 3 30.85 0 3
3 16 40 0 20 33.55 0 .9 33.55 0 0
3 16 27 0 .9 -40 0 20 27 0 0