0 Sticker  0.9 x  0.8 with Ferrari Rounded Badge on Red Background
0 Name: 6177970n.dat
0 Author: Massimo Maso [Sirio]
0 !LDRAW_ORG Part UPDATE 2025-09
0 !LICENSE Licensed under CC BY 4.0 : see CAreadme.txt

0 BFC CERTIFY CCW

0 !KEYWORDS BrickLink 75882stk01, Center, Development, Ferrari, FXXK
0 !KEYWORDS Rebrickable 30899, Set 75882, Speed Champions, Tunnel, Wind

0 !HISTORY 2025-09-29 [OrionP] Official Update 2025-09

0 // Stickerback
1 16 0 0 0 0 0 1 0 1 0 -1 0 0 s\stickerback008x009.dat
0 // Logo primitive
1 4 0 -.25 0 .92 0 0 0 1 0 0 0 .92 logo-ferrari-badge-simplified-rounded.dat
1 4 0 -.25 0 .92 0 0 0 1 0 0 0 .92 logo-ferrari-badge-rounded-box.dat
0 // Primitives
1 4 -6.5 -.25 7.7732 -1.5 0 0 0 1 0 0 0 1.5 1-4chrd.dat
1 4 6.5 -.25 7.7732 1.5 0 0 0 1 0 0 0 1.5 1-4chrd.dat
1 4 -6.5 -.25 -7.7732 -1.5 0 0 0 1 0 0 0 -1.5 1-4chrd.dat
1 4 6.5 -.25 -7.7732 1.5 0 0 0 1 0 0 0 -1.5 1-4chrd.dat
0 // Top face
4 4 -6.5 -.25 9.2732 -8 -.25 7.7732 -5.0232 -.25 4.7794 -5.0232 -.25 5.1888
3 4 -6.5 -.25 9.2732 -5.0232 -.25 5.1888 -5.0232 -.25 5.5568
3 4 -6.5 -.25 9.2732 -5.0232 -.25 5.5568 -5.0232 -.25 5.9018
4 4 6.5 -.25 9.2732 -6.5 -.25 9.2732 -5.0232 -.25 5.9018 0 -.25 6.992
3 4 6.5 -.25 9.2732 0 -.25 6.992 5.0232 -.25 5.9018
3 4 6.5 -.25 9.2732 5.0232 -.25 5.9018 5.0232 -.25 5.5568
3 4 6.5 -.25 9.2732 5.0232 -.25 5.5568 5.0232 -.25 5.1888
4 4 6.5 -.25 9.2732 5.0232 -.25 5.1888 5.0232 -.25 4.7794 8 -.25 7.7732
4 4 -8 -.25 -7.7732 -5.0232 -.25 1.38 -5.0232 -.25 4.7794 -8 -.25 7.7732
4 4 -8 -.25 -7.7732 -6.5 -.25 -9.2732 -5.0232 -.25 -6.992 -5.0232 -.25 1.38
4 4 8 -.25 -7.7732 8 -.25 7.7732 5.0232 -.25 4.7794 5.0232 -.25 1.38
4 4 8 -.25 -7.7732 5.0232 -.25 1.38 5.0232 -.25 -6.992 6.5 -.25 -9.2732
4 4 -5.0232 -.25 -6.992 -6.5 -.25 -9.2732 6.5 -.25 -9.2732 0 -.25 -6.992
3 4 6.5 -.25 -9.2732 5.0232 -.25 -6.992 0 -.25 -6.992