0 Sticker  0.8 x  1.8 with McLaren Logo in White Frame on Black and Orange Background
0 Name: 6177960c.dat
0 Author: Massimo Maso [Sirio]
0 !LDRAW_ORG Part UPDATE 2025-08
0 !LICENSE Licensed under CC BY 4.0 : see CAreadme.txt

0 BFC CERTIFY CCW

0 !KEYWORDS 720S, BrickLink 75880stk01, Rebrickable 30896, Set 75880
0 !KEYWORDS Speed Champions

0 !HISTORY 2025-08-31 [OrionP] Official Update 2025-08

0 // Stickerback
1 16 0 0 0 1 0 0 0 1 0 0 0 1 s\stickerback008x018.dat
0 // Logo primitive
1 0 -1.587 -.25 -.874 .23 0 0 0 1 0 0 0 .23 logo-mclaren-text.dat
1 4 11.247 -.25 .437 .23 0 0 0 1 0 0 0 .23 logo-mclaren-icon.dat
1 15 0 -.25 0 .23 0 0 0 1 0 0 0 .23 logo-mclaren-box.dat
0 // Primitives
1 25 -16.5 -.25 6.5 -1.5 0 0 0 1 0 0 0 1.5 1-4chrd.dat
1 25 16.5 -.25 6.5 1.5 0 0 0 1 0 0 0 1.5 1-4chrd.dat
1 0 -16.5 -.25 -6.5 -1.5 0 0 0 1 0 0 0 -1.5 1-4chrd.dat
1 0 16.5 -.25 -6.5 1.5 0 0 0 1 0 0 0 -1.5 1-4chrd.dat
1 72 -14.3 -.25 2.9 -1.4 0 0 0 1 0 0 0 1.4 1-4ndis.dat
1 72 14.3 -.25 2.9 1.4 0 0 0 1 0 0 0 1.4 1-4ndis.dat
1 0 -14.3 -.25 2.9 -.7 0 0 0 1 0 0 0 .7 1-4ring1.dat
1 0 14.3 -.25 2.9 .7 0 0 0 1 0 0 0 .7 1-4ring1.dat
1 15 -14.3 -.25 2.9 -.7 0 0 0 1 0 0 0 .7 1-4chrd.dat
1 15 14.3 -.25 2.9 .7 0 0 0 1 0 0 0 .7 1-4chrd.dat
1 15 -14.3 -.25 -2.9 -.7 0 0 0 1 0 0 0 -.7 1-4chrd.dat
1 15 14.3 -.25 -2.9 .7 0 0 0 1 0 0 0 -.7 1-4chrd.dat
1 0 -14.3 -.25 -2.9 -.7 0 0 0 1 0 0 0 -.7 1-4ring1.dat
1 0 14.3 -.25 -2.9 .7 0 0 0 1 0 0 0 -.7 1-4ring1.dat
1 72 -14.3 -.25 -2.9 -1.4 0 0 0 1 0 0 0 -1.4 1-4ndis.dat
1 72 14.3 -.25 -2.9 1.4 0 0 0 1 0 0 0 -1.4 1-4ndis.dat
0 // Top face
0 // Black faces
4 0 -18 -.25 4.7 18 -.25 4.7 18 -.25 5.4 -18 -.25 5.4
4 0 -14.3 -.25 3.6 14.3 -.25 3.6 14.3 -.25 4.3 -14.3 -.25 4.3
4 0 -15.7 -.25 2.9 -15.7 -.25 -2.9 -15 -.25 -2.9 -15 -.25 2.9
4 0 15.7 -.25 2.9 15 -.25 2.9 15 -.25 -2.9 15.7 -.25 -2.9
4 0 -14.3 -.25 -4.3 14.3 -.25 -4.3 14.3 -.25 -3.6 -14.3 -.25 -3.6
4 0 -16.5 -.25 -8 -15.6197 -.25 -4.3735 -18 -.25 -4.0712 -18 -.25 -6.5
3 0 -16.5 -.25 -8 -13.25 -.25 -4.75 -15.6197 -.25 -4.3735
3 0 -16.5 -.25 -8 -9.9593 -.25 -5.2524 -13.25 -.25 -4.75
3 0 -16.5 -.25 -8 -6.6499 -.25 -5.612 -9.9593 -.25 -5.2524
3 0 -16.5 -.25 -8 -3.3281 -.25 -5.828 -6.6499 -.25 -5.612
3 0 -16.5 -.25 -8 0 -.25 -5.9 -3.3281 -.25 -5.828
3 0 -16.5 -.25 -8 16.5 -.25 -8 0 -.25 -5.9
4 0 16.5 -.25 -8 18 -.25 -6.5 18 -.25 -4.0712 15.6197 -.25 -4.3735
3 0 16.5 -.25 -8 15.6197 -.25 -4.3735 13.25 -.25 -4.75
3 0 16.5 -.25 -8 13.25 -.25 -4.75 9.9593 -.25 -5.2524
3 0 16.5 -.25 -8 9.9593 -.25 -5.2524 6.6499 -.25 -5.612
3 0 16.5 -.25 -8 6.6499 -.25 -5.612 3.3281 -.25 -5.828
3 0 16.5 -.25 -8 3.3281 -.25 -5.828 0 -.25 -5.9
0 // Grey faces
4 72 -18 -.25 4.7 -18 -.25 -4.0712 -15.7 -.25 -2.9 -15.7 -.25 2.9
3 72 -18 -.25 4.7 -15.7 -.25 2.9 -15.7 -.25 4.3
3 72 -18 -.25 4.7 -15.7 -.25 4.3 -14.3 -.25 4.3
4 72 -18 -.25 4.7 -14.3 -.25 4.3 14.3 -.25 4.3 18 -.25 4.7
3 72 18 -.25 4.7 14.3 -.25 4.3 15.7 -.25 4.3
3 72 18 -.25 4.7 15.7 -.25 4.3 15.7 -.25 2.9
4 72 18 -.25 4.7 15.7 -.25 2.9 15.7 -.25 -2.9 18 -.25 -4.0712
3 72 -18 -.25 -4.0712 -15.7 -.25 -4.3 -15.7 -.25 -2.9
3 72 -18 -.25 -4.0712 -15.6197 -.25 -4.3735 -15.7 -.25 -4.3
3 72 18 -.25 -4.0712 15.7 -.25 -2.9 15.7 -.25 -4.3
3 72 18 -.25 -4.0712 15.7 -.25 -4.3 15.6197 -.25 -4.3735
4 72 -14.3 -.25 -4.3 -15.7 -.25 -4.3 -15.6197 -.25 -4.3735 -13.25 -.25 -4.75
4 72 -14.3 -.25 -4.3 -13.25 -.25 -4.75 -9.9593 -.25 -5.2524 -6.6499 -.25 -5.612
4 72 -14.3 -.25 -4.3 -6.6499 -.25 -5.612 -3.3281 -.25 -5.828 0 -.25 -5.9
3 72 -14.3 -.25 -4.3 0 -.25 -5.9 14.3 -.25 -4.3
4 72 14.3 -.25 -4.3 13.25 -.25 -4.75 15.6197 -.25 -4.3735 15.7 -.25 -4.3
4 72 14.3 -.25 -4.3 6.6499 -.25 -5.612 9.9593 -.25 -5.2524 13.25 -.25 -4.75
4 72 14.3 -.25 -4.3 0 -.25 -5.9 3.3281 -.25 -5.828 6.6499 -.25 -5.612
0 // Orange faces
4 25 -18 -.25 6.5 18 -.25 6.5 16.5 -.25 8 -16.5 -.25 8
4 25 -18 -.25 6.5 -18 -.25 5.4 18 -.25 5.4 18 -.25 6.5
0 // White faces
3 15 -14.3 -.25 3.6 -15 -.25 2.9 -14.122 -.25 2.024
4 15 -14.3 -.25 3.6 -14.122 -.25 2.024 14.122 -.25 2.024 14.3 -.25 3.6
3 15 14.3 -.25 3.6 14.122 -.25 2.024 15 -.25 2.9
4 15 -15 -.25 2.9 -15 -.25 -2.9 -14.122 -.25 -2.024 -14.122 -.25 2.024
4 15 15 -.25 2.9 14.122 -.25 2.024 14.122 -.25 -2.024 15 -.25 -2.9
3 15 -14.3 -.25 -3.6 -14.122 -.25 -2.024 -15 -.25 -2.9
3 15 -14.3 -.25 -3.6 14.3 -.25 -3.6 -14.122 -.25 -2.024
3 15 14.3 -.25 -3.6 15 -.25 -2.9 14.122 -.25 -2.024
3 15 14.3 -.25 -3.6 14.122 -.25 -2.024 -14.122 -.25 -2.024