0 Tile  1 x  3 with  5 White Half Circles Pattern
0 Name: 63864pz4.dat
0 Author: Evert-Jan Boer [ejboer]
0 !LDRAW_ORG Part UPDATE 2025-06
0 !LICENSE Licensed under CC BY 4.0 : see CAreadme.txt

0 BFC CERTIFY CCW

0 !KEYWORDS Anxiety, Brickheadz, Bricklink 63864pb258, Disney, Inside Out
0 !KEYWORDS Rebrickable 63864pr9999, Set 40749, Teeth

0 !HISTORY 2025-06-26 [OrionP] Official Update 2025-06

1 16 0 0 0 1 0 0 0 1 0 0 0 1 s\63864s01.dat
1 16 0 0 2 -5.6 0 0 0 1 0 0 0 -5.75 2-4ndis.dat
1 16 -11.2 0 2 -5.6 0 0 0 1 0 0 0 -5.75 2-4ndis.dat
1 16 -22.4 0 2 -5.6 0 0 0 1 0 0 0 -5.75 2-4ndis.dat
1 16 11.2 0 2 -5.6 0 0 0 1 0 0 0 -5.75 2-4ndis.dat
1 16 22.4 0 2 -5.6 0 0 0 1 0 0 0 -5.75 2-4ndis.dat
1 15 -22.4 0 2 -5.6 0 0 0 1 0 0 0 -5.75 2-4chrd.dat
1 15 -11.2 0 2 -5.6 0 0 0 1 0 0 0 -5.75 2-4chrd.dat
1 15 22.4 0 2 -5.6 0 0 0 1 0 0 0 -5.75 2-4chrd.dat
1 15 11.2 0 2 -5.6 0 0 0 1 0 0 0 -5.75 2-4chrd.dat
1 15 0 0 2 -5.6 0 0 0 1 0 0 0 -5.75 2-4chrd.dat
4 15 0 0 3.75 -28 0 3.75 -16.8 0 2 -5.6 0 2
3 15 0 0 3.75 -5.6 0 2 5.6 0 2
3 15 0 0 3.75 5.6 0 2 16.8 0 2
4 15 28 0 3.75 0 0 3.75 16.8 0 2 28 0 2
4 16 -28 0 2 -28 0 3.75 -30 0 10 -30 0 -10
3 16 -28 0 2 -30 0 -10 -28 0 -3.75
3 16 -22.4 0 -3.75 -28 0 -3.75 -30 0 -10
3 16 -22.4 0 -3.75 -30 0 -10 -16.8 0 -3.75
3 16 -11.2 0 -3.75 -16.8 0 -3.75 -30 0 -10
4 16 -5.6 0 -3.75 -11.2 0 -3.75 -30 0 -10 30 0 -10
4 16 -30 0 10 -28 0 3.75 0 0 3.75 30 0 10
4 16 30 0 10 28 0 3.75 28 0 2 30 0 -10
3 16 28 0 2 28 0 -3.75 30 0 -10
3 16 22.4 0 -3.75 30 0 -10 28 0 -3.75
3 16 22.4 0 -3.75 16.8 0 -3.75 30 0 -10
3 16 11.2 0 -3.75 30 0 -10 16.8 0 -3.75
3 16 30 0 -10 11.2 0 -3.75 5.6 0 -3.75
3 16 0 0 3.75 28 0 3.75 30 0 10
3 16 0 0 -3.75 -5.6 0 -3.75 30 0 -10
3 16 5.6 0 -3.75 0 0 -3.75 30 0 -10
3 15 -28 0 3.75 -28 0 2 -16.8 0 2