0 Bracket  1 x  2 -  2 x  6
0 Name: 6970.dat
0 Author: Gerald Lasser [GeraldLasser]
0 !LDRAW_ORG Part UPDATE 2025-08
0 !LICENSE Licensed under CC BY 4.0 : see CAreadme.txt

0 BFC CERTIFY CCW

0 !HISTORY 2025-01-04 [GeraldLasser] based on 93274 by [MagFors]
0 !HISTORY 2025-08-31 [OrionP] Official Update 2025-08

1 16 0 4 0 1 0 0 0 -1 0 0 0 1 stud3.dat
2 24 -20 8 -10 -16 8 -10
2 24 16 8 -10 20 8 -10
1 16 10 4 -8 2 0 0 0 4 0 0 0 2 box4-1.dat
1 16 -10 4 -8 2 0 0 0 4 0 0 0 2 box4-1.dat
1 16 14 6 -10 0 0 2 -2 0 0 0 -1 0 rect2a.dat
1 16 -14 6 -10 -2 0 0 0 0 -2 0 -1 0 rect2a.dat
1 16 0 6 -10 0 0 8 -2 0 0 0 -1 0 rect1.dat
2 24 20 0 -10 20 8 -10
2 24 -20 0 -10 -20 8 -10
2 24 58 0 -10 20 0 -10
2 24 -58 0 -10 -20 0 -10
4 16 20 8 10 20 8 -10 16 8 -10 16 8 6
4 16 -20 8 10 -16 8 6 -16 8 -10 -20 8 -10
4 16 20 8 10 16 8 6 -16 8 6 -20 8 10
0 BFC INVERTNEXT
1 16 0 8 -2 16 0 0 0 -4 0 0 0 8 box4-4a.dat
1 16 0 8 0 20 0 0 0 -8 0 0 0 10 box4-4a.dat
1 16 0 0 0 -1 0 0 0 1 0 0 0 -1 stug-1x2.dat

4 16 -60 2 -10 -58 0 -10 -20 0 -10 -20 8 -10
4 16 20 8 -10 20 0 -10 58 0 -10 60 2 -10
3 16 60 2 -10 60 38 -10 20 8 -10
4 16 -60 38 -10 -20 8 -10 20 8 -10 60 38 -10
3 16 -20 8 -10 -60 38 -10 -60 2 -10
4 16 60 38 -10 58 40 -10 -58 40 -10 -60 38 -10
1 16 -58 2 -10 -2 0 0 0 0 -2 0 -4 0 1-4cylo.dat
1 16 -58 2 -14 0 0 -2 -2 0 0 0 1 0 1-4chrd.dat
1 16 -58 2 -10 0 0 -2 -2 0 0 0 -1 0 1-4chrd.dat
1 16 -58 38 -10 0 0 -2 2 0 0 0 -4 0 1-4cylo.dat
1 16 -58 38 -14 -2 0 0 0 0 2 0 1 0 1-4chrd.dat
1 16 -58 38 -10 -2 0 0 0 0 2 0 -1 0 1-4chrd.dat
1 16 58 38 -14 0 0 2 2 0 0 0 4 0 1-4cylo.dat
1 16 58 38 -10 2 0 0 0 0 2 0 -1 0 1-4chrd.dat
1 16 58 38 -14 2 0 0 0 0 2 0 1 0 1-4chrd.dat
1 16 58 2 -14 2 0 0 0 0 -2 0 4 0 1-4cylo.dat
1 16 58 2 -10 0 0 2 -2 0 0 0 -1 0 1-4chrd.dat
1 16 58 2 -14 0 0 2 -2 0 0 0 1 0 1-4chrd.dat
1 16 60 20 -12 0 -1 0 -18 0 0 0 0 -2 rect2p.dat
1 16 0 40 -12 58 0 0 0 -1 0 0 0 2 rect2p.dat
1 16 -60 20 -12 0 1 0 -18 0 0 0 0 -2 rect2p.dat
4 16 58 40 -14 60 38 -14 -60 38 -14 -58 40 -14
4 16 60 2 -14 58 0 -14 -58 0 -14 -60 2 -14
4 16 20 0 -10 -20 0 -10 -58 0 -14 58 0 -14
3 16 58 0 -10 20 0 -10 58 0 -14
3 16 -58 0 -10 -58 0 -14 -20 0 -10
4 16 -60 2 -14 -60 38 -14 60 38 -14 60 2 -14
2 24 -58 0 -14 58 0 -14
1 16 0 10 -14 0 0 1 1 0 0 0 1 0 stug2-6x1.dat
1 16 0 30 -14 0 0 1 1 0 0 0 1 0 stug2-6x1.dat