0 Brick  1 x  2 with Centred Stud on Long Side without Bottom Stud Holder
0 Name: 7133.dat
0 Author: Rene Rechthaler [Blechtaler]
0 !LDRAW_ORG Part UPDATE 2025-07
0 !LICENSE Licensed under CC BY 4.0 : see CAreadme.txt

0 BFC CERTIFY CCW

0 !HISTORY 2025-04-10 [Blechtaler] made from 86876 by [MMR1988]
0 !HISTORY 2025-07-27 [OrionP] Official Update 2025-07

1 16 0 0 0 1 0 0 0 1 0 0 0 1 stug-1x2.dat

1 16 0 24 0 20 0 0 0 -24 0 0 0 10 box4t.dat
0 BFC INVERTNEXT
1 16 0 24 0 16 0 0 0 -20 0 0 0 6 box4t.dat
4 16 -20 24 10 -16 24 6 -16 24 -6 -20 24 -10
4 16 20 24 -10 16 24 -6 16 24 6 20 24 10
4 16 -20 24 -10 -16 24 -6 16 24 -6 20 24 -10
4 16 -16 24 6 -20 24 10 20 24 10 16 24 6

1 16 0 10 -6 4 0 0 0 0 4 0 -1 0 4-4ndis.dat
1 16 0 10 -6 4 0 0 0 0 4 0 1 0 4-4edge.dat
4 16 0 6 -6 -4 6 -6 -16 4 -6 16 4 -6
4 16 -4 10 -6 -4 14 -6 -16 24 -6 -16 4 -6
4 16 -16 24 -6 0 14 -6 4 14 -6 16 24 -6
4 16 4 10 -6 4 6 -6 16 4 -6 16 24 -6
3 16 16 4 -6 4 6 -6 0 6 -6
3 16 -4 6 -6 -4 10 -6 -16 4 -6
3 16 -16 24 -6 -4 14 -6 0 14 -6
3 16 4 14 -6 4 10 -6 16 24 -6

1 16 0 10 -10 1 0 0 0 0 1 0 1 0 stud2a.dat
0 BFC INVERTNEXT
1 16 0 10 -10 4 0 0 0 0 4 0 4 0 4-4cyli.dat

1 16 0 10 -10 6 0 0 0 0 6 0 1 0 4-4ndis.dat
1 16 0 10 -10 6 0 0 0 0 6 0 1 0 4-4edge.dat
4 16 -20 0 -10 -6 4 -10 0 4 -10 20 0 -10
4 16 -20 24 -10 -6 16 -10 -6 10 -10 -20 0 -10
4 16 6 16 -10 0 16 -10 -20 24 -10 20 24 -10
4 16 20 0 -10 6 4 -10 6 10 -10 20 24 -10
3 16 6 4 -10 20 0 -10 0 4 -10
3 16 -6 10 -10 -6 4 -10 -20 0 -10
3 16 -6 16 -10 -20 24 -10 0 16 -10
3 16 6 10 -10 6 16 -10 20 24 -10