0 Bracket  1 x  2 -  2 x  2 Centered
0 Name: 7674.dat
0 Author: Rene Rechthaler [Blechtaler]
0 !LDRAW_ORG Part UPDATE 2026-01
0 !LICENSE Licensed under CC BY 4.0 : see CAreadme.txt

0 BFC CERTIFY CCW

0 !HISTORY 2025-05-01 {LEGO Instructions App} Original part shape
0 !HISTORY 2025-05-01 [Blechtaler] File preparation for LDraw Parts Tracker
0 !HISTORY 2026-01-29 [OrionP] Official Update 2026-01

1 16 0 0 0 -1 0 0 0 1 0 0 0 -1 stug-1x2.dat
1 16 0 8 0 20 0 0 0 -8 0 0 0 10 box4-4a.dat
0 BFC INVERTNEXT
1 16 0 8 -2 16 0 0 0 -4 0 0 0 8 box5-1.dat
4 16 -16 8 6 -20 8 10 20 8 10 16 8 6
4 16 20 8 10 20 8 -10 16 8 -10 16 8 6
4 16 -16 8 -10 -20 8 -10 -20 8 10 -16 8 6
1 16 10 4 -8 2 0 0 0 4 0 0 0 2 box4-1.dat
1 16 0 4 -8 2 0 0 0 4 0 0 0 2 box4-1.dat
1 16 -10 4 -8 2 0 0 0 4 0 0 0 2 box4-1.dat
1 16 0 4 0 1 0 0 0 -1 0 0 0 1 stud3.dat

1 16 18 22 -10 2 0 0 0 0 2 0 -4 0 1-4cylo.dat
1 16 18 -14 -10 2 0 0 0 0 -2 0 -4 0 1-4cylo.dat
1 16 -18 -14 -10 -2 0 0 0 0 -2 0 -4 0 1-4cylo.dat
1 16 -18 22 -10 -2 0 0 0 0 2 0 -4 0 1-4cylo.dat
1 16 18 22 -10 2 0 0 0 0 2 0 -1 0 1-4chrd.dat
1 16 18 -14 -10 2 0 0 0 0 -2 0 -1 0 1-4chrd.dat
1 16 -18 -14 -10 -2 0 0 0 0 -2 0 -1 0 1-4chrd.dat
1 16 -18 22 -10 -2 0 0 0 0 2 0 -1 0 1-4chrd.dat
1 16 18 22 -14 2 0 0 0 0 2 0 1 0 1-4chrd.dat
1 16 18 -14 -14 2 0 0 0 0 -2 0 1 0 1-4chrd.dat
1 16 -18 -14 -14 -2 0 0 0 0 -2 0 1 0 1-4chrd.dat
1 16 -18 22 -14 -2 0 0 0 0 2 0 1 0 1-4chrd.dat
4 16 -18 -16 -10 18 -16 -10 20 -14 -10 -20 -14 -10
4 16 -20 22 -10 -20 8 -10 -16 8 -10 -18 24 -10
4 16 -18 24 -10 -16 8 -10 16 8 -10 18 24 -10
4 16 20 22 -10 18 24 -10 16 8 -10 20 8 -10
4 16 20 -14 -14 18 -16 -14 18 24 -14 20 22 -14
4 16 20 8 -10 20 0 -10 20 -14 -14 20 22 -14
4 16 -18 24 -14 -18 -16 -14 -20 -14 -14 -20 22 -14
4 16 -20 0 -10 -20 8 -10 -20 22 -14 -20 -14 -14
3 16 -20 22 -14 -20 8 -10 -20 22 -10
3 16 -20 0 -10 -20 -14 -14 -20 -14 -10
3 16 20 -14 -10 20 -14 -14 20 0 -10
3 16 20 8 -10 20 22 -14 20 22 -10
2 24 -20 8 -10 -20 22 -10
2 24 -20 8 -10 -16 8 -10
2 24 16 8 -10 20 8 -10
2 24 20 8 -10 20 22 -10
2 24 -20 -14 -14 -20 22 -14
2 24 20 -14 -14 20 22 -14
1 16 0 -7 -10 20 0 0 0 0 7 0 -1 0 rect3.dat
1 16 0 4 -10 18 0 0 0 0 20 0 -4 0 box3u8p.dat
1 16 0 4 -14 -1 0 0 0 0 1 0 1 0 stug2-2x2.dat