0 Plate  2 x  6 with Rounded Corners with Raised Plate  3 x  2
0 Name: 7797.dat
0 Author: Magnus Forsberg [MagFors]
0 !LDRAW_ORG Part UPDATE 2026-01
0 !LICENSE Licensed under CC BY 4.0 : see CAreadme.txt

0 BFC CERTIFY CCW

0 !KEYWORDS Brickowl 1402709

0 !HISTORY 2026-01-01 {LEGO Instructions App} Original part shape
0 !HISTORY 2026-01-01 [MagFors] File preparation for LDraw Parts Tracker
0 !HISTORY 2026-01-29 [OrionP] Official Update 2026-01

1 16 10 -8 10 0 0 -1 0 1 0 1 0 0 stug-1x3.dat
1 16 -10 -8 10 0 0 -1 0 1 0 1 0 0 stug-1x3.dat
1 16 0 0 -30 0 0 -1 0 1 0 1 0 0 stug-4x1.dat
1 16 40 0 -10 0 0 -1 0 1 0 1 0 0 stug-2x1.dat
1 16 -40 0 -10 0 0 -1 0 1 0 1 0 0 stug-2x1.dat
1 16 -40 4 -20 0 0 1 0 -1 0 -1 0 0 stud4.dat
1 16 -20 4 -20 0 0 1 0 -1 0 -1 0 0 stud4a.dat
1 16 0 4 -20 0 0 1 0 -1 0 -1 0 0 stud4a.dat
1 16 20 4 -20 0 0 1 0 -1 0 -1 0 0 stud4a.dat
1 16 40 4 -20 0 0 1 0 -1 0 -1 0 0 stud4.dat
1 16 0 -4 20 0 0 1 0 -1 0 -1 0 0 stud4.dat
1 16 0 -4 0 1 0 0 0 -1 0 0 0 1 2-4stud4.dat
1 16 -7 -2 0 1 0 0 0 0 2 0 -1 0 recte3.dat
1 16 7 -2 0 1 0 0 0 0 2 0 -1 0 recte3.dat
1 16 -20 4 -20 0 0 6 0 -1 0 -6 0 0 4-4edge.dat
1 16 20 4 -20 0 0 6 0 -1 0 -6 0 0 4-4edge.dat
1 16 -20 4 -20 0 0 -8 0 -1 0 -8 0 0 9-16edge.dat
1 16 -20 4 -20 0 0 8 0 -1 0 -8 0 0 5-16edge.dat
1 16 20 4 -20 0 0 8 0 -1 0 -8 0 0 9-16edge.dat
1 16 20 4 -20 0 0 -8 0 -1 0 -8 0 0 5-16edge.dat
2 24 16 4 -13.236 16.9384 4 -12.6088
2 24 12.6088 4 -16.9384 12.9021 4 -16.5
2 24 -12.9021 4 -16.5 -12.609 4 -16.9386
2 24 -16.9385 4 -12.609 -16 4 -13.236
1 16 -40 0 -20 0 0 1 0 1 0 -1 0 0 s\7904s01.dat
1 16 40 0 -20 0 0 -1 0 1 0 -1 0 0 s\7904s01.dat
1 16 40 0 -20 1 0 0 0 1 0 0 0 1 s\7904s01.dat
1 16 -40 0 -20 -1 0 0 0 1 0 0 0 1 s\7904s01.dat
3 16 -16 4 -4 -56 4 -4 -56 8 -4
4 16 16 4 -4 -16 4 -4 -56 8 -4 56 8 -4
3 16 56 8 -4 56 4 -4 16 4 -4
1 16 0 6 -36 24 0 0 0 0 2 0 -1 0 rect2p.dat
4 16 60 8 0 56 8 -4 -56 8 -4 -60 8 0
4 16 -48.2843 4 -28.2843 48.2843 4 -28.2843 24 4 -36 -24 4 -36
4 16 -20 8 -40 -24 8 -36 24 8 -36 20 8 -40
4 16 16 4 -4 16 -4 -4 -16 -4 -4 -16 4 -4
4 16 -20 0 -20 -20 0 0 -60 0 0 -48.2843 0 -28.2843
4 16 20 0 -20 -20 0 -20 -48.2843 0 -28.2843 48.2843 0 -28.2843
4 16 20 0 -20 48.2843 0 -28.2843 60 0 0 20 0 0
4 16 48.2843 4 -28.2843 16 4 -13.236 16 4 -4 56 4 -4
4 16 12.9021 4 -16.5 48.2843 4 -28.2843 -48.2843 4 -28.2843 -12.9021 4 -16.5
3 16 12.9021 4 -16.5 16 4 -13.236 48.2843 4 -28.2843
4 16 -16 4 -4 -16 4 -13.236 -48.2843 4 -28.2843 -56 4 -4
3 16 -16 4 -13.236 -12.9021 4 -16.5 -48.2843 4 -28.2843
1 16 0 4 -40 -20 0 0 0 0 4 0 1 0 rect2p.dat
4 16 48.2843 0 -28.2843 -48.2843 0 -28.2843 -20 0 -40 20 0 -40
2 24 -60 8 0 60 8 0
2 24 60 0 0 20 0 0
2 24 -20 0 0 -60 0 0
2 24 -60 0 0 -60 8 0
2 24 60 8 0 60 0 0
0 BFC INVERTNEXT
1 16 0 0 18 16 0 0 0 -4 0 0 0 18 box5-1.dat

1 16 0 -4 -8.618 -16 0 0 0 -1 0 0 0 4.61801 rect3.dat
4 16 16 -4 -13.236 12.9021 -4 -16.5 -12.9021 -4 -16.5 -16 -4 -13.236
1 16 0 0 -16.5 0 0 12.90205 -4 0 0 0 -1 0 rect.dat
1 16 16 0 -8.618 0 1 0 0 0 4 4.61801 0 0 rect3.dat
1 16 -16 0 -8.618 0 -1 0 0 0 4 -4.61801 0 0 rect3.dat
2 24 16 4 -4 56 4 -4
2 24 56 4 -4 56 8 -4
2 24 56 8 -4 -56 8 -4
2 24 -56 8 -4 -56 4 -4
2 24 -56 4 -4 -16 4 -4

0 BFC INVERTNEXT
1 16 0 4 -20 0 0 -6 0 -8 0 6 0 0 3-16cyli.dat
0 BFC INVERTNEXT
1 16 0 4 -20 0 0 6 0 -8 0 6 0 0 3-16cyli.dat
1 16 0 4 -20 0 0 -8 0 -8 0 8 0 0 3-16cyli.dat
1 16 0 4 -20 0 0 8 0 -8 0 8 0 0 3-16cyli.dat
1 16 0 -4 -20 0 0 -6 0 -1 0 6 0 0 3-16edge.dat
1 16 0 -4 -20 0 0 6 0 -1 0 6 0 0 3-16edge.dat
1 16 0 -4 -20 0 0 -8 0 -1 0 8 0 0 3-16edge.dat
1 16 0 -4 -20 0 0 8 0 -1 0 8 0 0 3-16edge.dat
1 16 0 4 -20 0 0 6 0 -1 0 -6 0 0 5-16edge.dat
1 16 0 4 -20 0 0 -6 0 -1 0 -6 0 0 5-16edge.dat
1 16 0 4 -20 0 0 8 0 -1 0 -8 0 0 5-16edge.dat
1 16 0 4 -20 0 0 -8 0 -1 0 -8 0 0 5-16edge.dat
2 24 -7.0982 4 -16.5 -7.0982 -4 -16.5
2 24 7.0982 4 -16.5 7.0982 -4 -16.5
2 24 -4.7389 -4 -16.5 -4.7389 4 -16.5
2 24 4.7389 -4 -16.5 4.7389 4 -16.5
2 24 7.0982 4 -16.5 7.3912 4 -16.9384
2 24 4.7389 4 -16.5 5.5434 4 -17.7038
2 24 -5.5434 4 -17.7038 -4.7389 4 -16.5
2 24 -7.3912 4 -16.9384 -7.0982 4 -16.5
1 16 20 4 -20 -3.0615 0 -7.391 0 -8 0 7.391 0 -3.0615 1-8cyli.dat
1 16 -20 4 -20 3.0615 0 7.391 0 -8 0 7.391 0 -3.0615 1-8cyli.dat
1 16 20 -4 -20 -3.0615 0 -7.391 0 -1 0 7.391 0 -3.0615 1-8edge.dat
1 16 -20 -4 -20 3.0615 0 7.391 0 -1 0 7.391 0 -3.0615 1-8edge.dat
2 24 16 -4 -13.236 16 4 -13.236
4 16 -20 0 40 -16 0 36 -16 0 0 -20 0 0
4 16 20 0 0 16 0 0 16 0 36 20 0 40
4 16 -20 0 40 20 0 40 16 0 36 -16 0 36
1 16 0 0 10 0 0 -20 0 -8 0 30 0 0 box5.dat
3 16 0 -5.25 -16.562 -1.931 -5.25 -14.056 0 -5.25 -13.75
3 16 0 -5.25 -16.562 -3.674 -5.25 -14.944 -1.931 -5.25 -14.056
3 16 0 -5.25 -16.562 -5.201 -5.25 -16.562 -3.674 -5.25 -14.944
3 16 0 -5.25 -16.562 0 -5.25 -13.75 1.931 -5.25 -14.056
3 16 0 -5.25 -16.562 1.931 -5.25 -14.056 3.674 -5.25 -14.944
3 16 0 -5.25 -16.562 3.674 -5.25 -14.944 5.201 -5.25 -16.562
3 16 16 0 0 60 0 0 60 8 0
4 16 -16 0 0 16 0 0 60 8 0 -60 8 0
3 16 -60 8 0 -60 0 0 -16 0 0
2 24 0 -5.25 -16.562 -5.201 -5.25 -16.562
2 24 5.201 -5.25 -16.562 0 -5.25 -16.562
2 24 -20 0 0 -16 0 0
2 24 16 0 0 20 0 0