0 Slope Brick 31  1 x  1 x  0.667 Double Convex
0 Name: 7826.dat
0 Author: Gerald Lasser [GeraldLasser]
0 !LDRAW_ORG Part UPDATE 2026-01
0 !LICENSE Licensed under CC BY 4.0 : see CAreadme.txt

0 BFC CERTIFY CCW

0 !KEYWORDS Brickowl 1405542

0 !HISTORY 2026-01-29 [OrionP] Official Update 2026-01

0 // Inside and Bottom
4 16 -9 -1 9 -10 -1 10 10 -1 10 9 -1 9
4 16 9 0 9 6 0 6 -6 0 6 -9 0 9
4 16 -10 -1 -10 -10 -1 10 -9 -1 9 -9 -1 -9
4 16 -6 0 6 -6 0 -6 -9 0 -9 -9 0 9
4 16 -6 0 -6 6 0 -6 9 0 -9 -9 0 -9
4 16 10 -1 -10 -10 -1 -10 -9 -1 -9 9 -1 -9
4 16 9 -1 9 10 -1 10 10 -1 -10 9 -1 -9
4 16 9 0 -9 6 0 -6 6 0 6 9 0 9
1 16 0 -1 0 9 0 0 0 1 0 0 0 9 box4.dat

0 BFC INVERTNEXT
1 16 0 -2.3 0 0 6 0 2.3 0 0 0 0 -6 box2-5.dat
3 16 -6 -4.6 -6 -6 0 -6 -6 -4.6 -4
4 16 -6 -10.6 6 -6 -4.6 -4 -6 0 -6 -6 0 6
4 16 6 0 6 4 -4.6 6 -6 -10.6 6 -6 0 6
3 16 4 -4.6 6 6 0 6 6 -4.6 6
2 24 -6 0 6 6 0 6
2 24 -6 0 6 -6 0 -6
2 24 -6 -10.6 6 -6 0 6
2 24 -6 -4.6 -4 -6 -10.6 6
2 24 -6 -4.6 -4 -6 -4.6 -6
2 24 6 -4.6 6 4 -4.6 6
2 24 4 -4.6 6 -6 -10.6 6
2 24 4 -4.6 -4 4 -4.6 6
2 24 -6 -4.6 -4 4 -4.6 -4
2 24 4 -4.6 -4 -6 -10.6 6
3 16 -6 -4.6 -4 -6 -10.6 6 4 -4.6 -4
3 16 4 -4.6 -4 -6 -10.6 6 4 -4.6 6
4 16 6 -4.6 -6 -6 -4.6 -6 -6 -4.6 -4 4 -4.6 -4
4 16 6 -4.6 6 6 -4.6 -6 4 -4.6 -4 4 -4.6 6

0 // Outside
1 16 0 -2.5 0 0 10 0 1.5 0 0 0 0 -10 box2-5.dat
4 16 -10 -13.9 6.5 -10 -13.9 10 -10 -1 10 -10 -1 -10
3 16 -10 -4 -10 -10 -13.9 6.5 -10 -1 -10
3 16 10 -4 10 10 -1 10 -6.5 -13.9 10
4 16 -10 -1 10 -10 -13.9 10 -6.5 -13.9 10 10 -1 10
2 24 -10 -1 10 -10 -1 -10
2 24 -10 -1 10 10 -1 10
2 24 -10 -13.9 10 -10 -1 10
2 24 10 -4 10 -6.5 -13.9 10
2 24 -6.5 -13.9 6.5 10 -4 -10
2 24 -10 -4 -10 -10 -13.9 6.5
1 16 -8.25 -13.9 8.25 0 0 -1.75 0 1 0 1.75 0 0 rect.dat
4 16 10 -4 -10 10 -4 10 -6.5 -13.9 10 -6.5 -13.9 6.5
4 16 -6.5 -13.9 6.5 -10 -13.9 6.5 -10 -4 -10 10 -4 -10