0 Slope Brick 31  1 x  1 x  0.667 Double Concave
0 Name: 7827.dat
0 Author: Gerald Lasser [GeraldLasser]
0 !LDRAW_ORG Part UPDATE 2026-01
0 !LICENSE Licensed under CC BY 4.0 : see CAreadme.txt

0 BFC CERTIFY CCW

0 !KEYWORDS Brickowl 977359

0 !HISTORY 2026-01-29 [OrionP] Official Update 2026-01

1 16 0 0 -10 0 0 -1 0 1 0 1 0 0 s\7825s03.dat
1 16 10 0 0 -1 0 0 0 1 0 0 0 1 s\7825s03.dat

0 // Inside and Bottom
4 16 -9 -1 9 -10 -1 10 10 -1 10 9 -1 9
4 16 9 0 9 6 0 6 -6 0 6 -9 0 9
4 16 -10 -1 -10 -10 -1 10 -9 -1 9 -9 -1 -9
4 16 -6 0 6 -6 0 -6 -9 0 -9 -9 0 9
1 16 0 -1 0 9 0 0 0 1 0 0 0 9 box4.dat
0 BFC INVERTNEXT
1 16 0 -5.3 0 0 -6 0 5.3 0 0 0 0 6 box2-5.dat

1 16 5 -4.6 -5 1 0 0 0 -1 0 0 0 1 rect.dat
4 16 -6 -10.6 -6 -6 -10.6 6 4 -4.6 -4 4 -4.6 -6
4 16 6 -4.6 -4 4 -4.6 -4 -6 -10.6 6 6 -10.6 6
2 24 4 -4.6 -4 -6 -10.6 6
2 24 4 -4.6 -6 -6 -10.6 -6
2 24 6 -4.6 -4 6 -10.6 6
2 24 6 -4.6 -6 6 0 -6

0 // Outside
3 16 8 -15.6 10 10 -13.6 10 10 -1 10
3 16 -10 -13.6 -10 -10 -15.6 -8 -10 -1 -10
4 16 -10 -1 10 -10 -1 -10 -10 -15.6 -8 -10 -15.6 10
4 16 -10 -1 10 -10 -15.6 10 8 -15.6 10 10 -1 10

3 16 10 -13.6 6 9.41 -15.01 8.35 8 -15.6 9.3333
3 16 -8.35 -15.01 -9.41 -6 -13.6 -10 -9.3333 -15.6 -8
4 16 -9.3333 -15.6 9.3333 -9.3333 -15.6 -8 -6 -13.6 -10 10 -4 -10
4 16 8 -15.6 9.3333 -9.3333 -15.6 9.3333 10 -4 -10 10 -13.6 6
4 16 -9.3333 -15.6 9.3333 8 -15.6 9.3333 8 -15.6 10 -10 -15.6 10
4 16 -9.3333 -15.6 -8 -9.3333 -15.6 9.3333 -10 -15.6 10 -10 -15.6 -8

2 24 -10 -15.6 10 -10 -1 10
2 24 -10 -1 10 -10 -1 -10
2 24 -10 -1 10 10 -1 10
2 24 -10 -15.6 10 -10 -15.6 -8
2 24 8 -15.6 10 -10 -15.6 10
2 24 -9.3333 -15.6 9.3333 -9.3333 -15.6 -8
2 24 8 -15.6 9.3333 -9.3333 -15.6 9.3333
2 24 10 -4 -10 -9.3333 -15.6 9.3333
2 24 10 -4 -10 10 -1 -10