0 Animal Horse Foal with Mane and Tail
0 Name: 82445.dat
0 Author: Magnus Forsberg [MagFors]
0 !LDRAW_ORG Part UPDATE 2025-11
0 !LICENSE Licensed under CC BY 4.0 : see CAreadme.txt

0 BFC CERTIFY CCW

0 !HISTORY 2025-01-05 {LEGO Instructions App} Original part shape
0 !HISTORY 2025-01-05 [MagFors] File preparation for LDraw Parts Tracker
0 !HISTORY 2025-11-30 [OrionP] Official Update 2025-11

1 16 0 0 0 1 0 0 0 1 0 0 0 1 s\82445s01.dat
1 16 0 0 0 1 0 0 0 1 0 0 0 1 s\82445s02.dat

3 16 7.617 -15.106 -33.002 5.977 -16.574 -40.387 7.402 -12.016 -34.508
3 16 7.402 -12.016 -34.508 5.602 -13.593 -41.459 6.848 -9.148 -36.708
3 16 7.402 -12.016 -34.508 5.977 -16.574 -40.387 5.602 -13.593 -41.459
3 16 6.848 -9.148 -36.708 5.602 -13.593 -41.459 5.199 -9.988 -42.462

3 16 -5.977 -16.574 -40.387 -7.617 -15.106 -33.002 -7.402 -12.016 -34.508
3 16 -5.602 -13.593 -41.459 -7.402 -12.016 -34.508 -6.848 -9.148 -36.708
3 16 -5.977 -16.574 -40.387 -7.402 -12.016 -34.508 -5.602 -13.593 -41.459
3 16 -5.602 -13.593 -41.459 -6.848 -9.148 -36.708 -5.199 -9.988 -42.462
