0 Minifig Torso with Zipper Jacket, Pockets and Bulldozer Logo Pattern
0 Name: 973p5y.dat
0 Author: Chris Böhnke [KnightOfTarenta]
0 !LDRAW_ORG Part UPDATE 2026-01
0 !LICENSE Licensed under CC BY 4.0 : see CAreadme.txt

0 BFC CERTIFY CCW

0 !KEYWORDS Bill Ding, Bricklink 973px122, BrickOwl 845377-39, city center
0 !KEYWORDS Construction, dacta, Lorry Driver, overalls, Set 4557, Set 6326
0 !KEYWORDS Set 6329, Set 6439, Set 6447, Set 6535, Set 6565, set 6581, set 9293
0 !KEYWORDS town, Town Junior, Trains

0 !HISTORY 2026-01-29 [OrionP] Official Update 2026-01

0 // Base Part
1 16 0 0 0 1 0 0 0 1 0 0 0 1 s\973s01.dat
4 16 19 29 10 19 32 10 -19 32 10 -19 29 10
4 16 -14.345 2 10 14.345 2 10 19 29 10 -19 29 10
4 16 -14.345 2 10 -12 0 10 12 0 10 14.345 2 10
1 0 0 -4 0 4.243 0 -4.243 0 -8 0 -4.243 0 -4.243 1-4cyli.dat

0 // Pattern
1 16 0 0 0 1 0 0 0 1 0 0 0 1 s\973p5ys01.dat
1 7 0 0 0 1 0 0 0 1 0 0 0 1 s\973p5ys02.dat
1 7 0 0 0 -1 0 0 0 1 0 0 0 1 s\973p5ys02.dat

0 // Bulldozer Logo
0 // Colour 0 Black
3 0 12.712 16 -10 12.4 17.1 -10 12.762 17.148 -10
3 0 12.712 16 -10 12.038 17.148 -10 12.4 17.1 -10
3 0 14.112 16 -10 13.1 17.288 -10 13.39 17.51 -10
4 0 8.222 19.278 -10 8.579 19.516 -10 8.751 19.101 -10 8.54 18.96 -10
4 0 8.54 18.96 -10 8.399 18.749 -10 7.984 18.921 -10 8.222 19.278 -10
4 0 8.751 19.101 -10 8.579 19.516 -10 9 19.6 -10 9 19.15 -10
4 0 8.399 18.749 -10 8.35 18.5 -10 7.9 18.5 -10 7.984 18.921 -10
4 0 9.421 19.516 -10 9.249 19.101 -10 9 19.15 -10 9 19.6 -10
4 0 8.35 18.5 -10 8.399 18.251 -10 7.984 18.079 -10 7.9 18.5 -10
4 0 8.399 18.251 -10 8.54 18.04 -10 8.222 17.722 -10 7.984 18.079 -10
4 0 9.249 19.101 -10 9.421 19.516 -10 9.778 19.278 -10 9.46 18.96 -10
4 0 8.579 17.484 -10 8.222 17.722 -10 8.54 18.04 -10 8.751 17.899 -10
4 0 9.778 19.278 -10 10.016 18.921 -10 9.601 18.749 -10 9.46 18.96 -10
4 0 9.421 17.484 -10 9 17.4 -10 9 17.85 -10 9.249 17.899 -10
4 0 9 17.85 -10 9 17.4 -10 8.579 17.484 -10 8.751 17.899 -10
4 0 9.65 18.5 -10 9.601 18.749 -10 10.016 18.921 -10 10.1 18.5 -10
4 0 9.601 18.251 -10 9.65 18.5 -10 10.1 18.5 -10 10.016 18.079 -10
4 0 9.46 18.04 -10 9.601 18.251 -10 10.016 18.079 -10 9.778 17.722 -10
4 0 9.249 17.899 -10 9.46 18.04 -10 9.778 17.722 -10 9.421 17.484 -10
4 0 6.658 19.253 -10 5.855 19.122 -10 5.381 19.225 -10 6.178 19.295 -10
4 0 7.439 18.714 -10 5.855 19.122 -10 6.658 19.253 -10 7.095 19.052 -10
4 0 7.697 17.801 -10 5.855 19.122 -10 7.439 18.714 -10 7.647 18.28 -10
4 0 7.313 16.933 -10 5.855 19.122 -10 7.697 17.801 -10 7.58 17.334 -10
4 0 6.779 16.584 -10 5.855 19.122 -10 7.163 16.797 -10 6.979 16.676 -10
4 0 5.855 19.122 -10 7.313 16.933 -10 7.457 16.492 -10 7.163 16.797 -10
4 0 8.223 16.142 -10 7.818 16.269 -10 7.611 16.731 -10 7.948 16.606 -10
4 0 7.313 16.933 -10 7.611 16.731 -10 7.818 16.269 -10 7.457 16.492 -10
4 0 9.063 16.203 -10 8.663 16.609 -10 8.856 17.107 -10 9.242 17.121 -10
4 0 9.063 16.203 -10 8.647 16.12 -10 8.306 16.564 -10 8.663 16.609 -10
4 0 7.948 16.606 -10 8.306 16.564 -10 8.647 16.12 -10 8.223 16.142 -10
4 0 9.263 16 -10 9.063 16.203 -10 9.242 17.121 -10 9.609 17.24 -10
4 0 9.931 17.454 -10 10.181 17.748 -10 10.742 17.403 -10 9.643 15.7 -10
4 0 10.342 18.1 -10 10.742 18.1 -10 10.742 17.403 -10 10.181 17.748 -10
4 0 9.643 15.7 -10 9.263 16 -10 9.609 17.24 -10 9.931 17.454 -10
4 0 9.643 15.7 -10 10.742 17.403 -10 11.463 16 -10 11.163 15.7 -10
4 0 9.263 16 -10 9.643 15.7 -10 10 14.2 -10 9.763 13.9 -10
4 0 11.463 13.9 -10 9.763 13.9 -10 10 14.2 -10 11.163 14.2 -10
4 0 11.163 14.2 -10 11.163 15.7 -10 11.463 16 -10 11.463 13.9 -10
4 0 8.856 17.107 -10 8.663 16.609 -10 8.08 17.2 -10 8.48 17.2 -10
4 0 11.799 18.749 -10 11.384 18.921 -10 11.622 19.278 -10 11.94 18.96 -10
4 0 11.979 19.516 -10 12.151 19.101 -10 11.94 18.96 -10 11.622 19.278 -10
4 0 11.3 18.5 -10 11.384 18.921 -10 11.799 18.749 -10 11.75 18.5 -10
4 0 11.979 19.516 -10 12.4 19.6 -10 12.4 19.15 -10 12.151 19.101 -10
4 0 12.4 19.15 -10 12.4 19.6 -10 12.821 19.516 -10 12.649 19.101 -10
4 0 11.384 18.079 -10 11.3 18.5 -10 11.75 18.5 -10 11.799 18.251 -10
4 0 12.86 18.96 -10 12.649 19.101 -10 12.821 19.516 -10 13.178 19.278 -10
4 0 11.622 17.722 -10 11.384 18.079 -10 11.799 18.251 -10 11.94 18.04 -10
4 0 11.979 17.484 -10 11.622 17.722 -10 11.94 18.04 -10 12.151 17.899 -10
4 0 13.001 18.749 -10 12.86 18.96 -10 13.178 19.278 -10 13.416 18.921 -10
4 0 13.416 18.921 -10 13.5 18.5 -10 13.05 18.5 -10 13.001 18.749 -10
4 0 12.4 17.85 -10 12.4 17.4 -10 11.979 17.484 -10 12.151 17.899 -10
4 0 13.001 18.251 -10 13.05 18.5 -10 13.5 18.5 -10 13.416 18.079 -10
4 0 12.4 17.85 -10 12.649 17.899 -10 12.821 17.484 -10 12.4 17.4 -10
4 0 12.821 17.484 -10 12.649 17.899 -10 12.86 18.04 -10 13.178 17.722 -10
4 0 13.001 18.251 -10 13.416 18.079 -10 13.178 17.722 -10 12.86 18.04 -10
4 0 11.912 16 -10 10.988 17.8 -10 11.188 17.8 -10 11.41 17.51 -10
4 0 11.912 16 -10 11.41 17.51 -10 11.7 17.288 -10 12.212 16 -10
4 0 12.212 16 -10 11.7 17.288 -10 12.038 17.148 -10 12.712 16 -10
4 0 14.112 16 -10 12.712 16 -10 12.762 17.148 -10 13.1 17.288 -10
4 0 13.39 17.51 -10 13.612 17.8 -10 14.112 17.4 -10 14.112 16 -10
4 0 13.612 17.8 -10 14.512 17.8 -10 14.482 17.647 -10 14.112 17.4 -10
4 0 14.266 17.43 -10 14.112 17.4 -10 14.482 17.647 -10 14.395 17.517 -10
4 0 12.212 15 -10 12.212 16 -10 12.712 16 -10 12.712 15 -10

0 // Colour 4 Red
3 4 15.528 19.692 -10 15.846 19.824 -10 15.7 19.727 -10
3 4 8.146 11.815 -10 8 12.9 -10 8.411 11.934 -10
4 4 3.732 20.592 -10 4.078 19.692 -10 3.212 20.361 -10 3.447 20.532 -10
4 4 3.036 19.819 -10 3.066 20.109 -10 3.212 20.361 -10 4.078 19.692 -10
4 4 15.528 19.692 -10 4.078 19.692 -10 3.732 20.592 -10 15.528 20.592 -10
4 4 7.589 11.934 -10 7.394 12.15 -10 4.078 19.692 -10 8 12.9 -10
4 4 3.036 19.819 -10 4.078 19.692 -10 7.394 12.15 -10 3.126 19.542 -10
4 4 15.846 19.824 -10 15.528 19.692 -10 15.528 20.592 -10 15.7 20.558 -10
4 4 9.463 13.702 -10 9.406 13.536 -10 9.374 14.035 -10 9.451 13.877 -10
4 4 9.374 14.035 -10 9.406 13.536 -10 9.075 14.207 -10 9.242 14.15 -10
4 4 9.075 14.207 -10 9.406 13.536 -10 8.743 14.118 -10 8.9 14.195 -10
4 4 8.743 14.118 -10 9.406 13.536 -10 8 12.9 -10 8.627 13.986 -10
4 4 15.978 20.142 -10 15.943 19.97 -10 15.846 20.46 -10 15.943 20.315 -10
4 4 15.943 19.97 -10 15.846 19.824 -10 15.7 20.558 -10 15.846 20.46 -10
4 4 7.589 11.934 -10 8 12.9 -10 8.146 11.815 -10 7.854 11.815 -10
4 4 9.406 13.536 -10 8.606 12.15 -10 8.411 11.934 -10 8 12.9 -10

0 // Colour 15 White
3 15 7.457 16.492 -10 6.979 16.676 -10 7.163 16.797 -10
3 15 9.609 17.24 -10 9 17.4 -10 9.421 17.484 -10
3 15 11.188 17.8 -10 10.988 17.8 -10 11.384 18.079 -10
3 15 8.9 14.195 -10 9.263 16 -10 9.075 14.207 -10
3 15 9.242 14.15 -10 9.075 14.207 -10 9.263 16 -10
3 15 9.374 14.035 -10 9.242 14.15 -10 9.263 16 -10
3 15 9.728 13.492 -10 9.406 13.536 -10 9.463 13.702 -10
3 15 14.728 18.492 -10 13.416 18.921 -10 13.178 19.278 -10
3 15 16.058 19.612 -10 15.7 19.727 -10 15.846 19.824 -10
3 15 11.463 13.9 -10 11.463 16 -10 11.912 16 -10
3 15 15.228 16.892 -10 14.395 17.517 -10 14.482 17.647 -10
3 15 15.228 16.892 -10 14.266 17.43 -10 14.395 17.517 -10
3 15 13.628 14.492 -10 12.712 15 -10 13.628 15.492 -10
3 15 8.306 16.564 -10 8.08 17.2 -10 8.663 16.609 -10
3 15 5.381 19.225 -10 4.078 19.692 -10 6.178 19.295 -10
3 15 8 12.9 -10 4.078 19.692 -10 5.381 19.225 -10
3 15 11.912 16 -10 11.463 16 -10 10.988 17.8 -10
3 15 9.249 17.899 -10 8.35 18.5 -10 9.601 18.749 -10
3 15 9.249 17.899 -10 9.601 18.251 -10 9.46 18.04 -10
3 15 12.4 17.85 -10 12.86 18.04 -10 12.649 17.899 -10
3 15 12.86 18.04 -10 13.05 18.5 -10 13.001 18.251 -10
4 15 2.989 20.561 -10 3.325 20.806 -10 3.447 20.532 -10 3.212 20.361 -10
4 15 2.781 20.201 -10 2.989 20.561 -10 3.212 20.361 -10 3.066 20.109 -10
4 15 3.325 20.806 -10 3.732 20.892 -10 3.732 20.592 -10 3.447 20.532 -10
4 15 2.738 19.788 -10 2.781 20.201 -10 3.066 20.109 -10 3.036 19.819 -10
4 15 2.866 19.392 -10 2.738 19.788 -10 3.036 19.819 -10 3.126 19.542 -10
4 15 6.658 19.253 -10 8.222 19.278 -10 7.984 18.921 -10 7.095 19.052 -10
4 15 7.095 19.052 -10 7.984 18.921 -10 7.9 18.5 -10 7.439 18.714 -10
4 15 7.984 18.079 -10 7.647 18.28 -10 7.439 18.714 -10 7.9 18.5 -10
4 15 5.381 19.225 -10 5.855 19.122 -10 6.779 16.584 -10 8 12.9 -10
4 15 7.647 18.28 -10 7.984 18.079 -10 8.222 17.722 -10 7.697 17.801 -10
4 15 8.08 17.2 -10 7.611 16.731 -10 7.313 16.933 -10 7.58 17.334 -10
4 15 7.58 17.334 -10 7.697 17.801 -10 8.222 17.722 -10 8.08 17.2 -10
4 15 7.818 16.269 -10 6.779 16.584 -10 6.979 16.676 -10 7.457 16.492 -10
4 15 8.08 17.2 -10 8.222 17.722 -10 8.579 17.484 -10 8.48 17.2 -10
4 15 7.611 16.731 -10 8.08 17.2 -10 8.306 16.564 -10 7.948 16.606 -10
4 15 9 17.4 -10 8.856 17.107 -10 8.48 17.2 -10 8.579 17.484 -10
4 15 9.242 17.121 -10 8.856 17.107 -10 9 17.4 -10 9.609 17.24 -10
4 15 11.979 19.516 -10 11.622 19.278 -10 9.778 19.278 -10 9.421 19.516 -10
4 15 9.931 17.454 -10 9.778 17.722 -10 10.016 18.079 -10 10.181 17.748 -10
4 15 10.1 18.5 -10 10.342 18.1 -10 10.181 17.748 -10 10.016 18.079 -10
4 15 10.016 18.921 -10 9.778 19.278 -10 11.622 19.278 -10 11.384 18.921 -10
4 15 9.778 17.722 -10 9.931 17.454 -10 9.609 17.24 -10 9.421 17.484 -10
4 15 9 19.6 -10 12.4 19.6 -10 11.979 19.516 -10 9.421 19.516 -10
4 15 10.1 18.5 -10 10.016 18.921 -10 11.384 18.921 -10 11.3 18.5 -10
4 15 10.342 18.1 -10 10.1 18.5 -10 11.3 18.5 -10 10.742 18.1 -10
4 15 8.9 14.195 -10 8.647 16.12 -10 9.063 16.203 -10 9.263 16 -10
4 15 10.988 17.8 -10 10.742 18.1 -10 11.3 18.5 -10 11.384 18.079 -10
4 15 10.742 17.403 -10 10.742 18.1 -10 10.988 17.8 -10 11.463 16 -10
4 15 11.41 17.51 -10 11.188 17.8 -10 11.384 18.079 -10 11.622 17.722 -10
4 15 11.41 17.51 -10 11.622 17.722 -10 11.979 17.484 -10 11.7 17.288 -10
4 15 7.818 16.269 -10 8.223 16.142 -10 8.743 14.118 -10 8.627 13.986 -10
4 15 8.743 14.118 -10 8.223 16.142 -10 8.647 16.12 -10 8.9 14.195 -10
4 15 11.7 17.288 -10 11.979 17.484 -10 12.4 17.4 -10 12.038 17.148 -10
4 15 7.818 16.269 -10 8.627 13.986 -10 8 12.9 -10 6.779 16.584 -10
4 15 15.815 20.835 -10 15.7 20.558 -10 15.528 20.592 -10 15.528 20.892 -10
4 15 13.178 19.278 -10 12.821 19.516 -10 14.728 19.392 -10 14.728 18.492 -10
4 15 15.7 20.558 -10 15.815 20.835 -10 16.058 20.673 -10 15.846 20.46 -10
4 15 12.038 17.148 -10 12.4 17.4 -10 12.762 17.148 -10 12.4 17.1 -10
4 15 16.221 20.429 -10 15.943 20.315 -10 15.846 20.46 -10 16.058 20.673 -10
4 15 7.589 11.934 -10 7.412 11.691 -10 7.134 12 -10 7.394 12.15 -10
4 15 13.39 17.51 -10 13.1 17.288 -10 12.821 17.484 -10 13.178 17.722 -10
4 15 12.4 17.4 -10 12.821 17.484 -10 13.1 17.288 -10 12.762 17.148 -10
4 15 14.512 17.8 -10 13.612 17.8 -10 13.416 18.079 -10 13.5 18.5 -10
4 15 9.763 13.9 -10 9.451 13.877 -10 9.374 14.035 -10 9.263 16 -10
4 15 13.416 18.079 -10 13.612 17.8 -10 13.39 17.51 -10 13.178 17.722 -10
4 15 15.815 19.449 -10 15.528 19.392 -10 14.728 19.392 -10 15.528 19.692 -10
4 15 15.943 20.315 -10 16.221 20.429 -10 16.278 20.142 -10 15.978 20.142 -10
4 15 16.221 19.855 -10 15.943 19.97 -10 15.978 20.142 -10 16.278 20.142 -10
4 15 9.451 13.877 -10 9.763 13.9 -10 9.728 13.492 -10 9.463 13.702 -10
4 15 14.512 17.8 -10 13.5 18.5 -10 13.416 18.921 -10 14.728 18.492 -10
4 15 7.412 11.691 -10 7.589 11.934 -10 7.854 11.815 -10 7.792 11.522 -10
4 15 16.058 19.612 -10 15.846 19.824 -10 15.943 19.97 -10 16.221 19.855 -10
4 15 15.528 19.692 -10 15.7 19.727 -10 16.058 19.612 -10 15.815 19.449 -10
4 15 7.792 11.522 -10 7.854 11.815 -10 8.146 11.815 -10 8.208 11.522 -10
4 15 9.728 13.492 -10 8.866 12 -10 8.606 12.15 -10 9.406 13.536 -10
4 15 8.588 11.691 -10 8.411 11.934 -10 8.606 12.15 -10 8.866 12 -10
4 15 8.411 11.934 -10 8.588 11.691 -10 8.208 11.522 -10 8.146 11.815 -10
4 15 11.912 16 -10 12.212 16 -10 12.212 15 -10 11.463 13.9 -10
4 15 12.628 13.492 -10 9.728 13.492 -10 9.763 13.9 -10 11.463 13.9 -10
4 15 13.628 14.492 -10 12.628 14.492 -10 12.212 15 -10 12.712 15 -10
4 15 12.628 13.492 -10 11.463 13.9 -10 12.212 15 -10 12.628 14.492 -10
4 15 14.112 16 -10 13.628 15.492 -10 12.712 15 -10 12.712 16 -10
4 15 14.112 17.4 -10 14.266 17.43 -10 15.228 16.892 -10 14.112 16 -10
4 15 15.228 16.892 -10 14.482 17.647 -10 14.512 17.8 -10 14.728 18.492 -10
4 15 15.228 16.892 -10 14.728 18.492 -10 15.628 18.492 -10 15.628 16.892 -10
4 15 13.628 15.492 -10 14.112 16 -10 15.228 16.892 -10 15.228 15.492 -10
4 15 2.866 19.392 -10 3.126 19.542 -10 7.394 12.15 -10 7.134 12 -10
4 15 15.528 20.592 -10 3.732 20.592 -10 3.732 20.892 -10 15.528 20.892 -10
4 15 12.4 19.6 -10 9 19.6 -10 4.078 19.692 -10 15.528 19.692 -10
4 15 6.178 19.295 -10 4.078 19.692 -10 9 19.6 -10 8.579 19.516 -10
4 15 12.4 19.6 -10 15.528 19.692 -10 14.728 19.392 -10 12.821 19.516 -10
4 15 8.222 19.278 -10 6.658 19.253 -10 6.178 19.295 -10 8.579 19.516 -10
4 15 8.751 19.101 -10 9 19.15 -10 8.399 18.749 -10 8.54 18.96 -10
4 15 9 19.15 -10 9.249 19.101 -10 9.46 18.96 -10 8.399 18.749 -10
4 15 8.399 18.749 -10 9.46 18.96 -10 9.601 18.749 -10 8.35 18.5 -10
4 15 8.399 18.251 -10 9 17.85 -10 8.751 17.899 -10 8.54 18.04 -10
4 15 9.601 18.251 -10 9.249 17.899 -10 9.601 18.749 -10 9.65 18.5 -10
4 15 9 17.85 -10 8.399 18.251 -10 8.35 18.5 -10 9.249 17.899 -10
4 15 9.643 15.7 -10 11.163 15.7 -10 11.163 14.2 -10 10 14.2 -10
4 15 11.94 18.96 -10 12.151 19.101 -10 12.4 19.15 -10 11.799 18.749 -10
4 15 11.75 18.5 -10 11.799 18.749 -10 12.4 19.15 -10 11.799 18.251 -10
4 15 12.4 17.85 -10 12.151 17.899 -10 11.94 18.04 -10 11.799 18.251 -10
4 15 12.4 17.85 -10 11.799 18.251 -10 12.4 19.15 -10 12.86 18.04 -10
4 15 12.86 18.04 -10 12.86 18.96 -10 13.001 18.749 -10 13.05 18.5 -10
4 15 12.649 19.101 -10 12.86 18.96 -10 12.86 18.04 -10 12.4 19.15 -10

0 // Pockets and Empty Areas
0 // Colour 0 Black
1 0 -3.12 24.524 -10 .5 0 0 0 0 .5 0 1 0 1-4chrd.dat
1 0 -3.12 24.524 -10 0 0 -.5 .5 0 0 0 1 0 3-16chrd.dat
1 0 3.12 24.524 -10 -.5 0 0 0 0 .5 0 1 0 1-4chrd.dat
1 0 3.12 24.524 -10 0 0 .5 .5 0 0 0 1 0 3-16chrd.dat
1 0 -15.87 29.805 -10 .5 0 0 0 0 .5 0 1 0 1-4chrd.dat
1 0 -15.87 29.805 -10 0 0 -.5 .5 0 0 0 1 0 3-16chrd.dat
1 0 15.87 29.805 -10 -.5 0 0 0 0 .5 0 1 0 1-4chrd.dat
1 0 15.87 29.805 -10 0 0 .5 .5 0 0 0 1 0 3-16chrd.dat
3 0 -2.65805 24.33265 -10 -3.12 25.024 -10 -2.62 24.524 -10
3 0 -3.5 22.3 -10 -4.041 23.607 -10 -2.65805 24.33265 -10
3 0 -10.996 21.319 -10 -11.25 22.3 -10 -10 21.407 -10
3 0 -9.481 21.453 -10 -9 22.5 -10 -9 21.496 -10
3 0 -8 21.407 -10 -8.519 21.453 -10 -6.75 22.3 -10
3 0 -6.426 21.062 -10 -7.004 21.319 -10 -5.85 21.9 -10
3 0 -9 14.397 -10 -10 15.317 -10 -9.499 15.358 -10
3 0 -9 14.397 -10 -11.4 15.2 -10 -10 15.317 -10
4 0 -15.37 29.805 -10 -15.40805 29.61365 -10 -16.33195 29.99635 -10 -15.87 30.305 -10
4 0 -17.173 27.964 -10 -16.33195 29.99635 -10 -15.40805 29.61365 -10 -15.867 28.505 -10
4 0 -3.5 22.3 -10 -17.173 27.964 -10 -15.867 28.505 -10 -4.041 23.607 -10
4 0 -3.12 25.024 -10 -2.65805 24.33265 -10 -4.041 23.607 -10 -3.58195 24.71535 -10
4 0 -12.159 20.477 -10 -12.95 21.1 -10 -12.15 21.9 -10 -11.574 21.062 -10
4 0 -13.5 20.2 -10 -12.95 21.1 -10 -12.159 20.477 -10 -12.549 19.838 -10
4 0 -12.15 21.9 -10 -11.25 22.3 -10 -10.996 21.319 -10 -11.574 21.062 -10
4 0 -13.5 20.2 -10 -12.549 19.838 -10 -12.698 19.022 -10 -13.7 19.1 -10
4 0 -11.25 22.3 -10 -9 22.5 -10 -9.481 21.453 -10 -10 21.407 -10
4 0 -12.652 17.095 -10 -13.65 17 -10 -13.7 19.1 -10 -12.698 19.022 -10
4 0 -8.519 21.453 -10 -9 21.496 -10 -9 22.5 -10 -6.75 22.3 -10
4 0 -7.004 21.319 -10 -8 21.407 -10 -6.75 22.3 -10 -5.85 21.9 -10
4 0 -13.65 17 -10 -12.652 17.095 -10 -12.312 15.056 -10 -13.3 14.9 -10
4 0 -12.312 15.056 -10 -12.561 14.1 -10 -13.7 14 -10 -13.3 14.9 -10
4 0 -9 14.397 -10 -12.561 14.1 -10 -12.312 15.056 -10 -11.4 15.2 -10
4 0 -13.7 14 -10 -12.561 14.1 -10 -12.721 13.741 -10 -13.8 13 -10
4 0 -5.841 20.477 -10 -6.426 21.062 -10 -5.85 21.9 -10 -5.05 21.1 -10
4 0 -13.8 13 -10 -12.721 13.741 -10 -12.756 13 -10 -13.5 12 -10
4 0 -5.841 20.477 -10 -5.05 21.1 -10 -4.5 20.2 -10 -5.451 19.838 -10
4 0 -4.5 20.2 -10 -4.3 19.1 -10 -5.302 19.022 -10 -5.451 19.838 -10
4 0 -8.501 15.358 -10 -9 14.397 -10 -9.499 15.358 -10 -9 15.4 -10
4 0 -9 14.397 -10 -8.501 15.358 -10 -8 15.317 -10 -5.439 14.1 -10
4 0 -5.439 14.1 -10 -8 15.317 -10 -6.6 15.2 -10 -5.688 15.056 -10
4 0 -4.3 19.1 -10 -4.35 17 -10 -5.348 17.095 -10 -5.302 19.022 -10
4 0 -4.35 17 -10 -4.7 14.9 -10 -5.688 15.056 -10 -5.348 17.095 -10
4 0 -5.688 15.056 -10 -4.7 14.9 -10 -4.3 14 -10 -5.439 14.1 -10
4 0 -5.279 13.741 -10 -5.439 14.1 -10 -4.3 14 -10 -4.2 13 -10
4 0 -5.244 13 -10 -5.279 13.741 -10 -4.2 13 -10 -4.5 12 -10
4 0 -12.756 13 -10 -5.244 13 -10 -4.5 12 -10 -13.5 12 -10
4 0 2.62 24.524 -10 3.12 25.024 -10 3.58195 24.71535 -10 2.65805 24.33265 -10
4 0 3.58195 24.71535 -10 4.041 23.607 -10 3.5 22.3 -10 2.65805 24.33265 -10
4 0 15.37 29.805 -10 15.87 30.305 -10 16.33195 29.99635 -10 15.40805 29.61365 -10
4 0 4.041 23.607 -10 15.867 28.505 -10 17.173 27.964 -10 3.5 22.3 -10
4 0 15.40805 29.61365 -10 16.33195 29.99635 -10 17.173 27.964 -10 15.867 28.505 -10
4 0 -10.219 19.892 -10 -10 21.407 -10 -9.481 21.453 -10 -9.714 19.915 -10
4 0 -9.714 19.915 -10 -9.792 18.362 -10 -10.292 18.362 -10 -10.219 19.892 -10
4 0 -10.292 18.362 -10 -9.792 18.362 -10 -9.719 16.853 -10 -10.219 16.832 -10
4 0 -10.219 16.832 -10 -9.719 16.853 -10 -9.499 15.358 -10 -10 15.317 -10
4 0 -8.519 21.453 -10 -8 21.407 -10 -7.781 19.892 -10 -8.286 19.915 -10
4 0 -8.286 19.915 -10 -7.781 19.892 -10 -7.708 18.362 -10 -8.208 18.362 -10
4 0 -7.708 18.362 -10 -7.781 16.832 -10 -8.281 16.853 -10 -8.208 18.362 -10
4 0 -7.781 16.832 -10 -8 15.317 -10 -8.501 15.358 -10 -8.281 16.853 -10
4 0 -8.75 14.2 -10 -8.75 13.2 -10 -9.25 13.2 -10 -9.25 14.2 -10

0 // Colour 16 Main Colour
1 16 -3.12 24.524 -10 .5 0 0 0 0 .5 0 1 0 1-4ndis.dat
1 16 -3.12 24.524 -10 0 0 -.5 .5 0 0 0 1 0 3-16ndis.dat
1 16 -3.12 24.524 -10 .5 0 0 0 0 -.5 0 1 0 1-16ndis.dat
1 16 3.12 24.524 -10 -.5 0 0 0 0 .5 0 1 0 1-4ndis.dat
1 16 3.12 24.524 -10 0 0 .5 .5 0 0 0 1 0 3-16ndis.dat
1 16 3.12 24.524 -10 -.5 0 0 0 0 -.5 0 1 0 1-16ndis.dat
1 16 -15.87 29.805 -10 .5 0 0 0 0 .5 0 1 0 1-4ndis.dat
1 16 -15.87 29.805 -10 0 0 -.5 .5 0 0 0 1 0 3-16ndis.dat
1 16 -15.87 29.805 -10 .5 0 0 0 0 -.5 0 1 0 1-16ndis.dat
1 16 15.87 29.805 -10 -.5 0 0 0 0 .5 0 1 0 1-4ndis.dat
1 16 15.87 29.805 -10 0 0 .5 .5 0 0 0 1 0 3-16ndis.dat
1 16 15.87 29.805 -10 -.5 0 0 0 0 -.5 0 1 0 1-16ndis.dat
3 16 -11.25 22.3 -10 -17.173 27.964 -10 -9 22.5 -10
3 16 -5.85 21.9 -10 -6.75 22.3 -10 -3.5 22.3 -10
3 16 -5.05 21.1 -10 -5.85 21.9 -10 -3.5 22.3 -10
3 16 -1.2 20.696 -10 -3.5 22.3 -10 -1.2 21.596 -10
3 16 -1.2 21.596 -10 -3.5 22.3 -10 -1.2 22.496 -10
3 16 1.2 21.596 -10 1.2 22.496 -10 3.5 22.3 -10
3 16 -4.35 17 -10 -1.2 18.896 -10 -1.2 17.996 -10
3 16 -4.5 12 -10 -4.2 13 -10 -1.2 12.928 -10
3 16 -14.345 2 -10 -13.8 13 -10 -13.5 12 -10
3 16 -13.7 14 -10 -13.65 17 -10 -13.3 14.9 -10
3 16 -13.65 17 -10 -17.173 27.964 -10 -13.7 19.1 -10
3 16 -13.7 19.1 -10 -17.173 27.964 -10 -13.5 20.2 -10
3 16 -13.5 20.2 -10 -17.173 27.964 -10 -12.95 21.1 -10
3 16 -12.95 21.1 -10 -17.173 27.964 -10 -12.15 21.9 -10
3 16 -12.15 21.9 -10 -17.173 27.964 -10 -11.25 22.3 -10
3 16 -8.75 14.2 -10 -9.25 14.2 -10 -9 14.397 -10
3 16 -8.501 15.358 -10 -9 15.4 -10 -8.281 16.853 -10
3 16 -8.286 19.915 -10 -9 21.496 -10 -8.519 21.453 -10
3 16 -6.6 15.2 -10 -8 15.317 -10 -7.781 16.832 -10
3 16 -12.312 15.056 -10 -12.652 17.095 -10 -11.4 15.2 -10
3 16 -9.259 5.673 -10 -4.5 12 -10 -1.2 12.928 -10
3 16 -3.5 22.3 -10 -2.65805 24.33265 -10 -2.62 24.024 -10
3 16 -15.867 28.505 -10 -15.40805 29.61365 -10 -15.37 29.305 -10
3 16 -3.62 25.024 -10 -15.867 28.505 -10 -15.37 29.305 -10
3 16 -1.2 26.096 -10 -15.37 30.305 -10 -1.2 26.996 -10
3 16 -1.2 26.996 -10 -15.37 30.305 -10 -1.2 27.896 -10
3 16 -1.2 27.896 -10 -15.37 30.305 -10 -1.2 28.796 -10
3 16 -1.2 28.796 -10 -15.37 30.305 -10 -1.2 29.696 -10
3 16 -16.33195 29.99635 -10 -19 32 -10 -16.37 30.305 -10
3 16 -15.87 30.305 -10 -16.37 30.305 -10 -19 32 -10
3 16 -15.37 30.305 -10 -15.87 30.305 -10 -19 32 -10
3 16 3.5 22.3 -10 2.62 24.024 -10 2.65805 24.33265 -10
3 16 3.62 25.024 -10 1.2 26.996 -10 1.2 27.896 -10
3 16 3.62 25.024 -10 1.2 27.896 -10 1.2 28.796 -10
3 16 15.867 28.505 -10 15.37 29.305 -10 15.40805 29.61365 -10
3 16 3.62 25.024 -10 15.37 29.305 -10 15.867 28.505 -10
3 16 3.62 25.024 -10 15.37 29.805 -10 15.37 29.305 -10
3 16 3.62 25.024 -10 15.37 30.305 -10 15.37 29.805 -10
3 16 15.87 30.305 -10 15.37 30.305 -10 19 32 -10
3 16 16.37 30.305 -10 15.87 30.305 -10 19 32 -10
3 16 16.33195 29.99635 -10 16.37 30.305 -10 19 32 -10
3 16 2.781 20.201 -10 1.2 20.696 -10 2.989 20.561 -10
3 16 2.989 20.561 -10 3.5 22.3 -10 3.325 20.806 -10
3 16 15.528 20.892 -10 3.732 20.892 -10 17.173 27.964 -10
3 16 15.815 20.835 -10 15.528 20.892 -10 17.173 27.964 -10
3 16 16.058 20.673 -10 15.815 20.835 -10 17.173 27.964 -10
3 16 16.278 20.142 -10 16.221 20.429 -10 19 29 -10
3 16 15.628 18.492 -10 15.815 19.449 -10 16.058 19.612 -10
3 16 14.728 18.492 -10 14.728 19.392 -10 15.528 19.392 -10
3 16 15.228 15.492 -10 15.228 16.892 -10 15.628 16.892 -10
3 16 14.345 2 -10 15.628 16.892 -10 16.221 19.855 -10
3 16 14.345 2 -10 15.228 15.492 -10 15.628 16.892 -10
3 16 8.866 12 -10 9.728 13.492 -10 12.628 13.492 -10
3 16 10.153 5.69 -10 7.792 11.522 -10 8.208 11.522 -10
3 16 1.2 17.096 -10 1.2 17.996 -10 2.866 19.392 -10
3 16 1.2 17.996 -10 1.2 18.896 -10 2.866 19.392 -10
4 16 -19 32 -10 -16.33195 29.99635 -10 -17.173 27.964 -10 -19 29 -10
4 16 19 29 -10 17.173 27.964 -10 16.33195 29.99635 -10 19 32 -10
4 16 -14.345 2 -10 -19 29 -10 -17.173 27.964 -10 -13.8 13 -10
4 16 -3.58195 24.71535 -10 -4.041 23.607 -10 -15.867 28.505 -10 -3.62 25.024 -10
4 16 -6.75 22.3 -10 -9 22.5 -10 -17.173 27.964 -10 -3.5 22.3 -10
4 16 -4.5 20.2 -10 -5.05 21.1 -10 -3.5 22.3 -10 -1.2 20.696 -10
4 16 -1.2 23.396 -10 -1.2 22.496 -10 -3.5 22.3 -10 -2.62 24.024 -10
4 16 3.5 22.3 -10 1.2 22.496 -10 1.2 23.396 -10 2.62 24.024 -10
4 16 -1.2 18.896 -10 -4.35 17 -10 -4.3 19.1 -10 -1.2 19.796 -10
4 16 -1.2 19.796 -10 -4.3 19.1 -10 -4.5 20.2 -10 -1.2 20.696 -10
4 16 -4.35 17 -10 -1.2 17.996 -10 -1.2 17.096 -10 -1.5 16.196 -10
4 16 -4.7 14.9 -10 -4.35 17 -10 -1.5 16.196 -10 -4.3 14 -10
4 16 -1.2 12.928 -10 -4.2 13 -10 -4.3 14 -10 -1.5 16.196 -10
4 16 -9.259 5.673 -10 -10.443 4.543 -10 -13.5 12 -10 -4.5 12 -10
4 16 -13.5 12 -10 -10.443 4.543 -10 -10.7 4.269 -10 -14.345 2 -10
4 16 -13.7 14 -10 -13.8 13 -10 -17.173 27.964 -10 -13.65 17 -10
4 16 -12.561 14.1 -10 -9 14.397 -10 -9.25 14.2 -10 -12.721 13.741 -10
4 16 -8.75 14.2 -10 -9 14.397 -10 -5.439 14.1 -10 -5.279 13.741 -10
4 16 -8.75 14.2 -10 -5.279 13.741 -10 -5.244 13 -10 -8.75 13.2 -10
4 16 -12.756 13 -10 -12.721 13.741 -10 -9.25 14.2 -10 -9.25 13.2 -10
4 16 -12.756 13 -10 -9.25 13.2 -10 -8.75 13.2 -10 -5.244 13 -10
4 16 -9 15.4 -10 -9.499 15.358 -10 -9.719 16.853 -10 -8.281 16.853 -10
4 16 -8.281 16.853 -10 -9.719 16.853 -10 -9.792 18.362 -10 -8.208 18.362 -10
4 16 -8.208 18.362 -10 -9.792 18.362 -10 -9.714 19.915 -10 -8.286 19.915 -10
4 16 -8.286 19.915 -10 -9.714 19.915 -10 -9.481 21.453 -10 -9 21.496 -10
4 16 -7.781 19.892 -10 -8 21.407 -10 -7.004 21.319 -10 -6.426 21.062 -10
4 16 -7.781 19.892 -10 -6.426 21.062 -10 -5.841 20.477 -10 -5.451 19.838 -10
4 16 -7.708 18.362 -10 -7.781 19.892 -10 -5.451 19.838 -10 -5.302 19.022 -10
4 16 -7.708 18.362 -10 -5.302 19.022 -10 -5.348 17.095 -10 -7.781 16.832 -10
4 16 -6.6 15.2 -10 -7.781 16.832 -10 -5.348 17.095 -10 -5.688 15.056 -10
4 16 -10.219 16.832 -10 -10 15.317 -10 -11.4 15.2 -10 -12.652 17.095 -10
4 16 -10.292 18.362 -10 -10.219 16.832 -10 -12.652 17.095 -10 -12.698 19.022 -10
4 16 -10.292 18.362 -10 -12.698 19.022 -10 -12.549 19.838 -10 -10.219 19.892 -10
4 16 -10.219 19.892 -10 -12.549 19.838 -10 -12.159 20.477 -10 -11.574 21.062 -10
4 16 -10.219 19.892 -10 -11.574 21.062 -10 -10.996 21.319 -10 -10 21.407 -10
4 16 1.2 20.696 -10 1.2 21.596 -10 3.5 22.3 -10 2.989 20.561 -10
4 16 -1.2 24.296 -10 -1.2 23.396 -10 -2.62 24.024 -10 -2.62 24.524 -10
4 16 -1.2 24.296 -10 -2.62 24.524 -10 -2.62 25.024 -10 -1.2 25.196 -10
4 16 -2.62 25.024 -10 -3.12 25.024 -10 -1.2 26.096 -10 -1.2 25.196 -10
4 16 -3.62 25.024 -10 -15.37 29.305 -10 -15.37 29.805 -10 -3.12 25.024 -10
4 16 -3.12 25.024 -10 -15.37 29.805 -10 -15.37 30.305 -10 -1.2 26.096 -10
4 16 -1.2 30.596 -10 -1.2 29.696 -10 -15.37 30.305 -10 -19 32 -10
4 16 2.62 24.024 -10 1.2 23.396 -10 1.2 24.296 -10 2.62 24.524 -10
4 16 2.62 24.524 -10 1.2 24.296 -10 1.2 25.196 -10 2.62 25.024 -10
4 16 2.62 25.024 -10 1.2 25.196 -10 1.2 26.096 -10 3.12 25.024 -10
4 16 3.12 25.024 -10 1.2 26.096 -10 1.2 26.996 -10 3.62 25.024 -10
4 16 3.62 25.024 -10 1.2 28.796 -10 1.2 29.696 -10 15.37 30.305 -10
4 16 4.041 23.607 -10 3.58195 24.71535 -10 3.62 25.024 -10 15.867 28.505 -10
4 16 15.37 30.305 -10 1.2 29.696 -10 1.2 30.596 -10 19 32 -10
4 16 2.738 19.788 -10 1.2 19.796 -10 1.2 20.696 -10 2.781 20.201 -10
4 16 3.732 20.892 -10 3.325 20.806 -10 3.5 22.3 -10 17.173 27.964 -10
4 16 16.221 20.429 -10 16.058 20.673 -10 17.173 27.964 -10 19 29 -10
4 16 16.221 19.855 -10 16.278 20.142 -10 19 29 -10 14.345 2 -10
4 16 15.628 18.492 -10 16.058 19.612 -10 16.221 19.855 -10 15.628 16.892 -10
4 16 15.528 19.392 -10 15.815 19.449 -10 15.628 18.492 -10 14.728 18.492 -10
4 16 13.628 14.492 -10 13.628 15.492 -10 15.228 15.492 -10 14.345 2 -10
4 16 13.628 14.492 -10 14.345 2 -10 12.628 13.492 -10 12.628 14.492 -10
4 16 8.588 11.691 -10 8.866 12 -10 12.628 13.492 -10 14.345 2 -10
4 16 10.153 5.69 -10 8.208 11.522 -10 8.588 11.691 -10 14.345 2 -10
4 16 7.412 11.691 -10 7.792 11.522 -10 10.153 5.69 -10 1.2 12.028 -10
4 16 7.134 12 -10 7.412 11.691 -10 1.2 12.028 -10 1.5 16.196 -10
4 16 2.866 19.392 -10 7.134 12 -10 1.5 16.196 -10 1.2 17.096 -10
4 16 2.866 19.392 -10 1.2 18.896 -10 1.2 19.796 -10 2.738 19.788 -10