0 Minifig Torso with Zipper Jacket, Pen and Octan Logo Pattern
0 Name: 973p5z.dat
0 Author: Chris Böhnke [KnightOfTarenta]
0 !LDRAW_ORG Part UPDATE 2026-01
0 !LICENSE Licensed under CC BY 4.0 : see CAreadme.txt

0 BFC CERTIFY CCW

0 !KEYWORDS Bricklink 973px19, BrickOwl 994551-61, city center, dacta, overalls
0 !KEYWORDS Set 4559, Set 6423, Set 6548, Set 6562, Set 6580, set 9293, Set 9371
0 !KEYWORDS town, Town Junior, Trains, X-Treme Team

0 !HISTORY 2026-01-29 [OrionP] Official Update 2026-01

0 // Base Part
1 16 0 0 0 1 0 0 0 1 0 0 0 1 s\973s01.dat
4 16 19 29 10 19 32 10 -19 32 10 -19 29 10
4 16 -14.345 2 10 14.345 2 10 19 29 10 -19 29 10
4 16 -14.345 2 10 -12 0 10 12 0 10 14.345 2 10
1 80 0 -4 0 4.243 0 -4.243 0 -8 0 -4.243 0 -4.243 1-4cyli.dat

0 // Pattern
1 16 0 0 0 1 0 0 0 1 0 0 0 1 s\973p5ys01.dat
1 16 0 0 0 1 0 0 0 1 0 0 0 1 s\973p5ys02.dat
1 16 0 0 0 -1 0 0 0 1 0 0 0 1 s\973p5ys02.dat
1 15 9.4 16.5 -10 .64 0 0 0 0 -.59 0 1 0 logo-octan-3.dat
1 15 9.4 21.3 -10 .194 0 0 0 0 -.2 0 1 0 logo-octantext2.dat
1 15 -10.7 18.4 -10 0 0 -.12 -.12 0 0 0 1 0 logo-octan-3.dat
1 15 -10.65 14.9 -10 0 0 -.1 -.1 0 0 0 1 0 logo-octantext2.dat

0 // Colour 0 Black
1 0 -4 13.6 -10 .5 0 0 0 0 .5 0 1 0 2-4chrd.dat
1 0 -13.2 13.6 -10 .5 0 0 0 0 .5 0 1 0 2-4chrd.dat
3 0 -11.7 11.8 -10 -12 11.8 -10 -11.7 12.8 -10
3 0 -12.7 12.8 -10 -13.7 13.6 -10 -12.7 13.6 -10
4 0 -13.7 13.6 -10 -12.7 12.8 -10 -12.7 11.8 -10 -13.7 11.8 -10
4 0 -11.7 12.8 -10 -12 11.8 -10 -12.7 11.8 -10 -12.7 12.8 -10
4 0 -12.7 10.1 -10 -12.7 11.8 -10 -12 11.8 -10 -12 10.8 -10
4 0 -12.7 10.1 -10 -12 10.8 -10 -11.7 10.8 -10 -11.7 10.1 -10
4 0 -3.5 11.8 -10 -9.7 11.8 -10 -9.7 12.8 -10 -4.5 12.8 -10
4 0 -3.5 13.6 -10 -3.5 11.8 -10 -4.5 12.8 -10 -4.5 13.6 -10

0 // Colour 4 Red
3 4 -9.92 21.4 -10 -11.48 21.4 -10 -10.7 23.117 -10
4 4 -10.15 10.1 -10 -10.15 9.3 -10 -11.25 9.3 -10 -11.25 10.1 -10

0 // Colour 15 White
3 15 -11.45 10.1 -10 -11.7 10.1 -10 -11.7 10.8 -10
3 15 -11.25 10.1 -10 -11.45 10.1 -10 -11.7 10.8 -10
3 15 -9.95 10.1 -10 -10.15 10.1 -10 -9.7 11.8 -10
3 15 -9.7 10.1 -10 -9.95 10.1 -10 -9.7 11.8 -10
3 15 -11.7 11.8 -10 -11.3 12.45 -10 -10.1 12.45 -10
3 15 -11.7 11.8 -10 -11.7 12.8 -10 -11.3 12.45 -10
3 15 -11.3 12.45 -10 -11.7 12.8 -10 -11.3 17.35 -10
3 15 -9.7 11.8 -10 -10.1 12.45 -10 -9.7 12.8 -10
3 15 -9.7 12.8 -10 -10.1 12.45 -10 -10.1 17.35 -10
3 15 -11.3 17.35 -10 -11.36 17.5 -10 -10.7 17.5 -10
3 15 -11.3 17.35 -10 -10.7 17.5 -10 -10.1 17.35 -10
3 15 -10.7 17.5 -10 -10.28 17.5 -10 -10.1 17.35 -10
3 15 -10.1 17.35 -10 -10.28 17.5 -10 -10.04 17.5 -10
3 15 -9.7 12.8 -10 -10.1 17.35 -10 -10.04 17.5 -10
3 15 -10.04 17.5 -10 -10.04 18.4 -10 -9.7 12.8 -10
3 15 -9.7 12.8 -10 -10.04 18.4 -10 -9.7 21.4 -10
3 15 -9.7 21.4 -10 -10.04 18.4 -10 -10.04 19.3 -10
3 15 -10.7 19.3 -10 -11.12 19.3 -10 -11.48 21.4 -10
3 15 -10.7 19.3 -10 -11.48 21.4 -10 -9.92 21.4 -10
3 15 -10.7 19.3 -10 -9.92 21.4 -10 -10.04 19.3 -10
3 15 -10.04 19.3 -10 -9.92 21.4 -10 -9.7 21.4 -10
3 15 -11.12 19.3 -10 -11.36 19.3 -10 -11.48 21.4 -10
3 15 -11.48 21.4 -10 -11.36 19.3 -10 -11.7 21.4 -10
3 15 -11.3 17.35 -10 -11.7 12.8 -10 -11.36 17.5 -10
3 15 -11.36 18.4 -10 -11.36 17.5 -10 -11.7 12.8 -10
3 15 -11.36 18.4 -10 -11.7 12.8 -10 -11.7 21.4 -10
3 15 -11.36 18.4 -10 -11.7 21.4 -10 -11.36 19.3 -10
4 15 -11.45 9.1 -10 -11.25 9.3 -10 -10.15 9.3 -10 -9.95 9.1 -10
4 15 -9.95 9.1 -10 -10.15 9.3 -10 -10.15 10.1 -10 -9.95 10.1 -10
4 15 -11.25 10.1 -10 -11.25 9.3 -10 -11.45 9.1 -10 -11.45 10.1 -10
4 15 -10.15 10.1 -10 -11.25 10.1 -10 -11.7 10.8 -10 -9.7 11.8 -10
4 15 -9.7 11.8 -10 -11.7 10.8 -10 -11.7 11.8 -10 -10.1 12.45 -10
4 15 -9.7 21.4 -10 -9.92 21.4 -10 -10.7 23.117 -10 -10.7 23.6 -10
4 15 -10.7 23.117 -10 -11.48 21.4 -10 -11.7 21.4 -10 -10.7 23.6 -10
4 15 4.4 12.7 -10 4.6 13.255 -10 14.2 13.255 -10 14.4 12.7 -10
4 15 14.4 12.7 -10 14.2 13.255 -10 14.2 19.745 -10 14.4 22.6 -10
4 15 14.4 22.6 -10 14.2 19.745 -10 14.153 20 -10 14.153 22.4 -10
4 15 4.4 22.6 -10 4.647 22.4 -10 4.647 20 -10 4.6 19.745 -10
4 15 4.6 19.745 -10 4.647 20 -10 14.153 20 -10 14.2 19.745 -10
4 15 4.647 22.4 -10 4.4 22.6 -10 14.4 22.6 -10 14.153 22.4 -10
4 15 4.4 12.7 -10 4.4 22.6 -10 4.6 19.745 -10 4.6 13.255 -10

0 // Colour 16 Main Colour
1 16 -4 13.6 -10 .5 0 0 0 0 .5 0 1 0 2-4ndis.dat
1 16 -13.2 13.6 -10 .5 0 0 0 0 .5 0 1 0 2-4ndis.dat
3 16 -11.45 9.1 -10 -11.7 10.1 -10 -11.45 10.1 -10
3 16 -14.345 2 -10 -11.45 9.1 -10 -10.7 4.269 -10
3 16 -10.7 4.269 -10 -11.45 9.1 -10 -10.443 4.543 -10
3 16 -14.345 2 -10 -13.7 13.6 -10 -13.7 11.8 -10
3 16 1.2 12.028 -10 1.5 16.196 -10 4.4 12.7 -10
3 16 14.345 2 -10 10.153 5.69 -10 14.4 12.7 -10
3 16 14.4 12.7 -10 14.4 22.6 -10 19 32 -10
3 16 14.345 2 -10 14.4 12.7 -10 19 32 -10
3 16 -9.259 5.673 -10 -3.5 11.8 -10 -1.2 12.928 -10
3 16 -4.5 12.8 -10 -9.7 12.8 -10 -4.5 13.6 -10
3 16 -11.7 12.8 -10 -12.7 12.8 -10 -12.7 13.6 -10
3 16 -1.2 17.096 -10 -9.7 21.4 -10 -1.2 17.996 -10
3 16 -1.2 17.996 -10 -9.7 21.4 -10 -1.2 18.896 -10
3 16 -1.2 18.896 -10 -9.7 21.4 -10 -1.2 19.796 -10
3 16 -1.2 19.796 -10 -9.7 21.4 -10 -1.2 20.696 -10
3 16 -1.2 20.696 -10 -9.7 21.4 -10 -1.2 21.596 -10
3 16 -9.7 21.4 -10 -1.2 22.496 -10 -1.2 21.596 -10
3 16 -9.7 21.4 -10 -1.2 23.396 -10 -1.2 22.496 -10
3 16 -10.7 23.6 -10 -1.2 25.196 -10 -1.2 24.296 -10
3 16 -10.7 23.6 -10 -1.2 26.096 -10 -1.2 25.196 -10
3 16 -10.7 23.6 -10 -1.2 26.996 -10 -1.2 26.096 -10
3 16 -10.7 23.6 -10 -1.2 27.896 -10 -1.2 26.996 -10
3 16 -10.7 23.6 -10 -1.2 28.796 -10 -1.2 27.896 -10
3 16 -10.7 23.6 -10 -1.2 29.696 -10 -1.2 28.796 -10
3 16 -10.7 23.6 -10 -1.2 30.596 -10 -1.2 29.696 -10
3 16 -10.7 23.6 -10 -19 32 -10 -1.2 30.596 -10
3 16 -11.7 21.4 -10 -19 32 -10 -10.7 23.6 -10
3 16 1.2 22.496 -10 1.2 23.396 -10 4.4 22.6 -10
3 16 4.4 22.6 -10 1.2 23.396 -10 1.2 24.296 -10
3 16 4.4 22.6 -10 1.2 24.296 -10 1.2 25.196 -10
3 16 4.4 22.6 -10 1.2 25.196 -10 1.2 26.096 -10
3 16 4.4 22.6 -10 1.2 26.096 -10 1.2 26.996 -10
3 16 4.4 22.6 -10 1.2 26.996 -10 1.2 27.896 -10
3 16 4.4 22.6 -10 1.2 27.896 -10 1.2 28.796 -10
3 16 4.4 22.6 -10 1.2 28.796 -10 1.2 29.696 -10
3 16 4.4 22.6 -10 1.2 29.696 -10 1.2 30.596 -10
3 16 1.2 21.596 -10 1.2 22.496 -10 4.4 22.6 -10
3 16 1.2 20.696 -10 1.2 21.596 -10 4.4 22.6 -10
3 16 1.2 19.796 -10 1.2 20.696 -10 4.4 22.6 -10
3 16 1.2 18.896 -10 1.2 19.796 -10 4.4 22.6 -10
3 16 1.2 17.996 -10 1.2 18.896 -10 4.4 22.6 -10
3 16 1.2 17.096 -10 1.2 17.996 -10 4.4 22.6 -10
3 16 -12.7 14.1 -10 -13.2 14.1 -10 -11.7 21.4 -10
3 16 -4 14.1 -10 -4.5 14.1 -10 -9.7 21.4 -10
3 16 -3.5 14.1 -10 -4 14.1 -10 -1.5 16.196 -10
3 16 -3.5 13.6 -10 -3.5 14.1 -10 -1.5 16.196 -10
3 16 19 32 -10 19 29 -10 14.345 2 -10
3 16 -19 29 -10 -19 32 -10 -14.345 2 -10
4 16 -13.7 11.8 -10 -12.7 11.8 -10 -12.7 10.1 -10 -14.345 2 -10
4 16 -12.7 10.1 -10 -11.7 10.1 -10 -11.45 9.1 -10 -14.345 2 -10
4 16 -9.259 5.673 -10 -10.443 4.543 -10 -11.45 9.1 -10 -9.95 9.1 -10
4 16 -9.7 10.1 -10 -9.7 11.8 -10 -3.5 11.8 -10 -9.259 5.673 -10
4 16 -9.7 10.1 -10 -9.259 5.673 -10 -9.95 9.1 -10 -9.95 10.1 -10
4 16 -11.7 10.8 -10 -12 10.8 -10 -12 11.8 -10 -11.7 11.8 -10
4 16 10.153 5.69 -10 1.2 12.028 -10 4.4 12.7 -10 14.4 12.7 -10
4 16 -1.2 12.928 -10 -3.5 11.8 -10 -3.5 13.6 -10 -1.5 16.196 -10
4 16 -9.7 21.4 -10 -1.2 17.096 -10 -1.5 16.196 -10 -4 14.1 -10
4 16 -1.2 24.296 -10 -1.2 23.396 -10 -9.7 21.4 -10 -10.7 23.6 -10
4 16 14.4 22.6 -10 4.4 22.6 -10 1.2 30.596 -10 19 32 -10
4 16 1.5 16.196 -10 1.2 17.096 -10 4.4 22.6 -10 4.4 12.7 -10
4 16 -13.7 14.1 -10 -13.7 13.6 -10 -14.345 2 -10 -19 32 -10
4 16 -11.7 12.8 -10 -12.7 13.6 -10 -12.7 14.1 -10 -11.7 21.4 -10
4 16 -11.7 21.4 -10 -13.2 14.1 -10 -13.7 14.1 -10 -19 32 -10
4 16 -4.5 14.1 -10 -4.5 13.6 -10 -9.7 12.8 -10 -9.7 21.4 -10
