0 Duplo Brick  2 x  3 with Curved Bottom
0 Name: 98252b.dat
0 Author: Philippe Hurbain [Philo]
0 !LDRAW_ORG Part UPDATE 2025-12
0 !LICENSE Licensed under CC BY 4.0 : see CAreadme.txt

0 BFC CERTIFY CCW

0 !CATEGORY Brick

0 !KEYWORDS BrickLink 98252, Brickowl 286482, Brickset 98252, Rebrickable 98252

0 !HISTORY 2019-06-28 [PTadmin] Official Update 2019-01
0 !HISTORY 2025-05-01 [WUIt] Corrected orientation by creating b replacement file, corrected slope curvature, subparted
0 !HISTORY 2025-12-25 [OrionP] Official Update 2025-12

1 16 0 0 0 1 0 0 0 2.75 0 0 0 1 stug7-2x2.dat
1 16 0 0 0 1 0 0 0 1 0 0 0 1 s\98252bs01.dat

2 24 40 48 -40 40 48 40
1 16 0 0 0 0 0 -40 0 1 0 40 0 0 rect1.dat
1 16 0 4 0 0 0 1 0 -10 0 -1 0 0 stud8.dat
1 16 20 4 -34 1.5 0 0 0 43 0 0 0 2 box4-1.dat
1 16 -34 4 -20 0 0 2 0 43 0 -1.5 0 0 box4-1.dat
1 16 -34 4 20 0 0 2 0 43 0 -1.5 0 0 box4-1.dat
1 16 34 4 -20 0 0 -2 0 43 0 -1.5 0 0 box4-1.dat
1 16 34 4 20 0 0 -2 0 43 0 -1.5 0 0 box4-1.dat
1 16 -20 4 34 -1.5 0 0 0 43 0 0 0 -2 box4-1.dat
1 16 -20 4 -34 1.5 0 0 0 43 0 0 0 2 box4-1.dat
1 16 20 4 34 -1.5 0 0 0 43 0 0 0 -2 box4-1.dat
0 BFC INVERTNEXT
1 16 0 48 0 0 0 36 0 -44 0 -36 0 0 box5.dat
4 16 40 48 -40 36 48 -36 36 48 36 40 48 40
4 16 40 48 40 36 48 36 -36 48 36 -40 48 40
4 16 -40 48 40 -36 48 36 -36 48 -36 -40 48 -40
1 16 0 24 40 40 0 0 0 0 24 0 -1 0 rect3.dat
2 24 40 0 -80 40 0 40
4 16 40 48 40 40 0 40 40 0 -80 40 48 -40
2 24 -40 0 -80 -40 0 40
4 16 -40 0 -80 -40 0 40 -40 48 40 -40 48 -40
2 24 -40 48 40 -40 48 -40

1 16 40 0 -33 0 -1 0 0 0 48.3 -47 0 0 48\1-8chrd.dat
1 16 -40 0 -33 0 1 0 0 0 48.3 -47 0 0 48\1-8chrd.dat
3 16 40 34.1529 -66.2337 40 38.3212 -61.6136 40 41.8278 -56.5
4 16 40 41.8278 -56.5 40 44.6244 -50.9869 40 46.653 -45.1636 40 48 -40
4 16 40 34.1529 -66.2337 40 41.8278 -56.5 40 48 -40 40 0 -80
3 16 -40 38.3212 -61.6136 -40 34.1529 -66.2337 -40 41.8278 -56.5
4 16 -40 46.653 -45.1636 -40 44.6244 -50.9869 -40 41.8278 -56.5 -40 48 -40
4 16 -40 48 -40 -40 41.8278 -56.5 -40 34.1529 -66.2337 -40 0 -80