0 Modulex Slope Brick 45  1 x  1
0 Name: u7030.dat
0 Author: Magnus Forsberg [MagFors]
0 !LDRAW_ORG Part UPDATE 2025-09
0 !LICENSE Licensed under CC BY 4.0 : see CAreadme.txt

0 BFC CERTIFY CCW

0 !KEYWORDS 45 degrees, Bricklink Mx1511, Peeron x715, Rebrickable 1511
0 !KEYWORDS slope 1:1

0 !HISTORY 2024-02-04 [MagFors] Original design by Tore Eriksson slp0101d
0 !HISTORY 2025-09-29 [OrionP] Official Update 2025-09

1 16 -3.75 -4 0 0 -1 0 0 0 -4 3.75 0 0 rect.dat
2 24 3.75 -2.5 -3.75 3.75 -2.5 3.75
1 16 2.725 -2.5 0 0 0 -1.025 0 -1 0 -3.75 0 0 rect3.dat
1 16 -1.025 -5.25 0 -2.725 0 0 -2.75 -1 0 0 0 3.75 rect2p.dat
2 24 -3.75 0 -3.75 3.75 0 -3.75
2 24 -3.75 0 3.75 3.75 0 3.75
1 16 3.75 -1.25 0 0 1 0 -1.25 0 0 0 0 3.75 rect.dat
4 16 3.75 -2.5 3.75 1.7 -2.5 3.75 -3.75 0 3.75 3.75 0 3.75
3 16 1.7 -2.5 3.75 -3.75 -8 3.75 -3.75 0 3.75
3 16 -3.75 0 -3.75 -3.75 -8 -3.75 1.7 -2.5 -3.75
4 16 -3.75 0 -3.75 1.7 -2.5 -3.75 3.75 -2.5 -3.75 3.75 0 -3.75
1 16 -6.25 -7 0 0 1 0 0 0 -7 -6.25 0 0 rect.dat
1 16 0 -7.75 0 6.25 0 0 6.25 1 0 0 0 6.25 rect2p.dat
1 16 6.25 -.75 0 0 -1 0 -.75 0 0 0 0 -6.25 rect.dat
2 24 -6.25 0 -6.25 6.25 0 -6.25
2 24 -6.25 0 6.25 6.25 0 6.25
4 16 -6.25 0 -6.25 6.25 0 -6.25 6.25 -1.5 -6.25 -6.25 -14 -6.25
4 16 6.25 0 6.25 -6.25 0 6.25 -6.25 -14 6.25 6.25 -1.5 6.25
4 16 -6.25 0 -6.25 -3.75 0 -3.75 3.75 0 -3.75 6.25 0 -6.25
4 16 -6.25 0 6.25 6.25 0 6.25 3.75 0 3.75 -3.75 0 3.75
4 16 -6.25 0 -6.25 -6.25 0 6.25 -3.75 0 3.75 -3.75 0 -3.75
4 16 6.25 0 -6.25 3.75 0 -3.75 3.75 0 3.75 6.25 0 6.25