0 ~Train Track  9V Switch Right - Straight Metal Rail, Centre Section of Main Rail
0 Name: u9627.dat
0 Author: Max Martin Richter [MMR1988]
0 !LDRAW_ORG Part UPDATE 2025-08
0 !LICENSE Licensed under CC BY 4.0 : see CAreadme.txt

0 BFC CERTIFY CCW

0 !HISTORY 2025-08-31 [OrionP] Official Update 2025-08

1 16 0 0 0 1 0 0 0 1 0 0 0 1 s\u9627s01.dat
1 16 0 0 0 -1 0 0 0 1 0 0 0 1 s\u9627s01.dat
1 16 0 -11.25 2.875 35 0 0 0 -1 0 0 0 .25 rect.dat
1 16 0 -11.25 -2.875 35 0 0 0 -1 0 0 0 -.25 rect.dat

1 16 0 -16 0 100 0 0 0 1 0 0 0 3.125 rect2p.dat

4 16 -35 -11.25 2.625 35 -11.25 2.625 35 -11.5 2.625 -35 -11.5 2.625
4 16 99.5 -15.5 2.625 -99.5 -15.5 2.625 -35 -11.5 2.625 35 -11.5 2.625

1 16 0 -15.5 0 99.5 0 0 0 -1 0 0 0 -2.625 rect2p.dat

4 16 35 -11.5 -2.625 35 -11.25 -2.625 -35 -11.25 -2.625 -35 -11.5 -2.625
4 16 -35 -11.5 -2.625 -99.5 -15.5 -2.625 99.5 -15.5 -2.625 35 -11.5 -2.625

4 16 -35 -11.25 3.125 -100 -16 3.125 100 -16 3.125 35 -11.25 3.125

4 16 -35 -11.25 -3.125 35 -11.25 -3.125 100 -16 -3.125 -100 -16 -3.125
