0 Duplo Truncated Door Hinge Socket
0 Name: dtruncdoorhinge.dat
0 Author: Peter Blomberg [WUIt]
0 !LDRAW_ORG Primitive UPDATE 2025-08
0 !LICENSE Licensed under CC BY 4.0 : see CAreadme.txt

0 BFC CERTIFY CCW

0 !HISTORY 2025-08-31 [OrionP] Official Update 2025-08

0 // Top
1 16 4.5 0 -6 0 0 -2 -3 0 0 0 1 0 rect.dat

0 // Base
4 16 8.5 -6 0 7.9 -6 -1.8 7.9 6 -1.8 8.5 6 0
4 16 2.5 -6 0 2.5 -6 -1.8 7.9 -6 -1.8 8.5 -6 0
4 16 2.5 6 -1.8 2.5 6 0 8.5 6 0 7.9 6 -1.8
4 16 2.5 6 -1.8 2.5 -6 -1.8 2.5 -6 0 2.5 6 0
2 24 8.5 -6 0 7.9 -6 -1.8
2 24 7.9 6 -1.8 8.5 6 0
2 24 2.5 -6 0 2.5 -6 -1.8
2 24 2.5 6 -1.8 2.5 6 0
2 24 7.9 -6 -1.8 2.5 -6 -1.8
2 24 7.9 6 -1.8 2.5 6 -1.8

0 // Mid
4 16 7.9 6 -1.8 7.9 -6 -1.8 6.5 -3 -6 6.5 3 -6
4 16 2.5 -3 -6 6.5 -3 -6 7.9 -6 -1.8 2.5 -4.0714 -4.5
3 16 2.5 -6 -1.8 2.5 -4.0714 -4.5 7.9 -6 -1.8
4 16 2.5 3 -6 2.5 4.0714 -4.5 7.9 6 -1.8 6.5 3 -6
3 16 2.5 4.0714 -4.5 2.5 6 -1.8 7.9 6 -1.8
4 16 2.5 4.0714 -4.5 2.5 -4.0714 -4.5 2.5 -6 -1.8 2.5 6 -1.8
2 24 6.5 3 -6 7.9 6 -1.8
2 24 6.5 -3 -6 7.9 -6 -1.8
2 24 2.5 -6 -1.8 2.5 -4.0714 -4.5
2 24 2.5 6 -1.8 2.5 4.0714 -4.5
2 24 2.5 4.0714 -4.5 2.5 -4.0714 -4.5

0 // bump
4 16 2 3.6071 -5.15 2 3.2143 -5.7 2 -3.2143 -5.7 2 -3.6071 -5.15
4 16 2 3.2143 -5.7 2.5 3 -6 2.5 -3 -6 2 -3.2143 -5.7
4 16 2 -3.6071 -5.15 2.5 -4.0714 -4.5 2.5 4.0714 -4.5 2 3.6071 -5.15
4 16 2.5 3 -6 2 3.2143 -5.7 2 3.6071 -5.15 2.5 4.0714 -4.5
4 16 2.5 -4.0714 -4.5 2 -3.6071 -5.15 2 -3.2143 -5.7 2.5 -3 -6
2 24 2.5 -4.0714 -4.5 2 -3.6071 -5.15
2 24 2 -3.2143 -5.7 2 -3.6071 -5.15
2 24 2 -3.2143 -5.7 2.5 -3 -6
2 24 2.5 4.0714 -4.5 2 3.6071 -5.15
2 24 2 3.2143 -5.7 2 3.6071 -5.15
2 24 2 3.2143 -5.7 2.5 3 -6
5 24 2 3.6071 -5.15 2 -3.6071 -5.15 2.5 -4.0714 -4.5 2 -3.2143 -5.7
5 24 2 3.2143 -5.7 2 -3.2143 -5.7 2.5 3 -6 2 3.6071 -5.15

0 // truncated part
1 16 -3.25 0 -6 0 0 .75 -3 0 0 0 1 0 rect3.dat
1 16 -4 0 -.9 0 1.5 0 0 0 6 .9 0 0 box3u10p.dat
4 16 -2.5 -3 -6 -2.5 -6 -1.8 -4 -6 -1.8 -4 -3 -6
4 16 -2.5 3 -6 -4 3 -6 -4 6 -1.8 -2.5 6 -1.8
4 16 -2.5 -6 -1.8 -2.5 -3 -6 -2.5 3 -6 -2.5 6 -1.8
2 24 -2.5 -6 -1.8 -2.5 -3 -6
2 24 -2.5 6 -1.8 -2.5 3 -6
2 24 -2.5 -6 -1.8 -4 -6 -1.8
2 24 -2.5 6 -1.8 -4 6 -1.8