0 ~Figure Friends Girl/Boy/Woman Torso Inner Mold
0 Name: s\1006030s01.dat
0 Author: Philippe Hurbain [Philo]
0 !LDRAW_ORG Subpart UPDATE 2025-07
0 !LICENSE Licensed under CC BY 4.0 : see CAreadme.txt

0 BFC CERTIFY CCW

0 !HISTORY 2025-07-27 [OrionP] Official Update 2025-07

1 16 0 -19.3 .2 0 0 4 0 15 0 4 0 0 4-4cyli.dat
1 16 0 -19.3 .2 0 0 1 0 1 0 1 0 0 4-4ring3.dat
0 BFC INVERTNEXT
1 16 0 -19.3 .2 0 0 3 0 -2 0 3 0 0 bump5000.dat
1 16 0 -19.3 .2 0 0 4 0 1 0 4 0 0 4-4edge.dat
0 BFC INVERTNEXT
1 16 4 5.5 -.8 0 0 4 0 11 0 4 0 0 2-4cylo.dat
1 16 4 5.5 -.8 0 0 4 0 -1 0 4 0 0 2-4chrd.dat

1 16 4 16.5 -.8 0 0 4 0 -1 0 4 0 0 2-4ndis.dat
2 24 6.275 16.5 -6.601 3.284 16.5 -7.478
2 24 3.284 16.5 -7.478 0 16.5 -7.709
2 24 9.183 16.5 -2.954 8.121 16.5 -4.943
2 24 8.121 16.5 -4.943 6.275 16.5 -6.601
2 24 9.092 16.5 1.856 9.559 16.5 -.542
2 24 9.559 16.5 -.542 9.183 16.5 -2.954
2 24 5.37 16.5 4.718 8 16.5 3.2
2 24 8 16.5 3.2 9.092 16.5 1.856
2 24 2.956 16.5 5.143 5.37 16.5 4.718
4 16 3.284 16.5 -7.478 0 16.5 -7.709 4 16.5 -4.8 6.275 16.5 -6.601
4 16 6.275 16.5 -6.601 4 16.5 -4.8 8 16.5 -4.8 8.121 16.5 -4.943
4 16 8.121 16.5 -4.943 8 16.5 -4.8 8 16.5 -.8 9.183 16.5 -2.954
4 16 8 16.5 -.8 8 16.5 3.2 9.092 16.5 1.856 9.559 16.5 -.542
4 16 4 16.5 3.2 2.956 16.5 5.143 5.37 16.5 4.718 8 16.5 3.2
3 16 8 16.5 -.8 9.559 16.5 -.542 9.183 16.5 -2.954
0 BFC INVERTNEXT
1 16 -4 5.5 -.8 0 0 -4 0 11 0 4 0 0 2-4cylo.dat
1 16 -4 5.5 -.8 0 0 -4 0 -1 0 4 0 0 2-4chrd.dat
1 16 -4 16.5 -.8 0 0 -4 0 -1 0 4 0 0 2-4ndis.dat
2 24 -3.284 16.5 -7.478 -6.275 16.5 -6.601
2 24 0 16.5 -7.709 -3.284 16.5 -7.478
2 24 -8.121 16.5 -4.943 -9.183 16.5 -2.954
2 24 -6.275 16.5 -6.601 -8.121 16.5 -4.943
2 24 -9.559 16.5 -.542 -9.092 16.5 1.856
2 24 -9.183 16.5 -2.954 -9.559 16.5 -.542
2 24 -8 16.5 3.2 -5.37 16.5 4.718
2 24 -9.092 16.5 1.856 -8 16.5 3.2
2 24 -2.956 16.5 5.143 2.956 16.5 5.143
2 24 -5.37 16.5 4.718 -2.956 16.5 5.143
4 16 -4 16.5 -4.8 0 16.5 -7.709 -3.284 16.5 -7.478 -6.275 16.5 -6.601
4 16 -8 16.5 -4.8 -4 16.5 -4.8 -6.275 16.5 -6.601 -8.121 16.5 -4.943
4 16 -8 16.5 -.8 -8 16.5 -4.8 -8.121 16.5 -4.943 -9.183 16.5 -2.954
4 16 -9.092 16.5 1.856 -8 16.5 3.2 -8 16.5 -.8 -9.559 16.5 -.542
4 16 -5.37 16.5 4.718 -2.956 16.5 5.143 -4 16.5 3.2 -8 16.5 3.2
3 16 -9.559 16.5 -.542 -8 16.5 -.8 -9.183 16.5 -2.954
0 BFC INVERTNEXT
1 16 0 16.5 -.8 4 0 0 0 -11 0 0 0 4 box3u8p.dat
4 16 -4 16.5 3.2 -2.956 16.5 5.143 2.956 16.5 5.143 4 16.5 3.2
3 16 4 16.5 -4.8 0 16.5 -7.709 -4 16.5 -4.8