0 ~Minifig Tool Wand with Hollow Stud at Tip - Wand
0 Name: s\102498s01.dat
0 Author: Gerald Lasser [GeraldLasser]
0 !LDRAW_ORG Subpart UPDATE 2025-08
0 !LICENSE Licensed under CC BY 4.0 : see CAreadme.txt

0 BFC CERTIFY CCW

0 !HISTORY 2025-08-31 [OrionP] Official Update 2025-08


1 16 0 50 -4 4 0 0 0 0 4 0 8 0 4-4cylc.dat
1 16 0 50 4 4 0 0 0 0 4 0 -1 0 4-4disc.dat

1 16 0 43.8 0 1 0 0 0 -1 0 0 0 1 4-4ring3.dat
1 16 0 37.8 0 4 0 0 0 6 0 0 0 4 4-4cylo.dat
1 16 0 37.8 0 1 0 0 0 1 0 0 0 1 4-4ring3.dat
1 16 0 37.8 0 3 0 0 0 1 0 0 0 3 4-4edge.dat
1 16 0 37.8 0 3 0 0 0 -8.65 0 0 0 3 4-4cyli.dat
1 16 0 29.15 0 .5 0 0 0 -21.3 0 0 0 .5 4-4con5.dat
1 16 0 7.85 0 2.5 0 0 0 1 0 0 0 2.5 4-4disc.dat
1 16 0 7.85 0 2.5 0 0 0 1 0 0 0 2.5 4-4edge.dat
1 16 0 7.85 0 2.2 0 0 0 -1.55 0 0 0 2.2 4-4cylo.dat

0 BFC INVERTNEXT
1 16 0 0 0 1 0 0 0 1 0 0 0 1 s\102498s04.dat
0 BFC INVERTNEXT
1 16 0 0 0 1 0 0 0 1 0 0 0 -1 s\102498s04.dat
0 BFC INVERTNEXT
1 16 0 0 0 0 0 -1 0 1 0 1 0 0 s\102498s04.dat
0 BFC INVERTNEXT
1 16 0 0 0 0 0 1 0 1 0 1 0 0 s\102498s04.dat
0 BFC INVERTNEXT
1 16 0 0 0 -1 0 0 0 1 0 0 0 -1 s\102498s04.dat
0 BFC INVERTNEXT
1 16 0 0 0 -1 0 0 0 1 0 0 0 1 s\102498s04.dat
0 BFC INVERTNEXT
1 16 0 0 0 0 0 1 0 1 0 -1 0 0 s\102498s04.dat
0 BFC INVERTNEXT
1 16 0 0 0 0 0 -1 0 1 0 -1 0 0 s\102498s04.dat
1 16 0 2.8 0 3.8 0 0 0 1.1 0 0 0 3.8 4-4cyli.dat
1 16 0 2.8 0 3.8 0 0 0 1 0 0 0 3.8 4-4edge.dat
1 16 0 2.8 0 3.8 0 0 0 1 0 0 0 3.8 4-4disc.dat

1 16 0 46 0 1 0 0 0 -1 0 0 0 1 cylj3x4.dat
1 16 0 46 0 3 0 0 0 -2.2 0 0 0 3 4-4cyli.dat
1 16 0 43.8 0 3 0 0 0 -1 0 0 0 3 4-4edge.dat

5 24 -1.1481 29.15 -2.7717 0 29.15 -3 -.95675 7.85 -2.30975 0 37.8 -3
5 24 0 29.15 3 -1.1481 29.15 2.7717 -1.1481 37.8 2.7717 0 7.85 2.5
5 24 -1.1481 29.15 2.7717 -2.1213 29.15 2.1213 -2.1213 37.8 2.1213 -.95675 7.85 2.30975
5 24 2.1213 29.15 2.1213 1.1481 29.15 2.7717 1.1481 37.8 2.7717 1.76775 7.85 1.76775
5 24 -3 29.15 0 -2.7717 29.15 -1.1481 -2.5 7.85 0 -2.7717 37.8 -1.1481
5 24 -2.1213 29.15 2.1213 -2.7717 29.15 1.1481 -2.7717 37.8 1.1481 -1.76775 7.85 1.76775
5 24 2.7717 29.15 1.1481 2.1213 29.15 2.1213 2.1213 37.8 2.1213 2.30975 7.85 .95675
5 24 -2.7717 29.15 1.1481 -3 29.15 0 -2.30975 7.85 .95675 -3 37.8 0
5 24 -2.7717 29.15 -1.1481 -2.1213 29.15 -2.1213 -2.30975 7.85 -.95675 -2.1213 37.8 -2.1213
5 24 0 29.15 -3 1.1481 29.15 -2.7717 0 7.85 -2.5 1.1481 37.8 -2.7717
5 24 -2.1213 29.15 -2.1213 -1.1481 29.15 -2.7717 -1.76775 7.85 -1.76775 -1.1481 37.8 -2.7717
5 24 1.1481 29.15 -2.7717 2.1213 29.15 -2.1213 2.1213 37.8 -2.1213 .95675 7.85 -2.30975
5 24 1.1481 29.15 2.7717 0 29.15 3 0 37.8 3 .95675 7.85 2.30975
5 24 2.7717 29.15 -1.1481 3 29.15 0 2.30975 7.85 -.95675 3 37.8 0
5 24 2.1213 29.15 -2.1213 2.7717 29.15 -1.1481 2.7717 37.8 -1.1481 1.76775 7.85 -1.76775
5 24 3 29.15 0 2.7717 29.15 1.1481 2.5 7.85 0 2.7717 37.8 1.1481
