0 ~Animal Turtle without Patternable Surfaces
0 Name: s\11603s01.dat
0 Author: Gerald Lasser [GeraldLasser]
0 !LDRAW_ORG Subpart UPDATE 2026-01
0 !LICENSE Licensed under CC BY 4.0 : see CAreadme.txt

0 BFC CERTIFY CCW

0 !HISTORY 2026-01-29 [OrionP] Official Update 2026-01

1 16 0 0 0 1 0 0 0 1 0 0 0 1 s\11603s02.dat
1 16 0 0 0 -1 0 0 0 1 0 0 0 1 s\11603s02.dat

5 24 0 -23.209 -10.588 0 -23.896 -11.561 -5.206 -21.922 -12.714 5.206 -21.922 -12.714
5 24 0 -23.018 -4.463 0 -23.57 -5.012 2.732 -23.258 -4.38 -2.732 -23.258 -4.38
5 24 0 -18.961 -10.447 0 -18.957 6.446 -3.8942 -18.916 -4.591 3.8942 -18.916 -4.591
5 24 0 -5.62 12.549 0 -4.568 16.046 -3.227 -5.165 15.887 3.227 -5.165 15.887
5 24 0 -25.111 -12.603 0 -27.339 -13.673 -5.496 -23.667 -13.772 5.496 -23.667 -13.772
5 24 0 -23.64 -2.825 0 -22.83 -3.648 -2.935 -22.579 -2.737 2.935 -22.579 -2.737
5 24 0 -14.706 -18.936 0 -10.761 -13.751 -4.533 -15.492 -18.759 4.533 -15.492 -18.759
5 24 0 -20.432 9.227 0 -21.357 8.78 -2.961 -20.379 8.408 2.961 -20.379 8.408
5 24 0 -23.851 -7.414 0 -23.382 -8.295 -3.747 -23.194 -7.809 3.747 -23.194 -7.809
5 24 0 -10.352 12.444 0 -5.62 12.549 -1.362 -5.659 12.496 1.362 -5.659 12.496
5 24 0 -27.339 -13.673 0 -30.167 -15.099 -5.524 -26.734 -14.644 5.524 -26.734 -14.644
5 24 0 -23.382 -8.295 0 -23.209 -10.588 -4.075 -22.498 -8.908 4.075 -22.498 -8.908
5 24 0 -23.57 -5.012 0 -23.798 -6.203 -2.732 -23.258 -4.38 2.732 -23.258 -4.38
5 24 0 -20.414 -30.732 0 -18.552 -29.031 -3.606 -20.007 -27.934 3.606 -20.007 -27.934
5 24 0 -22.83 -3.648 0 -23.018 -4.463 -2.417 -22.651 -3.798 2.417 -22.651 -3.798
5 24 0 -21.357 8.78 0 -23.581 3.436 -2.841 -21.293 8.098 2.841 -21.293 8.098
5 24 0 -18.957 6.446 0 -14.907 9.343 -3.499 -17.227 9.281 3.499 -17.227 9.281
5 24 0 -21.501 -32.489 0 -20.414 -30.732 -3.094 -21.037 -29.314 3.094 -21.037 -29.314
5 24 0 -10.761 -13.751 0 -7.379 -11.339 -3.559 -12.472 -13.744 3.559 -12.472 -13.744
5 24 0 -5.924 18.122 0 -7.491 18.268 -2.388 -6.029 17.682 2.388 -6.029 17.682
5 24 0 -14.907 9.343 0 -10.352 12.444 -3.371 -10.95 11.484 3.371 -10.95 11.484
5 24 0 -23.798 -6.203 0 -23.851 -7.414 3.253 -23.268 -6.093 -3.253 -23.268 -6.093
5 24 0 -23.896 -11.561 0 -25.111 -12.603 -5.496 -23.667 -13.772 5.496 -23.667 -13.772
5 24 0 -27.151 -33.3 0 -22.864 -33.222 -5.087 -26.871 -30.787 5.087 -26.871 -30.787
5 24 0 -4.568 16.046 0 -5.924 18.122 -2.388 -6.029 17.682 2.388 -6.029 17.682
5 24 0 -22.864 -33.222 0 -21.501 -32.489 -4.182 -23.292 -31.282 4.182 -23.292 -31.282
5 24 0 -16.32 -24.429 0 -14.706 -18.936 -5.584 -17.672 -24.363 5.584 -17.672 -24.363
5 24 0 -7.379 -11.339 0 -8.061 -10.513 -3.352 -7.841 -10.886 3.352 -7.841 -10.886
5 24 0 -18.552 -29.031 0 -16.32 -24.429 -3.606 -20.007 -27.934 3.606 -20.007 -27.934
5 24 0 -23.581 3.436 0 -23.64 -2.825 2.747 -23.374 -2.099 -2.747 -23.374 -2.099
5 24 0 -31.492 -29.759 0 -27.151 -33.3 -4.064 -31.152 -28.158 4.064 -31.152 -28.158
5 24 0 -8.061 -10.513 0 -18.961 -10.447 -2.831 -8.366 -10.03 2.831 -8.366 -10.03
5 24 0 -30.167 -15.099 0 -33.1 -18.3 1.1481 -33.1 -18.5283 -1.1481 -33.1 -18.5283
5 24 0 -33.4 -24.3 0 -31.492 -29.759 1.1481 -33.38478 -24.0717 -1.1481 -33.38478 -24.0717
