0 ~Animal Turtle without Patternable Surfaces - Half
0 Name: s\11603s02.dat
0 Author: Gerald Lasser [GeraldLasser]
0 !LDRAW_ORG Subpart UPDATE 2026-01
0 !LICENSE Licensed under CC BY 4.0 : see CAreadme.txt

0 BFC CERTIFY CCW

0 !HISTORY 2026-01-29 [OrionP] Official Update 2026-01

0 BFC INVERTNEXT
1 16 0 -22 -21.3 0 0 2 0 -11.6 0 -2 0 0 2-4cylc.dat
1 16 0 -33.6 -21.3 0 0 2 0 1 0 -2 0 0 1-4tang.dat
1 16 0 -33.6 -21.3 0 0 2 0 1 0 2 0 0 1-4tang.dat

3 16 3.498 -11.157 10.416 3.691 0 10.298 2.2962 0 5.5434
2 24 3.8942 -18.916 -4.591 3.8942 0 -4.591
2 24 5.6007 0 -2.8845 3.8942 0 -4.591
2 24 .516 -15.067 14.044 .893 -9.561 16.79
3 16 9.897 -22.5 -23.551 5.572 -23.102 -26.94 7.715 -18.979 -24.007
3 16 3.094 -21.037 -29.314 7.715 -18.979 -24.007 5.572 -23.102 -26.94
3 16 3.606 -20.007 -27.934 7.715 -18.979 -24.007 3.094 -21.037 -29.314
3 16 7.715 -18.979 -24.007 3.606 -20.007 -27.934 5.584 -17.672 -24.363
3 16 0 -16.32 -24.429 5.584 -17.672 -24.363 3.606 -20.007 -27.934
3 16 0 -16.32 -24.429 3.606 -20.007 -27.934 0 -18.552 -29.031
3 16 5.572 -23.102 -26.94 4.182 -23.292 -31.282 3.094 -21.037 -29.314
3 16 3.094 -21.037 -29.314 4.182 -23.292 -31.282 0 -21.501 -32.489
3 16 0 -21.501 -32.489 4.182 -23.292 -31.282 0 -22.864 -33.222
3 16 3.094 -21.037 -29.314 0 -21.501 -32.489 0 -20.414 -30.732
3 16 3.606 -20.007 -27.934 0 -20.414 -30.732 0 -18.552 -29.031
3 16 3.094 -21.037 -29.314 0 -20.414 -30.732 3.606 -20.007 -27.934
3 16 5.572 -23.102 -26.94 5.087 -26.871 -30.787 4.182 -23.292 -31.282
3 16 5.087 -26.871 -30.787 0 -22.864 -33.222 4.182 -23.292 -31.282
3 16 9.897 -22.5 -23.551 7.715 -18.979 -24.007 10.023 -22.411 -17.851
3 16 10.023 -22.411 -17.851 5.524 -26.734 -14.644 10.29 -26.452 -18.352
3 16 5.496 -23.667 -13.772 5.524 -26.734 -14.644 10.023 -22.411 -17.851
3 16 5.496 -23.667 -13.772 0 -27.339 -13.673 5.524 -26.734 -14.644
3 16 0 -25.111 -12.603 0 -27.339 -13.673 5.496 -23.667 -13.772
3 16 10.023 -22.411 -17.851 7.715 -18.979 -24.007 7.454 -17.573 -18.309
3 16 5.496 -23.667 -13.772 10.023 -22.411 -17.851 5.206 -21.922 -12.714
3 16 5.206 -21.922 -12.714 10.023 -22.411 -17.851 7.382 -18.993 -14.158
3 16 7.454 -17.573 -18.309 7.382 -18.993 -14.158 10.023 -22.411 -17.851
3 16 0 -22.864 -33.222 5.087 -26.871 -30.787 0 -27.151 -33.3
3 16 7.715 -18.979 -24.007 4.533 -15.492 -18.759 7.454 -17.573 -18.309
3 16 7.454 -17.573 -18.309 4.533 -15.492 -18.759 6.637 -16.748 -14.19
3 16 7.454 -17.573 -18.309 6.637 -16.748 -14.19 7.382 -18.993 -14.158
3 16 6.637 -16.748 -14.19 4.533 -15.492 -18.759 5.211 -14.515 -13.847
3 16 5.211 -14.515 -13.847 4.533 -15.492 -18.759 3.559 -12.472 -13.744
3 16 0 -10.761 -13.751 3.559 -12.472 -13.744 4.533 -15.492 -18.759
3 16 0 -10.761 -13.751 4.533 -15.492 -18.759 0 -14.706 -18.936
3 16 5.584 -17.672 -24.363 0 -14.706 -18.936 4.533 -15.492 -18.759
3 16 0 -16.32 -24.429 0 -14.706 -18.936 5.584 -17.672 -24.363
3 16 5.584 -17.672 -24.363 4.533 -15.492 -18.759 7.715 -18.979 -24.007
4 16 6.771 0 6.085 4.2426 0 4.2426 2.2962 0 5.5434 3.691 0 10.298
4 16 6.771 0 6.085 3.691 0 10.298 9.092 0 7.486 7.567 0 6.413
4 16 6.842 0 16.71 12.561 0 11.251 9.092 0 7.486 3.691 0 10.298
4 16 6.842 0 16.71 10.152 0 18.296 13.205 0 17.486 12.561 0 11.251
3 16 14.892 0 15.461 12.561 0 11.251 13.205 0 17.486
3 16 0 -18.961 -10.447 3.8942 -18.916 -4.591 4.653 -17.252 -8.361
3 16 0 -18.961 -10.447 0 -18.957 6.446 3.8942 -18.916 -4.591
3 16 0 -18.957 6.446 3.74 -19.027 .121 3.8942 -18.916 -4.591
3 16 0 -18.957 6.446 2.2962 -18.625 5.5434 3.74 -19.027 .121
3 16 0 -18.961 -10.447 2.831 -8.366 -10.03 0 -8.061 -10.513
3 16 0 -18.961 -10.447 4.653 -17.252 -8.361 2.831 -8.366 -10.03
3 16 4.653 -17.252 -8.361 4.206 -8.032 -9.221 2.831 -8.366 -10.03
3 16 3.499 -17.227 9.281 0 -18.957 6.446 0 -14.907 9.343
3 16 0 -18.957 6.446 3.499 -17.227 9.281 2.2962 -18.625 5.5434
3 16 0 -14.907 9.343 3.498 -11.157 10.416 3.499 -17.227 9.281
3 16 3.498 -11.157 10.416 0 -14.907 9.343 3.371 -10.95 11.484
3 16 3.371 -10.95 11.484 0 -14.907 9.343 0 -10.352 12.444
3 16 4.2426 -17.235 4.2426 3.74 -19.027 .121 2.2962 -18.625 5.5434
3 16 4.2426 -17.235 4.2426 6.137 -15.784 1.284 3.74 -19.027 .121
3 16 7.141 -12.696 5.944 6.137 -15.784 1.284 4.2426 -17.235 4.2426
3 16 6.137 -15.784 1.284 7.141 -12.696 5.944 8.912 -11.512 2.431
3 16 7.939 -5.539 5.916 8.912 -11.512 2.431 7.141 -12.696 5.944
3 16 10.217 -7.317 2.939 8.912 -11.512 2.431 7.939 -5.539 5.916
3 16 8.682 -4.832 5.642 10.217 -7.317 2.939 7.939 -5.539 5.916
3 16 10.305 -4.912 3.01 10.217 -7.317 2.939 8.682 -4.832 5.642
3 16 10.305 -4.912 3.01 10.969 -5.111 -.214 10.217 -7.317 2.939
3 16 10.217 -7.317 2.939 10.969 -5.111 -.214 9.25 -8.31 -4.322
3 16 9.25 -8.31 -4.322 10.969 -5.111 -.214 9.479 -6.673 -4.514
3 16 3.74 -19.027 .121 6.137 -15.784 1.284 5.6007 -17.15 -2.8845
3 16 3.74 -19.027 .121 5.6007 -17.15 -2.8845 3.8942 -18.916 -4.591
3 16 5.6007 -17.15 -2.8845 6.137 -15.784 1.284 7.636 -17.227 -4.404
3 16 6.137 -15.784 1.284 8.912 -11.512 2.431 7.636 -17.227 -4.404
3 16 10.217 -7.317 2.939 8.744 -11.942 -4.488 8.912 -11.512 2.431
3 16 10.217 -7.317 2.939 9.25 -8.31 -4.322 8.744 -11.942 -4.488
3 16 7.636 -17.227 -4.404 8.912 -11.512 2.431 8.744 -11.942 -4.488
3 16 9.092 0 7.486 8.682 -4.832 5.642 7.567 0 6.413
3 16 8.682 -4.832 5.642 9.092 0 7.486 9.743 -4.429 6.943
3 16 8.682 -4.832 5.642 9.743 -4.429 6.943 10.152 -4.722 6.327
3 16 9.743 -4.429 6.943 9.092 0 7.486 13.137 -5.728 11.183
3 16 13.137 -5.728 11.183 10.152 -4.722 6.327 9.743 -4.429 6.943
3 16 13.137 -5.728 11.183 9.092 0 7.486 12.561 0 11.251
3 16 13.211 -6.311 9.367 10.152 -4.722 6.327 13.137 -5.728 11.183
3 16 12.561 0 11.251 14.945 -3.856 15.357 13.137 -5.728 11.183
3 16 12.561 0 11.251 14.892 0 15.461 14.945 -3.856 15.357
3 16 14.945 -3.856 15.357 14.892 0 15.461 13.222 -3.62 17.98
3 16 13.222 -3.62 17.98 14.892 0 15.461 13.205 0 17.486
3 16 13.205 0 17.486 9.903 -3.797 18.504 13.222 -3.62 17.98
3 16 13.205 0 17.486 10.152 0 18.296 9.903 -3.797 18.504
3 16 10.152 0 18.296 5.701 -4.486 16.907 9.903 -3.797 18.504
3 16 10.152 0 18.296 6.842 0 16.71 5.701 -4.486 16.907
4 16 5.701 -4.486 16.907 6.842 0 16.71 3.691 0 10.298 3.205 -4.556 11.848
3 16 10.493 -5.287 17.918 13.222 -3.62 17.98 9.903 -3.797 18.504
3 16 12.682 -5.176 17.177 13.222 -3.62 17.98 10.493 -5.287 17.918
3 16 10.492 -7.593 14.881 12.682 -5.176 17.177 10.493 -5.287 17.918
3 16 12.682 -5.176 17.177 10.492 -7.593 14.881 14.015 -4.989 16.117
3 16 13.222 -3.62 17.98 14.015 -4.989 16.117 14.945 -3.856 15.357
3 16 12.682 -5.176 17.177 14.015 -4.989 16.117 13.222 -3.62 17.98
3 16 14.015 -4.989 16.117 10.492 -7.593 14.881 12.529 -6.826 13.239
3 16 14.015 -4.989 16.117 12.529 -6.826 13.239 14.945 -3.856 15.357
3 16 10.492 -7.593 14.881 10.493 -5.287 17.918 7.606 -6.195 16.698
3 16 7.606 -6.195 16.698 9.903 -3.797 18.504 5.701 -4.486 16.907
3 16 10.493 -5.287 17.918 9.903 -3.797 18.504 7.606 -6.195 16.698
3 16 14.945 -3.856 15.357 12.529 -6.826 13.239 13.137 -5.728 11.183
3 16 14.167 -5.528 4.847 10.152 -4.722 6.327 13.211 -6.311 9.367
3 16 10.305 -4.912 3.01 10.152 -4.722 6.327 14.167 -5.528 4.847
3 16 8.682 -4.832 5.642 10.152 -4.722 6.327 10.305 -4.912 3.01
4 16 14.167 -5.528 4.847 15.033 -5.79 -.174 10.969 -5.111 -.214 10.305 -4.912 3.01
4 16 15.033 -5.79 -.174 14.992 -7.29 -5.41 11.52 -6.76 -5.744 10.969 -5.111 -.214
3 16 11.52 -6.76 -5.744 9.479 -6.673 -4.514 10.969 -5.111 -.214
3 16 6.771 0 6.085 8.682 -4.832 5.642 7.939 -5.539 5.916
3 16 7.567 0 6.413 8.682 -4.832 5.642 6.771 0 6.085
3 16 4.2426 0 4.2426 6.771 0 6.085 7.939 -5.539 5.916
3 16 4.2426 0 4.2426 7.939 -5.539 5.916 7.141 -12.696 5.944
3 16 4.2426 0 4.2426 7.141 -12.696 5.944 4.2426 -17.235 4.2426
3 16 3.371 -10.95 11.484 1.362 -5.659 12.496 3.205 -4.556 11.848
3 16 0 -10.352 12.444 1.362 -5.659 12.496 3.371 -10.95 11.484
3 16 0 -5.62 12.549 1.362 -5.659 12.496 0 -10.352 12.444
3 16 3.498 -11.157 10.416 3.205 -4.556 11.848 3.691 0 10.298
3 16 3.371 -10.95 11.484 3.205 -4.556 11.848 3.498 -11.157 10.416
3 16 2.2962 -18.625 5.5434 3.498 -11.157 10.416 2.2962 0 5.5434
3 16 3.499 -17.227 9.281 3.498 -11.157 10.416 2.2962 -18.625 5.5434
3 16 3.8942 0 -4.591 4.653 -17.252 -8.361 3.8942 -18.916 -4.591
3 16 4.928 0 -7.647 4.653 -17.252 -8.361 3.8942 0 -4.591
3 16 4.928 0 -7.647 4.206 -8.032 -9.221 4.653 -17.252 -8.361
3 16 4.303 -7.216 -9.904 4.206 -8.032 -9.221 4.928 0 -7.647
4 16 5.6007 -17.15 -2.8845 5.6007 0 -2.8845 3.8942 0 -4.591 3.8942 -18.916 -4.591
4 16 10.801 -4.253 -6.692 9.385 0 -6.76 5.6007 0 -2.8845 9.479 -6.673 -4.514
3 16 9.479 -6.673 -4.514 5.6007 0 -2.8845 9.25 -8.31 -4.322
3 16 9.25 -8.31 -4.322 5.6007 0 -2.8845 8.744 -11.942 -4.488
3 16 8.744 -11.942 -4.488 5.6007 0 -2.8845 5.6007 -17.15 -2.8845
3 16 8.744 -11.942 -4.488 5.6007 -17.15 -2.8845 7.636 -17.227 -4.404
3 16 10.801 -4.253 -6.692 9.479 -6.673 -4.514 11.52 -6.76 -5.744
3 16 11.52 -6.76 -5.744 14.995 -5.759 -7.309 10.801 -4.253 -6.692
3 16 11.52 -6.76 -5.744 14.992 -7.29 -5.41 14.995 -5.759 -7.309
3 16 14.995 -5.759 -7.309 14.992 -7.29 -5.41 15.081 -6.421 -10.055
3 16 15.081 -6.421 -10.055 14.992 -7.29 -5.41 14.489 -9.163 -9.916
3 16 15.081 -6.421 -10.055 14.489 -9.163 -9.916 14.935 -6.655 -12.29
3 16 14.935 -6.655 -12.29 14.489 -9.163 -9.916 13.381 -11.239 -12.401
3 16 14.489 -9.163 -9.916 14.992 -7.29 -5.41 13.898 -11.906 -9.777
3 16 14.489 -9.163 -9.916 13.898 -11.906 -9.777 13.381 -11.239 -12.401
3 16 13.381 -11.239 -12.401 13.633 -6.258 -14.037 14.935 -6.655 -12.29
3 16 12.306 -10.752 -13.99 13.633 -6.258 -14.037 13.381 -11.239 -12.401
3 16 7.584 -8.126 -12.352 13.633 -6.258 -14.037 12.306 -10.752 -13.99
3 16 8.38 -5.395 -12.488 13.633 -6.258 -14.037 7.584 -8.126 -12.352
3 16 7.584 -8.126 -12.352 4.303 -7.216 -9.904 8.38 -5.395 -12.488
3 16 4.928 0 -7.647 8.38 -5.395 -12.488 4.303 -7.216 -9.904
3 16 8.413 0 -11.613 8.38 -5.395 -12.488 4.928 0 -7.647
3 16 8.38 -5.395 -12.488 8.413 0 -11.613 13.633 -6.258 -14.037
3 16 6.711 -10.834 -12.368 4.303 -7.216 -9.904 7.584 -8.126 -12.352
3 16 12.306 -10.752 -13.99 6.711 -10.834 -12.368 7.584 -8.126 -12.352
3 16 13.633 -6.258 -14.037 8.413 0 -11.613 13.358 0 -13.551
3 16 13.358 0 -13.551 18.816 -3.096 -11.59 13.633 -6.258 -14.037
3 16 18.816 -3.096 -11.59 14.935 -6.655 -12.29 13.633 -6.258 -14.037
3 16 18.816 -3.096 -11.59 15.081 -6.421 -10.055 14.935 -6.655 -12.29
3 16 18.816 -3.096 -11.59 13.358 0 -13.551 18.606 0 -11.499
3 16 18.606 0 -11.499 19.533 -3.188 -9.97 18.816 -3.096 -11.59
3 16 19.533 -3.188 -9.97 18.606 0 -11.499 19.492 0 -9.701
4 16 19.533 -3.188 -9.97 19.492 0 -9.701 19.52 0 -8 19.563 -3.162 -7.952
3 16 19.52 0 -8 18.396 -3.151 -6.629 19.563 -3.162 -7.952
3 16 19.52 0 -8 18.604 0 -6.774 18.396 -3.151 -6.629
3 16 14.197 0 -8.024 18.396 -3.151 -6.629 18.604 0 -6.774
3 16 14.995 -5.759 -7.309 18.396 -3.151 -6.629 14.197 0 -8.024
3 16 19.533 -3.188 -9.97 19.563 -3.162 -7.952 14.995 -5.759 -7.309
3 16 18.396 -3.151 -6.629 14.995 -5.759 -7.309 19.563 -3.162 -7.952
3 16 14.197 0 -8.024 10.801 -4.253 -6.692 14.995 -5.759 -7.309
3 16 10.801 -4.253 -6.692 14.197 0 -8.024 9.385 0 -6.76
3 16 18.816 -3.096 -11.59 19.533 -3.188 -9.97 15.081 -6.421 -10.055
3 16 19.533 -3.188 -9.97 14.995 -5.759 -7.309 15.081 -6.421 -10.055
3 16 6.711 -10.834 -12.368 12.306 -10.752 -13.99 10.887 -15.384 -13.683
3 16 10.887 -15.384 -13.683 12.306 -10.752 -13.99 11.827 -15.824 -12.512
3 16 11.827 -15.824 -12.512 12.306 -10.752 -13.99 13.381 -11.239 -12.401
3 16 13.381 -11.239 -12.401 13.898 -11.906 -9.777 11.827 -15.824 -12.512
3 16 6.711 -10.834 -12.368 3.352 -7.841 -10.886 4.303 -7.216 -9.904
3 16 3.352 -7.841 -10.886 0 -8.061 -10.513 2.831 -8.366 -10.03
3 16 3.352 -7.841 -10.886 0 -7.379 -11.339 0 -8.061 -10.513
3 16 2.831 -8.366 -10.03 4.303 -7.216 -9.904 3.352 -7.841 -10.886
3 16 4.206 -8.032 -9.221 4.303 -7.216 -9.904 2.831 -8.366 -10.03
4 16 4.2426 0 4.2426 4.2426 -17.235 4.2426 2.2962 -18.625 5.5434 2.2962 0 5.5434
3 16 10.887 -15.384 -13.683 5.211 -14.515 -13.847 6.711 -10.834 -12.368
3 16 6.637 -16.748 -14.19 5.211 -14.515 -13.847 10.887 -15.384 -13.683
3 16 6.637 -16.748 -14.19 10.887 -15.384 -13.683 7.382 -18.993 -14.158
3 16 7.382 -18.993 -14.158 10.887 -15.384 -13.683 11.827 -15.824 -12.512
3 16 5.211 -14.515 -13.847 3.352 -7.841 -10.886 6.711 -10.834 -12.368
3 16 3.559 -12.472 -13.744 3.352 -7.841 -10.886 5.211 -14.515 -13.847
3 16 3.559 -12.472 -13.744 0 -7.379 -11.339 3.352 -7.841 -10.886
3 16 0 -10.761 -13.751 0 -7.379 -11.339 3.559 -12.472 -13.744
3 16 11.371 -16.799 -11.662 7.382 -18.993 -14.158 11.827 -15.824 -12.512
3 16 8.083 -19.315 -12.33 7.382 -18.993 -14.158 11.371 -16.799 -11.662
3 16 4.98 -21.606 -11.249 7.382 -18.993 -14.158 8.083 -19.315 -12.33
3 16 11.827 -15.824 -12.512 13.898 -11.906 -9.777 11.371 -16.799 -11.662
3 16 11.371 -16.799 -11.662 13.898 -11.906 -9.777 13.914 -13.332 -8.433
3 16 13.898 -11.906 -9.777 15.459 -8.196 -3.14 13.914 -13.332 -8.433
3 16 14.992 -7.29 -5.41 15.459 -8.196 -3.14 13.898 -11.906 -9.777
3 16 15.459 -8.196 -3.14 14.992 -7.29 -5.41 15.564 -7.109 .009
3 16 15.564 -7.109 .009 14.992 -7.29 -5.41 15.033 -5.79 -.174
3 16 15.033 -5.79 -.174 14.746 -6.694 5.01 15.564 -7.109 .009
3 16 14.167 -5.528 4.847 14.746 -6.694 5.01 15.033 -5.79 -.174
3 16 14.167 -5.528 4.847 13.211 -6.311 9.367 14.746 -6.694 5.01
3 16 14.746 -6.694 5.01 13.211 -6.311 9.367 12.404 -8.736 10.543
3 16 13.137 -5.728 11.183 12.404 -8.736 10.543 13.211 -6.311 9.367
3 16 12.404 -8.736 10.543 13.137 -5.728 11.183 12.529 -6.826 13.239
3 16 12.404 -8.736 10.543 12.529 -6.826 13.239 11.282 -9.372 12.15
3 16 10.492 -7.593 14.881 11.282 -9.372 12.15 12.529 -6.826 13.239
3 16 11.282 -9.372 12.15 10.492 -7.593 14.881 8.942 -9.778 14.282
3 16 7.606 -6.195 16.698 8.942 -9.778 14.282 10.492 -7.593 14.881
3 16 8.942 -9.778 14.282 7.606 -6.195 16.698 5.398 -8.863 16.471
3 16 7.606 -6.195 16.698 2.388 -6.029 17.682 5.398 -8.863 16.471
3 16 5.398 -8.863 16.471 2.388 -6.029 17.682 2.346 -7.865 17.816
3 16 5.701 -4.486 16.907 2.388 -6.029 17.682 7.606 -6.195 16.698
3 16 2.388 -6.029 17.682 0 -7.491 18.268 2.346 -7.865 17.816
3 16 0 -5.924 18.122 0 -7.491 18.268 2.388 -6.029 17.682
3 16 0 -23.896 -11.561 5.496 -23.667 -13.772 5.206 -21.922 -12.714
3 16 0 -23.896 -11.561 0 -25.111 -12.603 5.496 -23.667 -13.772
3 16 5.206 -21.922 -12.714 7.382 -18.993 -14.158 4.98 -21.606 -11.249
3 16 5.206 -21.922 -12.714 4.98 -21.606 -11.249 0 -23.209 -10.588
3 16 5.206 -21.922 -12.714 0 -23.209 -10.588 0 -23.896 -11.561
3 16 5.701 -4.486 16.907 3.227 -5.165 15.887 2.388 -6.029 17.682
3 16 3.205 -4.556 11.848 3.227 -5.165 15.887 5.701 -4.486 16.907
3 16 1.362 -5.659 12.496 3.227 -5.165 15.887 3.205 -4.556 11.848
3 16 3.227 -5.165 15.887 0 -5.62 12.549 0 -4.568 16.046
3 16 1.362 -5.659 12.496 0 -5.62 12.549 3.227 -5.165 15.887
3 16 5.398 -8.863 16.471 .893 -9.561 16.79 6.039 -10.771 14.334
3 16 2.346 -7.865 17.816 .893 -9.561 16.79 5.398 -8.863 16.471
3 16 5.398 -8.863 16.471 6.039 -10.771 14.334 8.942 -9.778 14.282
3 16 9.886 -10.847 10.819 8.942 -9.778 14.282 6.039 -10.771 14.334
3 16 8.942 -9.778 14.282 9.886 -10.847 10.819 11.282 -9.372 12.15
3 16 0 -7.491 18.268 .893 -9.561 16.79 2.346 -7.865 17.816
3 16 9.886 -10.847 10.819 12.404 -8.736 10.543 11.282 -9.372 12.15
3 16 9.886 -10.847 10.819 10.728 -10.414 9.821 12.404 -8.736 10.543
3 16 12.404 -8.736 10.543 10.728 -10.414 9.821 14.746 -6.694 5.01
3 16 14.746 -6.694 5.01 10.728 -10.414 9.821 13.403 -8.268 4.727
3 16 13.403 -8.268 4.727 15.564 -7.109 .009 14.746 -6.694 5.01
3 16 13.403 -8.268 4.727 14.036 -9.202 0 15.564 -7.109 .009
3 16 15.564 -7.109 .009 14.036 -9.202 0 15.459 -8.196 -3.14
3 16 15.459 -8.196 -3.14 14.036 -9.202 0 14.032 -9.874 -1.689
3 16 14.032 -9.874 -1.689 13.914 -13.332 -8.433 15.459 -8.196 -3.14
3 16 14.032 -9.874 -1.689 12.653 -14.687 -6.624 13.914 -13.332 -8.433
3 16 13.914 -13.332 -8.433 12.653 -14.687 -6.624 11.371 -16.799 -11.662
3 16 11.371 -16.799 -11.662 12.653 -14.687 -6.624 9.72 -18.427 -8.802
3 16 9.72 -18.427 -8.802 8.083 -19.315 -12.33 11.371 -16.799 -11.662
3 16 9.72 -18.427 -8.802 7.759 -20.062 -9.284 8.083 -19.315 -12.33
3 16 8.083 -19.315 -12.33 7.759 -20.062 -9.284 4.98 -21.606 -11.249
3 16 4.98 -21.606 -11.249 7.759 -20.062 -9.284 4.075 -22.498 -8.908
3 16 4.075 -22.498 -8.908 0 -23.209 -10.588 4.98 -21.606 -11.249
3 16 0 -23.209 -10.588 4.075 -22.498 -8.908 0 -23.382 -8.295
3 16 7.421 -20.467 -5.564 7.759 -20.062 -9.284 9.72 -18.427 -8.802
3 16 7.421 -20.467 -5.564 6.589 -20.889 -5.9 7.759 -20.062 -9.284
3 16 5.421 -21.934 -2.101 6.589 -20.889 -5.9 7.421 -20.467 -5.564
3 16 4.409 -22.244 -3.072 6.589 -20.889 -5.9 5.421 -21.934 -2.101
3 16 4.409 -22.244 -3.072 5.421 -21.934 -2.101 2.935 -22.579 -2.737
3 16 4.409 -22.244 -3.072 2.935 -22.579 -2.737 2.417 -22.651 -3.798
3 16 0 -22.83 -3.648 2.417 -22.651 -3.798 2.935 -22.579 -2.737
3 16 0 -22.83 -3.648 0 -23.018 -4.463 2.417 -22.651 -3.798
3 16 2.935 -22.579 -2.737 5.421 -21.934 -2.101 5.516 -21.963 .019
3 16 6.167 -21.718 -.407 5.516 -21.963 .019 5.421 -21.934 -2.101
3 16 6.167 -21.718 -.407 6.215 -21.328 2.568 5.516 -21.963 .019
3 16 7.114 -21.05 1.099 6.215 -21.328 2.568 6.167 -21.718 -.407
3 16 6.215 -21.328 2.568 7.114 -21.05 1.099 7.182 -20.572 2.684
4 16 7.182 -20.572 2.684 6.711 -20.227 4.532 5.434 -20.557 6.151 6.215 -21.328 2.568
3 16 5.434 -20.557 6.151 6.711 -20.227 4.532 6.2 -19.778 6.628
3 16 5.376 -19.659 7.903 5.434 -20.557 6.151 6.2 -19.778 6.628
3 16 5.376 -19.659 7.903 2.961 -20.379 8.408 5.434 -20.557 6.151
3 16 2.961 -20.379 8.408 5.376 -19.659 7.903 3.358 -19.731 9.368
3 16 3.358 -19.731 9.368 0 -20.432 9.227 2.961 -20.379 8.408
3 16 3.358 -19.731 9.368 .786 -19.523 10.304 0 -20.432 9.227
3 16 7.114 -21.05 1.099 11.264 -15.804 -.141 7.182 -20.572 2.684
3 16 7.182 -20.572 2.684 11.264 -15.804 -.141 11.336 -15.411 .838
3 16 11.336 -15.411 .838 11.264 -15.804 -.141 14.032 -9.874 -1.689
3 16 11.336 -15.411 .838 14.032 -9.874 -1.689 14.036 -9.202 0
4 16 6.2 -19.778 6.628 8.493 -15.434 8.595 8.029 -15.504 9.172 5.376 -19.659 7.903
3 16 10.728 -10.414 9.821 8.029 -15.504 9.172 8.493 -15.434 8.595
3 16 10.728 -10.414 9.821 9.886 -10.847 10.819 8.029 -15.504 9.172
3 16 .786 -19.523 10.304 0 -19.523 10.304 0 -20.432 9.227
4 16 .516 -15.067 14.044 0 -15.067 14.044 0 -19.523 10.304 .786 -19.523 10.304
4 16 0 -15.067 14.044 .516 -15.067 14.044 .893 -9.561 16.79 0 -9.561 16.79
3 16 0 -4.568 16.046 2.388 -6.029 17.682 3.227 -5.165 15.887
3 16 0 -5.924 18.122 2.388 -6.029 17.682 0 -4.568 16.046
4 16 3.8942 0 -4.591 9.385 0 -6.76 8.413 0 -11.613 4.928 0 -7.647
3 16 9.385 0 -6.76 3.8942 0 -4.591 5.6007 0 -2.8845
4 16 9.385 0 -6.76 14.197 0 -8.024 13.358 0 -13.551 8.413 0 -11.613
4 16 13.358 0 -13.551 14.197 0 -8.024 19.492 0 -9.701 18.606 0 -11.499
4 16 19.492 0 -9.701 14.197 0 -8.024 18.604 0 -6.774 19.52 0 -8
3 16 0 -7.491 18.268 0 -9.561 16.79 .893 -9.561 16.79
5 24 10.229 -26.302 -23.633 8.164 -30.37 -18.957 8.392 -30.356 -23.924 10.29 -26.452 -18.352
5 24 8.392 -30.356 -23.924 10.229 -26.302 -23.633 8.164 -30.37 -18.957 5.087 -26.871 -30.787
5 24 10.29 -26.452 -18.352 8.164 -30.37 -18.957 10.229 -26.302 -23.633 4.741 -30.09 -15.981
5 24 10.229 -26.302 -23.633 10.29 -26.452 -18.352 8.164 -30.37 -18.957 9.897 -22.5 -23.551
5 24 9.897 -22.5 -23.551 10.29 -26.452 -18.352 10.229 -26.302 -23.633 10.023 -22.411 -17.851
5 24 10.229 -26.302 -23.633 9.897 -22.5 -23.551 10.29 -26.452 -18.352 5.572 -23.102 -26.94
5 24 10.229 -26.302 -23.633 5.572 -23.102 -26.94 9.897 -22.5 -23.551 5.087 -26.871 -30.787
5 24 5.572 -23.102 -26.94 9.897 -22.5 -23.551 10.229 -26.302 -23.633 7.715 -18.979 -24.007
5 24 5.572 -23.102 -26.94 7.715 -18.979 -24.007 9.897 -22.5 -23.551 3.094 -21.037 -29.314
5 24 7.715 -18.979 -24.007 9.897 -22.5 -23.551 5.572 -23.102 -26.94 10.023 -22.411 -17.851
5 24 3.094 -21.037 -29.314 7.715 -18.979 -24.007 5.572 -23.102 -26.94 3.606 -20.007 -27.934
5 24 5.572 -23.102 -26.94 3.094 -21.037 -29.314 7.715 -18.979 -24.007 4.182 -23.292 -31.282
5 24 3.606 -20.007 -27.934 7.715 -18.979 -24.007 3.094 -21.037 -29.314 5.584 -17.672 -24.363
5 24 3.094 -21.037 -29.314 3.606 -20.007 -27.934 7.715 -18.979 -24.007 0 -20.414 -30.732
5 24 3.606 -20.007 -27.934 5.584 -17.672 -24.363 7.715 -18.979 -24.007 0 -16.32 -24.429
5 24 5.584 -17.672 -24.363 7.715 -18.979 -24.007 3.606 -20.007 -27.934 4.533 -15.492 -18.759
5 24 0 -16.32 -24.429 5.584 -17.672 -24.363 3.606 -20.007 -27.934 0 -14.706 -18.936
5 24 3.606 -20.007 -27.934 0 -16.32 -24.429 5.584 -17.672 -24.363 0 -18.552 -29.031
5 24 3.606 -20.007 -27.934 0 -18.552 -29.031 0 -16.32 -24.429 0 -20.414 -30.732
5 24 5.572 -23.102 -26.94 4.182 -23.292 -31.282 3.094 -21.037 -29.314 5.087 -26.871 -30.787
5 24 4.182 -23.292 -31.282 3.094 -21.037 -29.314 5.572 -23.102 -26.94 0 -21.501 -32.489
5 24 4.182 -23.292 -31.282 0 -21.501 -32.489 3.094 -21.037 -29.314 0 -22.864 -33.222
5 24 0 -21.501 -32.489 3.094 -21.037 -29.314 4.182 -23.292 -31.282 0 -20.414 -30.732
5 24 4.182 -23.292 -31.282 0 -22.864 -33.222 0 -21.501 -32.489 5.087 -26.871 -30.787
5 24 0 -20.414 -30.732 3.094 -21.037 -29.314 0 -21.501 -32.489 3.606 -20.007 -27.934
5 24 3.606 -20.007 -27.934 0 -20.414 -30.732 0 -18.552 -29.031 3.094 -21.037 -29.314
5 24 5.572 -23.102 -26.94 5.087 -26.871 -30.787 4.182 -23.292 -31.282 10.229 -26.302 -23.633
5 24 5.087 -26.871 -30.787 4.182 -23.292 -31.282 5.572 -23.102 -26.94 0 -22.864 -33.222
5 24 10.229 -26.302 -23.633 5.087 -26.871 -30.787 5.572 -23.102 -26.94 8.392 -30.356 -23.924
5 24 5.087 -26.871 -30.787 0 -22.864 -33.222 4.182 -23.292 -31.282 0 -27.151 -33.3
5 24 9.897 -22.5 -23.551 10.023 -22.411 -17.851 10.29 -26.452 -18.352 7.715 -18.979 -24.007
5 24 10.023 -22.411 -17.851 10.29 -26.452 -18.352 9.897 -22.5 -23.551 5.524 -26.734 -14.644
5 24 7.715 -18.979 -24.007 10.023 -22.411 -17.851 9.897 -22.5 -23.551 7.454 -17.573 -18.309
5 24 10.023 -22.411 -17.851 5.524 -26.734 -14.644 10.29 -26.452 -18.352 5.496 -23.667 -13.772
5 24 5.524 -26.734 -14.644 10.29 -26.452 -18.352 10.023 -22.411 -17.851 4.741 -30.09 -15.981
5 24 5.496 -23.667 -13.772 5.524 -26.734 -14.644 10.023 -22.411 -17.851 0 -27.339 -13.673
5 24 10.023 -22.411 -17.851 5.496 -23.667 -13.772 5.524 -26.734 -14.644 5.206 -21.922 -12.714
5 24 5.496 -23.667 -13.772 0 -27.339 -13.673 5.524 -26.734 -14.644 0 -25.111 -12.603
5 24 0 -27.339 -13.673 5.524 -26.734 -14.644 5.496 -23.667 -13.772 0 -30.167 -15.099
5 24 5.496 -23.667 -13.772 0 -25.111 -12.603 0 -27.339 -13.673 0 -23.896 -11.561
5 24 7.715 -18.979 -24.007 7.454 -17.573 -18.309 10.023 -22.411 -17.851 4.533 -15.492 -18.759
5 24 7.454 -17.573 -18.309 10.023 -22.411 -17.851 7.715 -18.979 -24.007 7.382 -18.993 -14.158
5 24 10.023 -22.411 -17.851 5.206 -21.922 -12.714 5.496 -23.667 -13.772 7.382 -18.993 -14.158
5 24 5.206 -21.922 -12.714 5.496 -23.667 -13.772 10.023 -22.411 -17.851 0 -23.896 -11.561
5 24 10.023 -22.411 -17.851 7.382 -18.993 -14.158 5.206 -21.922 -12.714 7.454 -17.573 -18.309
5 24 7.382 -18.993 -14.158 5.206 -21.922 -12.714 10.023 -22.411 -17.851 4.98 -21.606 -11.249
5 24 7.454 -17.573 -18.309 7.382 -18.993 -14.158 10.023 -22.411 -17.851 6.637 -16.748 -14.19
5 24 0 -30.167 -15.099 5.524 -26.734 -14.644 0 -27.339 -13.673 4.741 -30.09 -15.981
5 24 4.741 -30.09 -15.981 5.524 -26.734 -14.644 0 -30.167 -15.099 10.29 -26.452 -18.352
5 24 5.087 -26.871 -30.787 0 -27.151 -33.3 0 -22.864 -33.222 4.064 -31.152 -28.158
5 24 4.064 -31.152 -28.158 0 -27.151 -33.3 5.087 -26.871 -30.787 0 -31.492 -29.759
5 24 5.087 -26.871 -30.787 4.064 -31.152 -28.158 0 -27.151 -33.3 8.392 -30.356 -23.924
5 24 5.087 -26.871 -30.787 8.392 -30.356 -23.924 4.064 -31.152 -28.158 10.229 -26.302 -23.633
5 24 7.715 -18.979 -24.007 4.533 -15.492 -18.759 7.454 -17.573 -18.309 5.584 -17.672 -24.363
5 24 4.533 -15.492 -18.759 7.454 -17.573 -18.309 7.715 -18.979 -24.007 6.637 -16.748 -14.19
5 24 4.533 -15.492 -18.759 6.637 -16.748 -14.19 7.454 -17.573 -18.309 5.211 -14.515 -13.847
5 24 6.637 -16.748 -14.19 7.454 -17.573 -18.309 4.533 -15.492 -18.759 7.382 -18.993 -14.158
5 24 6.637 -16.748 -14.19 7.382 -18.993 -14.158 7.454 -17.573 -18.309 10.887 -15.384 -13.683
5 24 4.533 -15.492 -18.759 5.211 -14.515 -13.847 6.637 -16.748 -14.19 3.559 -12.472 -13.744
5 24 5.211 -14.515 -13.847 6.637 -16.748 -14.19 4.533 -15.492 -18.759 10.887 -15.384 -13.683
5 24 4.533 -15.492 -18.759 3.559 -12.472 -13.744 5.211 -14.515 -13.847 0 -10.761 -13.751
5 24 3.559 -12.472 -13.744 5.211 -14.515 -13.847 4.533 -15.492 -18.759 3.352 -7.841 -10.886
5 24 0 -10.761 -13.751 3.559 -12.472 -13.744 4.533 -15.492 -18.759 0 -7.379 -11.339
5 24 4.533 -15.492 -18.759 0 -10.761 -13.751 3.559 -12.472 -13.744 0 -14.706 -18.936
5 24 4.533 -15.492 -18.759 0 -14.706 -18.936 0 -10.761 -13.751 5.584 -17.672 -24.363
5 24 5.584 -17.672 -24.363 0 -14.706 -18.936 4.533 -15.492 -18.759 0 -16.32 -24.429
5 24 4.533 -15.492 -18.759 5.584 -17.672 -24.363 0 -14.706 -18.936 7.715 -18.979 -24.007
2 24 7.567 0 6.413 6.771 0 6.085
2 24 6.771 0 6.085 4.2426 0 4.2426
2 24 2.2962 0 5.5434 3.691 0 10.298
2 24 4.2426 0 4.2426 2.2962 0 5.5434
2 24 9.092 0 7.486 7.567 0 6.413
2 24 12.561 0 11.251 9.092 0 7.486
2 24 3.691 0 10.298 6.842 0 16.71
2 24 6.842 0 16.71 10.152 0 18.296
2 24 10.152 0 18.296 13.205 0 17.486
2 24 14.892 0 15.461 12.561 0 11.251
2 24 13.205 0 17.486 14.892 0 15.461
5 24 0 -18.961 -10.447 3.8942 -18.916 -4.591 4.653 -17.252 -8.361 0 -18.957 6.446
2 24 3.8942 -18.916 -4.591 4.653 -17.252 -8.361
2 24 4.653 -17.252 -8.361 0 -18.961 -10.447
5 24 0 -18.957 6.446 3.8942 -18.916 -4.591 0 -18.961 -10.447 3.74 -19.027 .121
5 24 0 -18.957 6.446 3.74 -19.027 .121 3.8942 -18.916 -4.591 2.2962 -18.625 5.5434
2 24 3.74 -19.027 .121 3.8942 -18.916 -4.591
2 24 0 -18.957 6.446 2.2962 -18.625 5.5434
2 24 2.2962 -18.625 5.5434 3.74 -19.027 .121
5 24 0 -18.961 -10.447 2.831 -8.366 -10.03 0 -8.061 -10.513 4.653 -17.252 -8.361
2 24 2.831 -8.366 -10.03 0 -8.061 -10.513
5 24 4.653 -17.252 -8.361 2.831 -8.366 -10.03 0 -18.961 -10.447 4.206 -8.032 -9.221
2 24 4.653 -17.252 -8.361 4.206 -8.032 -9.221
2 24 4.206 -8.032 -9.221 2.831 -8.366 -10.03
5 24 3.499 -17.227 9.281 0 -18.957 6.446 0 -14.907 9.343 2.2962 -18.625 5.5434
5 24 0 -14.907 9.343 3.499 -17.227 9.281 0 -18.957 6.446 3.498 -11.157 10.416
2 24 3.499 -17.227 9.281 2.2962 -18.625 5.5434
5 24 0 -14.907 9.343 3.498 -11.157 10.416 3.499 -17.227 9.281 3.371 -10.95 11.484
2 24 3.498 -11.157 10.416 3.499 -17.227 9.281
5 24 0 -14.907 9.343 3.371 -10.95 11.484 3.498 -11.157 10.416 0 -10.352 12.444
2 24 3.371 -10.95 11.484 3.498 -11.157 10.416
2 24 0 -10.352 12.444 3.371 -10.95 11.484
5 24 4.2426 -17.235 4.2426 3.74 -19.027 .121 2.2962 -18.625 5.5434 6.137 -15.784 1.284
2 24 2.2962 -18.625 5.5434 4.2426 -17.235 4.2426
5 24 6.137 -15.784 1.284 3.74 -19.027 .121 4.2426 -17.235 4.2426 5.6007 -17.15 -2.8845
5 24 7.141 -12.696 5.944 6.137 -15.784 1.284 4.2426 -17.235 4.2426 8.912 -11.512 2.431
2 24 4.2426 -17.235 4.2426 7.141 -12.696 5.944
5 24 7.141 -12.696 5.944 8.912 -11.512 2.431 6.137 -15.784 1.284 7.939 -5.539 5.916
5 24 8.912 -11.512 2.431 6.137 -15.784 1.284 7.141 -12.696 5.944 7.636 -17.227 -4.404
5 24 7.939 -5.539 5.916 8.912 -11.512 2.431 7.141 -12.696 5.944 10.217 -7.317 2.939
2 24 7.141 -12.696 5.944 7.939 -5.539 5.916
5 24 10.217 -7.317 2.939 8.912 -11.512 2.431 7.939 -5.539 5.916 8.744 -11.942 -4.488
5 24 7.939 -5.539 5.916 10.217 -7.317 2.939 8.912 -11.512 2.431 8.682 -4.832 5.642
5 24 8.682 -4.832 5.642 10.217 -7.317 2.939 7.939 -5.539 5.916 10.305 -4.912 3.01
2 24 7.939 -5.539 5.916 8.682 -4.832 5.642
5 24 10.305 -4.912 3.01 10.217 -7.317 2.939 8.682 -4.832 5.642 10.969 -5.111 -.214
2 24 8.682 -4.832 5.642 10.305 -4.912 3.01
2 24 10.305 -4.912 3.01 10.969 -5.111 -.214
5 24 10.969 -5.111 -.214 10.217 -7.317 2.939 10.305 -4.912 3.01 9.25 -8.31 -4.322
5 24 10.969 -5.111 -.214 9.25 -8.31 -4.322 10.217 -7.317 2.939 9.479 -6.673 -4.514
5 24 9.25 -8.31 -4.322 10.217 -7.317 2.939 10.969 -5.111 -.214 8.744 -11.942 -4.488
2 24 10.969 -5.111 -.214 9.479 -6.673 -4.514
2 24 9.479 -6.673 -4.514 9.25 -8.31 -4.322
5 24 6.137 -15.784 1.284 5.6007 -17.15 -2.8845 3.74 -19.027 .121 7.636 -17.227 -4.404
5 24 5.6007 -17.15 -2.8845 3.74 -19.027 .121 6.137 -15.784 1.284 3.8942 -18.916 -4.591
2 24 5.6007 -17.15 -2.8845 3.8942 -18.916 -4.591
5 24 6.137 -15.784 1.284 7.636 -17.227 -4.404 5.6007 -17.15 -2.8845 8.912 -11.512 2.431
2 24 7.636 -17.227 -4.404 5.6007 -17.15 -2.8845
5 24 8.912 -11.512 2.431 7.636 -17.227 -4.404 6.137 -15.784 1.284 8.744 -11.942 -4.488
5 24 10.217 -7.317 2.939 8.744 -11.942 -4.488 8.912 -11.512 2.431 9.25 -8.31 -4.322
5 24 8.744 -11.942 -4.488 8.912 -11.512 2.431 10.217 -7.317 2.939 7.636 -17.227 -4.404
2 24 9.25 -8.31 -4.322 8.744 -11.942 -4.488
2 24 8.744 -11.942 -4.488 7.636 -17.227 -4.404
5 24 9.092 0 7.486 8.682 -4.832 5.642 7.567 0 6.413 9.743 -4.429 6.943
5 24 8.682 -4.832 5.642 7.567 0 6.413 9.092 0 7.486 6.771 0 6.085
5 24 9.092 0 7.486 9.743 -4.429 6.943 8.682 -4.832 5.642 13.137 -5.728 11.183
5 24 9.743 -4.429 6.943 8.682 -4.832 5.642 9.092 0 7.486 10.152 -4.722 6.327
5 24 9.743 -4.429 6.943 10.152 -4.722 6.327 8.682 -4.832 5.642 13.137 -5.728 11.183
2 24 10.152 -4.722 6.327 8.682 -4.832 5.642
5 24 9.092 0 7.486 13.137 -5.728 11.183 9.743 -4.429 6.943 12.561 0 11.251
5 24 13.137 -5.728 11.183 9.743 -4.429 6.943 9.092 0 7.486 10.152 -4.722 6.327
5 24 13.137 -5.728 11.183 10.152 -4.722 6.327 9.743 -4.429 6.943 13.211 -6.311 9.367
5 24 12.561 0 11.251 13.137 -5.728 11.183 9.092 0 7.486 14.945 -3.856 15.357
2 24 13.211 -6.311 9.367 10.152 -4.722 6.327
5 24 13.137 -5.728 11.183 13.211 -6.311 9.367 10.152 -4.722 6.327 12.404 -8.736 10.543
5 24 12.561 0 11.251 14.945 -3.856 15.357 13.137 -5.728 11.183 14.892 0 15.461
5 24 14.945 -3.856 15.357 13.137 -5.728 11.183 12.561 0 11.251 12.529 -6.826 13.239
5 24 14.892 0 15.461 14.945 -3.856 15.357 12.561 0 11.251 13.222 -3.62 17.98
5 24 14.892 0 15.461 13.222 -3.62 17.98 14.945 -3.856 15.357 13.205 0 17.486
5 24 13.222 -3.62 17.98 14.945 -3.856 15.357 14.892 0 15.461 14.015 -4.989 16.117
5 24 13.205 0 17.486 13.222 -3.62 17.98 14.892 0 15.461 9.903 -3.797 18.504
5 24 13.205 0 17.486 9.903 -3.797 18.504 13.222 -3.62 17.98 10.152 0 18.296
5 24 9.903 -3.797 18.504 13.222 -3.62 17.98 13.205 0 17.486 10.493 -5.287 17.918
5 24 10.152 0 18.296 9.903 -3.797 18.504 13.205 0 17.486 5.701 -4.486 16.907
5 24 10.152 0 18.296 5.701 -4.486 16.907 9.903 -3.797 18.504 6.842 0 16.71
5 24 5.701 -4.486 16.907 9.903 -3.797 18.504 10.152 0 18.296 7.606 -6.195 16.698
5 24 6.842 0 16.71 5.701 -4.486 16.907 10.152 0 18.296 3.205 -4.556 11.848
2 24 3.205 -4.556 11.848 5.701 -4.486 16.907
5 24 3.691 0 10.298 3.205 -4.556 11.848 6.842 0 16.71 3.498 -11.157 10.416
5 24 10.493 -5.287 17.918 13.222 -3.62 17.98 9.903 -3.797 18.504 12.682 -5.176 17.177
5 24 9.903 -3.797 18.504 10.493 -5.287 17.918 13.222 -3.62 17.98 7.606 -6.195 16.698
5 24 12.682 -5.176 17.177 13.222 -3.62 17.98 10.493 -5.287 17.918 14.015 -4.989 16.117
5 24 10.493 -5.287 17.918 12.682 -5.176 17.177 13.222 -3.62 17.98 10.492 -7.593 14.881
5 24 10.492 -7.593 14.881 12.682 -5.176 17.177 10.493 -5.287 17.918 14.015 -4.989 16.117
5 24 10.493 -5.287 17.918 10.492 -7.593 14.881 12.682 -5.176 17.177 7.606 -6.195 16.698
5 24 10.492 -7.593 14.881 14.015 -4.989 16.117 12.682 -5.176 17.177 12.529 -6.826 13.239
5 24 14.015 -4.989 16.117 12.682 -5.176 17.177 10.492 -7.593 14.881 13.222 -3.62 17.98
5 24 13.222 -3.62 17.98 14.015 -4.989 16.117 14.945 -3.856 15.357 12.682 -5.176 17.177
5 24 14.015 -4.989 16.117 14.945 -3.856 15.357 13.222 -3.62 17.98 12.529 -6.826 13.239
5 24 10.492 -7.593 14.881 12.529 -6.826 13.239 14.015 -4.989 16.117 11.282 -9.372 12.15
5 24 12.529 -6.826 13.239 14.015 -4.989 16.117 10.492 -7.593 14.881 14.945 -3.856 15.357
5 24 12.529 -6.826 13.239 14.945 -3.856 15.357 14.015 -4.989 16.117 13.137 -5.728 11.183
5 24 10.493 -5.287 17.918 7.606 -6.195 16.698 10.492 -7.593 14.881 9.903 -3.797 18.504
5 24 7.606 -6.195 16.698 10.492 -7.593 14.881 10.493 -5.287 17.918 8.942 -9.778 14.282
5 24 7.606 -6.195 16.698 9.903 -3.797 18.504 5.701 -4.486 16.907 10.493 -5.287 17.918
5 24 5.701 -4.486 16.907 7.606 -6.195 16.698 9.903 -3.797 18.504 2.388 -6.029 17.682
5 24 12.529 -6.826 13.239 13.137 -5.728 11.183 14.945 -3.856 15.357 12.404 -8.736 10.543
5 24 14.167 -5.528 4.847 10.152 -4.722 6.327 13.211 -6.311 9.367 10.305 -4.912 3.01
2 24 13.211 -6.311 9.367 14.167 -5.528 4.847
5 24 10.305 -4.912 3.01 10.152 -4.722 6.327 14.167 -5.528 4.847 8.682 -4.832 5.642
5 24 14.167 -5.528 4.847 10.305 -4.912 3.01 10.152 -4.722 6.327 15.033 -5.79 -.174
2 24 14.167 -5.528 4.847 15.033 -5.79 -.174
5 24 15.033 -5.79 -.174 10.969 -5.111 -.214 10.305 -4.912 3.01 14.992 -7.29 -5.41
2 24 15.033 -5.79 -.174 14.992 -7.29 -5.41
5 24 11.52 -6.76 -5.744 10.969 -5.111 -.214 14.992 -7.29 -5.41 9.479 -6.673 -4.514
2 24 14.992 -7.29 -5.41 11.52 -6.76 -5.744
2 24 11.52 -6.76 -5.744 9.479 -6.673 -4.514
5 24 6.771 0 6.085 8.682 -4.832 5.642 7.939 -5.539 5.916 7.567 0 6.413
5 24 7.939 -5.539 5.916 6.771 0 6.085 8.682 -4.832 5.642 4.2426 0 4.2426
5 24 7.939 -5.539 5.916 4.2426 0 4.2426 6.771 0 6.085 7.141 -12.696 5.944
5 24 7.141 -12.696 5.944 4.2426 0 4.2426 7.939 -5.539 5.916 4.2426 -17.235 4.2426
2 24 4.2426 -17.235 4.2426 4.2426 0 4.2426
5 24 3.371 -10.95 11.484 1.362 -5.659 12.496 3.205 -4.556 11.848 0 -10.352 12.444
2 24 1.362 -5.659 12.496 3.205 -4.556 11.848
2 24 3.205 -4.556 11.848 3.371 -10.95 11.484
5 24 0 -10.352 12.444 1.362 -5.659 12.496 3.371 -10.95 11.484 0 -5.62 12.549
2 24 0 -5.62 12.549 1.362 -5.659 12.496
5 24 3.498 -11.157 10.416 3.205 -4.556 11.848 3.691 0 10.298 3.371 -10.95 11.484
5 24 3.691 0 10.298 3.498 -11.157 10.416 3.205 -4.556 11.848 2.2962 0 5.5434
5 24 2.2962 0 5.5434 3.498 -11.157 10.416 3.691 0 10.298 2.2962 -18.625 5.5434
5 24 2.2962 -18.625 5.5434 3.498 -11.157 10.416 2.2962 0 5.5434 3.499 -17.227 9.281
2 24 2.2962 0 5.5434 2.2962 -18.625 5.5434
5 24 3.8942 0 -4.591 4.653 -17.252 -8.361 3.8942 -18.916 -4.591 4.928 0 -7.647
5 24 3.8942 -18.916 -4.591 3.8942 0 -4.591 4.653 -17.252 -8.361 5.6007 0 -2.8845
5 24 4.928 0 -7.647 4.653 -17.252 -8.361 3.8942 0 -4.591 4.206 -8.032 -9.221
2 24 3.8942 0 -4.591 4.928 0 -7.647
5 24 4.928 0 -7.647 4.206 -8.032 -9.221 4.653 -17.252 -8.361 4.303 -7.216 -9.904
2 24 4.303 -7.216 -9.904 4.206 -8.032 -9.221
5 24 4.928 0 -7.647 4.303 -7.216 -9.904 4.206 -8.032 -9.221 8.38 -5.395 -12.488
2 24 5.6007 -17.15 -2.8845 5.6007 0 -2.8845
5 24 5.6007 0 -2.8845 9.479 -6.673 -4.514 9.385 0 -6.76 9.25 -8.31 -4.322
2 24 9.385 0 -6.76 5.6007 0 -2.8845
5 24 5.6007 0 -2.8845 9.25 -8.31 -4.322 9.479 -6.673 -4.514 8.744 -11.942 -4.488
5 24 5.6007 0 -2.8845 8.744 -11.942 -4.488 9.25 -8.31 -4.322 5.6007 -17.15 -2.8845
5 24 5.6007 -17.15 -2.8845 8.744 -11.942 -4.488 5.6007 0 -2.8845 7.636 -17.227 -4.404
5 24 10.801 -4.253 -6.692 9.479 -6.673 -4.514 11.52 -6.76 -5.744 9.385 0 -6.76
5 24 11.52 -6.76 -5.744 10.801 -4.253 -6.692 9.479 -6.673 -4.514 14.995 -5.759 -7.309
5 24 10.801 -4.253 -6.692 9.385 0 -6.76 9.479 -6.673 -4.514 14.197 0 -8.024
5 24 11.52 -6.76 -5.744 14.995 -5.759 -7.309 10.801 -4.253 -6.692 14.992 -7.29 -5.41
5 24 14.995 -5.759 -7.309 10.801 -4.253 -6.692 11.52 -6.76 -5.744 14.197 0 -8.024
5 24 14.992 -7.29 -5.41 14.995 -5.759 -7.309 11.52 -6.76 -5.744 15.081 -6.421 -10.055
5 24 14.992 -7.29 -5.41 15.081 -6.421 -10.055 14.995 -5.759 -7.309 14.489 -9.163 -9.916
5 24 15.081 -6.421 -10.055 14.995 -5.759 -7.309 14.992 -7.29 -5.41 19.533 -3.188 -9.97
5 24 14.489 -9.163 -9.916 15.081 -6.421 -10.055 14.992 -7.29 -5.41 14.935 -6.655 -12.29
5 24 14.489 -9.163 -9.916 14.935 -6.655 -12.29 15.081 -6.421 -10.055 13.381 -11.239 -12.401
5 24 14.935 -6.655 -12.29 15.081 -6.421 -10.055 14.489 -9.163 -9.916 18.816 -3.096 -11.59
5 24 14.489 -9.163 -9.916 13.381 -11.239 -12.401 14.935 -6.655 -12.29 13.898 -11.906 -9.777
5 24 13.381 -11.239 -12.401 14.935 -6.655 -12.29 14.489 -9.163 -9.916 13.633 -6.258 -14.037
5 24 14.992 -7.29 -5.41 13.898 -11.906 -9.777 14.489 -9.163 -9.916 15.459 -8.196 -3.14
5 24 13.898 -11.906 -9.777 14.489 -9.163 -9.916 14.992 -7.29 -5.41 13.381 -11.239 -12.401
5 24 13.898 -11.906 -9.777 13.381 -11.239 -12.401 14.489 -9.163 -9.916 11.827 -15.824 -12.512
5 24 13.381 -11.239 -12.401 13.633 -6.258 -14.037 14.935 -6.655 -12.29 12.306 -10.752 -13.99
5 24 13.633 -6.258 -14.037 14.935 -6.655 -12.29 13.381 -11.239 -12.401 18.816 -3.096 -11.59
5 24 12.306 -10.752 -13.99 13.633 -6.258 -14.037 13.381 -11.239 -12.401 7.584 -8.126 -12.352
5 24 13.381 -11.239 -12.401 12.306 -10.752 -13.99 13.633 -6.258 -14.037 11.827 -15.824 -12.512
5 24 7.584 -8.126 -12.352 13.633 -6.258 -14.037 12.306 -10.752 -13.99 8.38 -5.395 -12.488
5 24 12.306 -10.752 -13.99 7.584 -8.126 -12.352 13.633 -6.258 -14.037 6.711 -10.834 -12.368
5 24 8.38 -5.395 -12.488 13.633 -6.258 -14.037 7.584 -8.126 -12.352 8.413 0 -11.613
5 24 7.584 -8.126 -12.352 8.38 -5.395 -12.488 13.633 -6.258 -14.037 4.303 -7.216 -9.904
5 24 7.584 -8.126 -12.352 4.303 -7.216 -9.904 8.38 -5.395 -12.488 6.711 -10.834 -12.368
5 24 4.303 -7.216 -9.904 8.38 -5.395 -12.488 7.584 -8.126 -12.352 4.928 0 -7.647
5 24 4.928 0 -7.647 8.38 -5.395 -12.488 4.303 -7.216 -9.904 8.413 0 -11.613
5 24 8.413 0 -11.613 8.38 -5.395 -12.488 4.928 0 -7.647 13.633 -6.258 -14.037
2 24 4.928 0 -7.647 8.413 0 -11.613
5 24 8.413 0 -11.613 13.633 -6.258 -14.037 8.38 -5.395 -12.488 13.358 0 -13.551
5 24 6.711 -10.834 -12.368 4.303 -7.216 -9.904 7.584 -8.126 -12.352 3.352 -7.841 -10.886
5 24 7.584 -8.126 -12.352 6.711 -10.834 -12.368 4.303 -7.216 -9.904 12.306 -10.752 -13.99
5 24 12.306 -10.752 -13.99 6.711 -10.834 -12.368 7.584 -8.126 -12.352 10.887 -15.384 -13.683
2 24 8.413 0 -11.613 13.358 0 -13.551
5 24 13.358 0 -13.551 13.633 -6.258 -14.037 8.413 0 -11.613 18.816 -3.096 -11.59
5 24 13.358 0 -13.551 18.816 -3.096 -11.59 13.633 -6.258 -14.037 18.606 0 -11.499
5 24 18.816 -3.096 -11.59 13.633 -6.258 -14.037 13.358 0 -13.551 14.935 -6.655 -12.29
5 24 18.816 -3.096 -11.59 14.935 -6.655 -12.29 13.633 -6.258 -14.037 15.081 -6.421 -10.055
5 24 18.816 -3.096 -11.59 15.081 -6.421 -10.055 14.935 -6.655 -12.29 19.533 -3.188 -9.97
2 24 13.358 0 -13.551 18.606 0 -11.499
5 24 18.606 0 -11.499 18.816 -3.096 -11.59 13.358 0 -13.551 19.533 -3.188 -9.97
5 24 18.606 0 -11.499 19.533 -3.188 -9.97 18.816 -3.096 -11.59 19.492 0 -9.701
5 24 19.533 -3.188 -9.97 18.816 -3.096 -11.59 18.606 0 -11.499 15.081 -6.421 -10.055
2 24 18.606 0 -11.499 19.492 0 -9.701
5 24 19.492 0 -9.701 19.533 -3.188 -9.97 18.606 0 -11.499 19.563 -3.162 -7.952
5 24 19.563 -3.162 -7.952 19.533 -3.188 -9.97 19.492 0 -9.701 14.995 -5.759 -7.309
2 24 19.492 0 -9.701 19.52 0 -8
5 24 19.52 0 -8 19.563 -3.162 -7.952 19.492 0 -9.701 18.396 -3.151 -6.629
5 24 19.52 0 -8 18.396 -3.151 -6.629 19.563 -3.162 -7.952 18.604 0 -6.774
5 24 18.396 -3.151 -6.629 19.563 -3.162 -7.952 19.52 0 -8 14.995 -5.759 -7.309
2 24 19.52 0 -8 18.604 0 -6.774
5 24 18.604 0 -6.774 18.396 -3.151 -6.629 19.52 0 -8 14.197 0 -8.024
5 24 14.197 0 -8.024 18.396 -3.151 -6.629 18.604 0 -6.774 14.995 -5.759 -7.309
2 24 18.604 0 -6.774 14.197 0 -8.024
5 24 14.995 -5.759 -7.309 18.396 -3.151 -6.629 14.197 0 -8.024 19.563 -3.162 -7.952
5 24 14.197 0 -8.024 14.995 -5.759 -7.309 18.396 -3.151 -6.629 10.801 -4.253 -6.692
5 24 19.563 -3.162 -7.952 14.995 -5.759 -7.309 19.533 -3.188 -9.97 18.396 -3.151 -6.629
5 24 14.995 -5.759 -7.309 19.533 -3.188 -9.97 19.563 -3.162 -7.952 15.081 -6.421 -10.055
5 24 14.197 0 -8.024 10.801 -4.253 -6.692 14.995 -5.759 -7.309 9.385 0 -6.76
2 24 14.197 0 -8.024 9.385 0 -6.76
5 24 19.533 -3.188 -9.97 15.081 -6.421 -10.055 18.816 -3.096 -11.59 14.995 -5.759 -7.309
5 24 12.306 -10.752 -13.99 10.887 -15.384 -13.683 6.711 -10.834 -12.368 11.827 -15.824 -12.512
5 24 10.887 -15.384 -13.683 6.711 -10.834 -12.368 12.306 -10.752 -13.99 5.211 -14.515 -13.847
5 24 12.306 -10.752 -13.99 11.827 -15.824 -12.512 10.887 -15.384 -13.683 13.381 -11.239 -12.401
5 24 11.827 -15.824 -12.512 10.887 -15.384 -13.683 12.306 -10.752 -13.99 7.382 -18.993 -14.158
5 24 13.381 -11.239 -12.401 11.827 -15.824 -12.512 12.306 -10.752 -13.99 13.898 -11.906 -9.777
5 24 13.898 -11.906 -9.777 11.827 -15.824 -12.512 13.381 -11.239 -12.401 11.371 -16.799 -11.662
5 24 6.711 -10.834 -12.368 3.352 -7.841 -10.886 4.303 -7.216 -9.904 5.211 -14.515 -13.847
2 24 3.352 -7.841 -10.886 4.303 -7.216 -9.904
5 24 3.352 -7.841 -10.886 0 -8.061 -10.513 2.831 -8.366 -10.03 0 -7.379 -11.339
5 24 2.831 -8.366 -10.03 3.352 -7.841 -10.886 0 -8.061 -10.513 4.303 -7.216 -9.904
2 24 3.352 -7.841 -10.886 0 -7.379 -11.339
5 24 2.831 -8.366 -10.03 4.303 -7.216 -9.904 3.352 -7.841 -10.886 4.206 -8.032 -9.221
5 24 10.887 -15.384 -13.683 5.211 -14.515 -13.847 6.711 -10.834 -12.368 6.637 -16.748 -14.19
5 24 5.211 -14.515 -13.847 6.711 -10.834 -12.368 10.887 -15.384 -13.683 3.352 -7.841 -10.886
5 24 10.887 -15.384 -13.683 6.637 -16.748 -14.19 5.211 -14.515 -13.847 7.382 -18.993 -14.158
5 24 10.887 -15.384 -13.683 7.382 -18.993 -14.158 6.637 -16.748 -14.19 11.827 -15.824 -12.512
5 24 11.827 -15.824 -12.512 7.382 -18.993 -14.158 10.887 -15.384 -13.683 11.371 -16.799 -11.662
5 24 5.211 -14.515 -13.847 3.352 -7.841 -10.886 6.711 -10.834 -12.368 3.559 -12.472 -13.744
5 24 3.559 -12.472 -13.744 3.352 -7.841 -10.886 5.211 -14.515 -13.847 0 -7.379 -11.339
5 24 3.559 -12.472 -13.744 0 -7.379 -11.339 3.352 -7.841 -10.886 0 -10.761 -13.751
5 24 11.371 -16.799 -11.662 7.382 -18.993 -14.158 11.827 -15.824 -12.512 8.083 -19.315 -12.33
5 24 11.827 -15.824 -12.512 11.371 -16.799 -11.662 7.382 -18.993 -14.158 13.898 -11.906 -9.777
5 24 8.083 -19.315 -12.33 7.382 -18.993 -14.158 11.371 -16.799 -11.662 4.98 -21.606 -11.249
2 24 11.371 -16.799 -11.662 8.083 -19.315 -12.33
5 24 4.98 -21.606 -11.249 7.382 -18.993 -14.158 8.083 -19.315 -12.33 5.206 -21.922 -12.714
2 24 8.083 -19.315 -12.33 4.98 -21.606 -11.249
5 24 13.898 -11.906 -9.777 11.371 -16.799 -11.662 11.827 -15.824 -12.512 13.914 -13.332 -8.433
5 24 13.898 -11.906 -9.777 13.914 -13.332 -8.433 11.371 -16.799 -11.662 15.459 -8.196 -3.14
2 24 13.914 -13.332 -8.433 11.371 -16.799 -11.662
5 24 13.898 -11.906 -9.777 15.459 -8.196 -3.14 13.914 -13.332 -8.433 14.992 -7.29 -5.41
2 24 15.459 -8.196 -3.14 13.914 -13.332 -8.433
5 24 14.992 -7.29 -5.41 15.459 -8.196 -3.14 13.898 -11.906 -9.777 15.564 -7.109 .009
5 24 14.992 -7.29 -5.41 15.564 -7.109 .009 15.459 -8.196 -3.14 15.033 -5.79 -.174
2 24 15.564 -7.109 .009 15.459 -8.196 -3.14
5 24 15.033 -5.79 -.174 15.564 -7.109 .009 14.992 -7.29 -5.41 14.746 -6.694 5.01
5 24 15.033 -5.79 -.174 14.746 -6.694 5.01 15.564 -7.109 .009 14.167 -5.528 4.847
2 24 14.746 -6.694 5.01 15.564 -7.109 .009
5 24 14.167 -5.528 4.847 14.746 -6.694 5.01 15.033 -5.79 -.174 13.211 -6.311 9.367
5 24 13.211 -6.311 9.367 14.746 -6.694 5.01 14.167 -5.528 4.847 12.404 -8.736 10.543
5 24 13.211 -6.311 9.367 12.404 -8.736 10.543 14.746 -6.694 5.01 13.137 -5.728 11.183
2 24 12.404 -8.736 10.543 14.746 -6.694 5.01
5 24 13.137 -5.728 11.183 12.404 -8.736 10.543 13.211 -6.311 9.367 12.529 -6.826 13.239
5 24 12.529 -6.826 13.239 12.404 -8.736 10.543 13.137 -5.728 11.183 11.282 -9.372 12.15
5 24 12.529 -6.826 13.239 11.282 -9.372 12.15 12.404 -8.736 10.543 10.492 -7.593 14.881
2 24 11.282 -9.372 12.15 12.404 -8.736 10.543
5 24 10.492 -7.593 14.881 11.282 -9.372 12.15 12.529 -6.826 13.239 8.942 -9.778 14.282
5 24 10.492 -7.593 14.881 8.942 -9.778 14.282 11.282 -9.372 12.15 7.606 -6.195 16.698
2 24 8.942 -9.778 14.282 11.282 -9.372 12.15
5 24 7.606 -6.195 16.698 8.942 -9.778 14.282 10.492 -7.593 14.881 5.398 -8.863 16.471
5 24 7.606 -6.195 16.698 5.398 -8.863 16.471 8.942 -9.778 14.282 2.388 -6.029 17.682
2 24 5.398 -8.863 16.471 8.942 -9.778 14.282
5 24 7.606 -6.195 16.698 2.388 -6.029 17.682 5.398 -8.863 16.471 5.701 -4.486 16.907
5 24 2.388 -6.029 17.682 5.398 -8.863 16.471 7.606 -6.195 16.698 2.346 -7.865 17.816
5 24 2.388 -6.029 17.682 2.346 -7.865 17.816 5.398 -8.863 16.471 0 -7.491 18.268
2 24 2.346 -7.865 17.816 5.398 -8.863 16.471
2 24 5.701 -4.486 16.907 2.388 -6.029 17.682
5 24 2.388 -6.029 17.682 0 -7.491 18.268 2.346 -7.865 17.816 0 -5.924 18.122
2 24 0 -7.491 18.268 2.346 -7.865 17.816
2 24 2.388 -6.029 17.682 0 -5.924 18.122
5 24 0 -23.896 -11.561 5.496 -23.667 -13.772 5.206 -21.922 -12.714 0 -25.111 -12.603
5 24 5.206 -21.922 -12.714 0 -23.896 -11.561 5.496 -23.667 -13.772 0 -23.209 -10.588
5 24 4.98 -21.606 -11.249 5.206 -21.922 -12.714 7.382 -18.993 -14.158 0 -23.209 -10.588
2 24 4.98 -21.606 -11.249 0 -23.209 -10.588
5 24 0 -23.209 -10.588 5.206 -21.922 -12.714 4.98 -21.606 -11.249 0 -23.896 -11.561
5 24 5.701 -4.486 16.907 3.227 -5.165 15.887 2.388 -6.029 17.682 3.205 -4.556 11.848
2 24 3.227 -5.165 15.887 2.388 -6.029 17.682
5 24 3.205 -4.556 11.848 3.227 -5.165 15.887 5.701 -4.486 16.907 1.362 -5.659 12.496
2 24 1.362 -5.659 12.496 3.227 -5.165 15.887
5 24 3.227 -5.165 15.887 0 -5.62 12.549 0 -4.568 16.046 1.362 -5.659 12.496
2 24 0 -4.568 16.046 3.227 -5.165 15.887
5 24 5.398 -8.863 16.471 .893 -9.561 16.79 6.039 -10.771 14.334 2.346 -7.865 17.816
2 24 .893 -9.561 16.79 6.039 -10.771 14.334
5 24 6.039 -10.771 14.334 5.398 -8.863 16.471 .893 -9.561 16.79 8.942 -9.778 14.282
5 24 2.346 -7.865 17.816 .893 -9.561 16.79 5.398 -8.863 16.471 0 -7.491 18.268
5 24 6.039 -10.771 14.334 8.942 -9.778 14.282 5.398 -8.863 16.471 9.886 -10.847 10.819
5 24 9.886 -10.847 10.819 8.942 -9.778 14.282 6.039 -10.771 14.334 11.282 -9.372 12.15
2 24 6.039 -10.771 14.334 9.886 -10.847 10.819
5 24 9.886 -10.847 10.819 11.282 -9.372 12.15 8.942 -9.778 14.282 12.404 -8.736 10.543
5 24 9.886 -10.847 10.819 12.404 -8.736 10.543 11.282 -9.372 12.15 10.728 -10.414 9.821
5 24 9.886 -10.847 10.819 10.728 -10.414 9.821 12.404 -8.736 10.543 8.029 -15.504 9.172
5 24 10.728 -10.414 9.821 12.404 -8.736 10.543 9.886 -10.847 10.819 14.746 -6.694 5.01
5 24 10.728 -10.414 9.821 14.746 -6.694 5.01 12.404 -8.736 10.543 13.403 -8.268 4.727
2 24 10.728 -10.414 9.821 13.403 -8.268 4.727
5 24 13.403 -8.268 4.727 14.746 -6.694 5.01 10.728 -10.414 9.821 15.564 -7.109 .009
5 24 13.403 -8.268 4.727 15.564 -7.109 .009 14.746 -6.694 5.01 14.036 -9.202 0
2 24 13.403 -8.268 4.727 14.036 -9.202 0
5 24 14.036 -9.202 0 15.564 -7.109 .009 13.403 -8.268 4.727 15.459 -8.196 -3.14
5 24 14.036 -9.202 0 15.459 -8.196 -3.14 15.564 -7.109 .009 14.032 -9.874 -1.689
5 24 14.036 -9.202 0 14.032 -9.874 -1.689 15.459 -8.196 -3.14 11.336 -15.411 .838
5 24 14.032 -9.874 -1.689 15.459 -8.196 -3.14 14.036 -9.202 0 13.914 -13.332 -8.433
5 24 14.032 -9.874 -1.689 13.914 -13.332 -8.433 15.459 -8.196 -3.14 12.653 -14.687 -6.624
2 24 14.032 -9.874 -1.689 12.653 -14.687 -6.624
5 24 12.653 -14.687 -6.624 13.914 -13.332 -8.433 14.032 -9.874 -1.689 11.371 -16.799 -11.662
5 24 12.653 -14.687 -6.624 11.371 -16.799 -11.662 13.914 -13.332 -8.433 9.72 -18.427 -8.802
2 24 12.653 -14.687 -6.624 9.72 -18.427 -8.802
5 24 9.72 -18.427 -8.802 11.371 -16.799 -11.662 12.653 -14.687 -6.624 8.083 -19.315 -12.33
5 24 9.72 -18.427 -8.802 8.083 -19.315 -12.33 11.371 -16.799 -11.662 7.759 -20.062 -9.284
5 24 9.72 -18.427 -8.802 7.759 -20.062 -9.284 8.083 -19.315 -12.33 7.421 -20.467 -5.564
5 24 7.759 -20.062 -9.284 8.083 -19.315 -12.33 9.72 -18.427 -8.802 4.98 -21.606 -11.249
5 24 7.759 -20.062 -9.284 4.98 -21.606 -11.249 8.083 -19.315 -12.33 4.075 -22.498 -8.908
2 24 7.759 -20.062 -9.284 4.075 -22.498 -8.908
5 24 4.075 -22.498 -8.908 4.98 -21.606 -11.249 7.759 -20.062 -9.284 0 -23.209 -10.588
5 24 4.075 -22.498 -8.908 0 -23.209 -10.588 4.98 -21.606 -11.249 0 -23.382 -8.295
2 24 4.075 -22.498 -8.908 0 -23.382 -8.295
5 24 3.253 -23.268 -6.093 0 -23.851 -7.414 3.747 -23.194 -7.809 0 -23.798 -6.203
2 24 0 -23.851 -7.414 3.747 -23.194 -7.809
5 24 3.747 -23.194 -7.809 3.253 -23.268 -6.093 0 -23.851 -7.414 5.926 -21.991 -5.81
5 24 5.926 -21.991 -5.81 3.253 -23.268 -6.093 3.747 -23.194 -7.809 4.57 -22.776 -3.59
5 24 3.747 -23.194 -7.809 5.926 -21.991 -5.81 3.253 -23.268 -6.093 7.091 -21.195 -8.027
2 24 3.747 -23.194 -7.809 7.091 -21.195 -8.027
2 24 7.091 -21.195 -8.027 5.926 -21.991 -5.81
5 24 2.732 -23.258 -4.38 0 -23.798 -6.203 3.253 -23.268 -6.093 0 -23.57 -5.012
5 24 3.253 -23.268 -6.093 2.732 -23.258 -4.38 0 -23.798 -6.203 4.57 -22.776 -3.59
2 24 2.732 -23.258 -4.38 0 -23.57 -5.012
5 24 4.57 -22.776 -3.59 3.253 -23.268 -6.093 5.926 -21.991 -5.81 2.732 -23.258 -4.38
2 24 5.926 -21.991 -5.81 4.57 -22.776 -3.59
2 24 4.57 -22.776 -3.59 2.732 -23.258 -4.38
5 24 6.589 -20.889 -5.9 7.091 -21.195 -8.027 7.759 -20.062 -9.284 5.926 -21.991 -5.81
2 24 7.091 -21.195 -8.027 7.759 -20.062 -9.284
2 24 7.759 -20.062 -9.284 6.589 -20.889 -5.9
5 24 6.589 -20.889 -5.9 5.926 -21.991 -5.81 7.091 -21.195 -8.027 4.409 -22.244 -3.072
5 24 4.409 -22.244 -3.072 5.926 -21.991 -5.81 6.589 -20.889 -5.9 4.57 -22.776 -3.59
2 24 6.589 -20.889 -5.9 4.409 -22.244 -3.072
2 24 4.409 -22.244 -3.072 4.57 -22.776 -3.59
5 24 7.421 -20.467 -5.564 7.759 -20.062 -9.284 9.72 -18.427 -8.802 6.589 -20.889 -5.9
2 24 9.72 -18.427 -8.802 7.421 -20.467 -5.564
5 24 7.421 -20.467 -5.564 6.589 -20.889 -5.9 7.759 -20.062 -9.284 5.421 -21.934 -2.101
5 24 5.421 -21.934 -2.101 6.589 -20.889 -5.9 7.421 -20.467 -5.564 4.409 -22.244 -3.072
2 24 7.421 -20.467 -5.564 5.421 -21.934 -2.101
5 24 5.421 -21.934 -2.101 4.409 -22.244 -3.072 6.589 -20.889 -5.9 2.935 -22.579 -2.737
5 24 5.421 -21.934 -2.101 2.935 -22.579 -2.737 4.409 -22.244 -3.072 5.516 -21.963 .019
5 24 2.935 -22.579 -2.737 4.409 -22.244 -3.072 5.421 -21.934 -2.101 2.417 -22.651 -3.798
5 24 2.935 -22.579 -2.737 2.417 -22.651 -3.798 4.409 -22.244 -3.072 0 -22.83 -3.648
2 24 2.417 -22.651 -3.798 4.409 -22.244 -3.072
5 24 0 -22.83 -3.648 2.417 -22.651 -3.798 2.935 -22.579 -2.737 0 -23.018 -4.463
2 24 2.935 -22.579 -2.737 0 -22.83 -3.648
2 24 0 -23.018 -4.463 2.417 -22.651 -3.798
5 24 5.421 -21.934 -2.101 5.516 -21.963 .019 2.935 -22.579 -2.737 6.167 -21.718 -.407
2 24 5.516 -21.963 .019 2.935 -22.579 -2.737
5 24 6.167 -21.718 -.407 5.516 -21.963 .019 5.421 -21.934 -2.101 6.215 -21.328 2.568
2 24 5.421 -21.934 -2.101 6.167 -21.718 -.407
5 24 6.167 -21.718 -.407 6.215 -21.328 2.568 5.516 -21.963 .019 7.114 -21.05 1.099
2 24 6.215 -21.328 2.568 5.516 -21.963 .019
5 24 7.114 -21.05 1.099 6.215 -21.328 2.568 6.167 -21.718 -.407 7.182 -20.572 2.684
2 24 6.167 -21.718 -.407 7.114 -21.05 1.099
5 24 7.114 -21.05 1.099 7.182 -20.572 2.684 6.215 -21.328 2.568 11.264 -15.804 -.141
5 24 7.182 -20.572 2.684 6.215 -21.328 2.568 7.114 -21.05 1.099 6.711 -20.227 4.532
2 24 7.182 -20.572 2.684 6.711 -20.227 4.532
5 24 6.711 -20.227 4.532 5.434 -20.557 6.151 6.215 -21.328 2.568 6.2 -19.778 6.628
2 24 5.434 -20.557 6.151 6.215 -21.328 2.568
2 24 6.711 -20.227 4.532 6.2 -19.778 6.628
5 24 6.2 -19.778 6.628 5.434 -20.557 6.151 6.711 -20.227 4.532 5.376 -19.659 7.903
5 24 5.376 -19.659 7.903 5.434 -20.557 6.151 6.2 -19.778 6.628 2.961 -20.379 8.408
5 24 6.2 -19.778 6.628 5.376 -19.659 7.903 5.434 -20.557 6.151 8.493 -15.434 8.595
5 24 5.376 -19.659 7.903 2.961 -20.379 8.408 5.434 -20.557 6.151 3.358 -19.731 9.368
2 24 2.961 -20.379 8.408 5.434 -20.557 6.151
2 24 5.376 -19.659 7.903 3.358 -19.731 9.368
5 24 3.358 -19.731 9.368 2.961 -20.379 8.408 5.376 -19.659 7.903 0 -20.432 9.227
5 24 3.358 -19.731 9.368 0 -20.432 9.227 2.961 -20.379 8.408 .786 -19.523 10.304
2 24 0 -20.432 9.227 2.961 -20.379 8.408
2 24 3.358 -19.731 9.368 .786 -19.523 10.304
5 24 .786 -19.523 10.304 0 -20.432 9.227 3.358 -19.731 9.368 0 -19.523 10.304
2 24 7.114 -21.05 1.099 11.264 -15.804 -.141
5 24 11.264 -15.804 -.141 7.182 -20.572 2.684 7.114 -21.05 1.099 11.336 -15.411 .838
5 24 11.264 -15.804 -.141 11.336 -15.411 .838 7.182 -20.572 2.684 14.032 -9.874 -1.689
2 24 11.336 -15.411 .838 7.182 -20.572 2.684
2 24 11.264 -15.804 -.141 14.032 -9.874 -1.689
5 24 14.032 -9.874 -1.689 11.336 -15.411 .838 11.264 -15.804 -.141 14.036 -9.202 0
2 24 14.036 -9.202 0 11.336 -15.411 .838
2 24 6.2 -19.778 6.628 8.493 -15.434 8.595
2 24 8.029 -15.504 9.172 5.376 -19.659 7.903
5 24 8.493 -15.434 8.595 8.029 -15.504 9.172 5.376 -19.659 7.903 10.728 -10.414 9.821
5 24 10.728 -10.414 9.821 8.029 -15.504 9.172 8.493 -15.434 8.595 9.886 -10.847 10.819
2 24 8.493 -15.434 8.595 10.728 -10.414 9.821
2 24 9.886 -10.847 10.819 8.029 -15.504 9.172
5 24 .786 -19.523 10.304 0 -19.523 10.304 0 -20.432 9.227 0 -15.067 14.044
2 24 .786 -19.523 10.304 .516 -15.067 14.044
5 24 7.421 -20.467 -5.564 9.615 -18.883 -8.128 9.72 -18.427 -8.802 7.959 -20.663 -5.077
5 24 7.959 -20.663 -5.077 7.421 -20.467 -5.564 9.615 -18.883 -8.128 6.206 -22.234 -1.934
2 24 9.615 -18.883 -8.128 7.959 -20.663 -5.077
2 24 9.72 -18.427 -8.802 9.615 -18.883 -8.128
5 24 7.421 -20.467 -5.564 6.206 -22.234 -1.934 7.959 -20.663 -5.077 5.421 -21.934 -2.101
2 24 6.206 -22.234 -1.934 5.421 -21.934 -2.101
2 24 7.959 -20.663 -5.077 6.206 -22.234 -1.934
5 24 10.042 -18.973 -3.392 9.615 -18.883 -8.128 12.516 -15.357 -6.047 7.959 -20.663 -5.077
2 24 9.615 -18.883 -8.128 12.516 -15.357 -6.047
5 24 12.516 -15.357 -6.047 10.042 -18.973 -3.392 9.615 -18.883 -8.128 11.311 -16.679 -.998
5 24 10.042 -18.973 -3.392 7.959 -20.663 -5.077 9.615 -18.883 -8.128 6.821 -21.924 -.713
5 24 12.516 -15.357 -6.047 11.311 -16.679 -.998 10.042 -18.973 -3.392 13.813 -11.454 -2.311
5 24 11.311 -16.679 -.998 10.042 -18.973 -3.392 12.516 -15.357 -6.047 7.776 -21.22 .757
2 24 12.516 -15.357 -6.047 13.813 -11.454 -2.311
2 24 13.813 -11.454 -2.311 11.311 -16.679 -.998
5 24 7.776 -21.22 .757 10.042 -18.973 -3.392 11.311 -16.679 -.998 6.821 -21.924 -.713
2 24 11.311 -16.679 -.998 7.776 -21.22 .757
2 24 7.776 -21.22 .757 6.821 -21.924 -.713
5 24 6.821 -21.924 -.713 7.959 -20.663 -5.077 10.042 -18.973 -3.392 6.206 -22.234 -1.934
2 24 6.821 -21.924 -.713 6.206 -22.234 -1.934
5 24 11.264 -15.804 -.141 13.813 -11.454 -2.311 14.032 -9.874 -1.689 11.311 -16.679 -.998
2 24 13.813 -11.454 -2.311 14.032 -9.874 -1.689
5 24 11.264 -15.804 -.141 11.311 -16.679 -.998 13.813 -11.454 -2.311 7.114 -21.05 1.099
5 24 7.114 -21.05 1.099 11.311 -16.679 -.998 11.264 -15.804 -.141 7.776 -21.22 .757
2 24 7.114 -21.05 1.099 7.776 -21.22 .757
5 24 14.036 -9.202 0 11.435 -15.541 1.52 11.336 -15.411 .838 13.878 -9.614 .508
5 24 11.435 -15.541 1.52 11.336 -15.411 .838 14.036 -9.202 0 8.135 -20.381 3.061
2 24 13.878 -9.614 .508 11.435 -15.541 1.52
2 24 14.036 -9.202 0 13.878 -9.614 .508
2 24 11.435 -15.541 1.52 8.135 -20.381 3.061
5 24 8.135 -20.381 3.061 11.336 -15.411 .838 11.435 -15.541 1.52 7.182 -20.572 2.684
2 24 8.135 -20.381 3.061 7.182 -20.572 2.684
5 24 11.435 -15.541 1.52 13.147 -9.071 4.709 13.878 -9.614 .508 10.789 -14.873 4.923
5 24 10.789 -14.873 4.923 11.435 -15.541 1.52 7.826 -20.066 4.851 13.147 -9.071 4.709
5 24 13.147 -9.071 4.709 10.789 -14.873 4.923 11.125 -10.849 8.824 11.435 -15.541 1.52
2 24 13.878 -9.614 .508 13.147 -9.071 4.709
5 24 11.125 -10.849 8.824 10.789 -14.873 4.923 9.141 -15.549 8.056 13.147 -9.071 4.709
5 24 9.141 -15.549 8.056 10.789 -14.873 4.923 11.125 -10.849 8.824 7.826 -20.066 4.851
2 24 11.125 -10.849 8.824 9.141 -15.549 8.056
2 24 13.147 -9.071 4.709 11.125 -10.849 8.824
2 24 9.141 -15.549 8.056 7.361 -19.626 6.56
5 24 9.141 -15.549 8.056 7.826 -20.066 4.851 7.361 -19.626 6.56 10.789 -14.873 4.923
2 24 7.361 -19.626 6.56 7.826 -20.066 4.851
5 24 7.826 -20.066 4.851 10.789 -14.873 4.923 11.435 -15.541 1.52 9.141 -15.549 8.056
5 24 7.826 -20.066 4.851 11.435 -15.541 1.52 10.789 -14.873 4.923 8.135 -20.381 3.061
2 24 7.826 -20.066 4.851 8.135 -20.381 3.061
5 24 10.728 -10.414 9.821 9.141 -15.549 8.056 8.493 -15.434 8.595 11.125 -10.849 8.824
2 24 11.125 -10.849 8.824 10.728 -10.414 9.821
5 24 8.493 -15.434 8.595 9.141 -15.549 8.056 10.728 -10.414 9.821 7.361 -19.626 6.56
5 24 8.493 -15.434 8.595 7.361 -19.626 6.56 6.2 -19.778 6.628 9.141 -15.549 8.056
2 24 6.2 -19.778 6.628 7.361 -19.626 6.56
5 24 9.886 -10.847 10.819 7.559 -15.919 9.926 8.029 -15.504 9.172 9.096 -11.935 11.432
5 24 7.559 -15.919 9.926 8.029 -15.504 9.172 9.886 -10.847 10.819 5.779 -19.323 8.825
2 24 9.096 -11.935 11.432 7.559 -15.919 9.926
2 24 9.886 -10.847 10.819 9.096 -11.935 11.432
2 24 7.559 -15.919 9.926 5.779 -19.323 8.825
5 24 5.779 -19.323 8.825 8.029 -15.504 9.172 7.559 -15.919 9.926 5.376 -19.659 7.903
2 24 5.779 -19.323 8.825 5.376 -19.659 7.903
5 24 4.824 -15.707 12.46 9.096 -11.935 11.432 5.847 -11.681 14.234 7.559 -15.919 9.926
2 24 9.096 -11.935 11.432 5.847 -11.681 14.234
5 24 5.847 -11.681 14.234 4.824 -15.707 12.46 9.096 -11.935 11.432 1.272 -15.408 14.138
5 24 4.824 -15.707 12.46 7.559 -15.919 9.926 9.096 -11.935 11.432 5.779 -19.323 8.825
5 24 5.847 -11.681 14.234 1.272 -15.408 14.138 4.824 -15.707 12.46 1.36 -10.572 16.484
5 24 1.272 -15.408 14.138 4.824 -15.707 12.46 5.847 -11.681 14.234 1.284 -19.517 11.02
2 24 5.847 -11.681 14.234 1.36 -10.572 16.484
2 24 1.36 -10.572 16.484 1.272 -15.408 14.138
2 24 1.272 -15.408 14.138 1.284 -19.517 11.02
2 24 1.284 -19.517 11.02 3.586 -19.595 10.041
5 24 3.586 -19.595 10.041 4.824 -15.707 12.46 1.284 -19.517 11.02 5.779 -19.323 8.825
5 24 4.824 -15.707 12.46 5.779 -19.323 8.825 3.586 -19.595 10.041 7.559 -15.919 9.926
2 24 3.586 -19.595 10.041 5.779 -19.323 8.825
5 24 .516 -15.067 14.044 1.36 -10.572 16.484 .893 -9.561 16.79 1.272 -15.408 14.138
2 24 1.36 -10.572 16.484 .893 -9.561 16.79
5 24 .516 -15.067 14.044 1.272 -15.408 14.138 1.36 -10.572 16.484 1.284 -19.517 11.02
5 24 .516 -15.067 14.044 1.284 -19.517 11.02 .786 -19.523 10.304 1.272 -15.408 14.138
2 24 .786 -19.523 10.304 1.284 -19.517 11.02
5 24 1.36 -10.572 16.484 6.039 -10.771 14.334 .893 -9.561 16.79 5.847 -11.681 14.234
5 24 5.847 -11.681 14.234 6.039 -10.771 14.334 1.36 -10.572 16.484 9.096 -11.935 11.432
5 24 6.039 -10.771 14.334 9.096 -11.935 11.432 5.847 -11.681 14.234 9.886 -10.847 10.819
5 24 .786 -19.523 10.304 3.586 -19.595 10.041 1.284 -19.517 11.02 3.358 -19.731 9.368
5 24 3.358 -19.731 9.368 3.586 -19.595 10.041 .786 -19.523 10.304 5.779 -19.323 8.825
5 24 3.358 -19.731 9.368 5.779 -19.323 8.825 3.586 -19.595 10.041 5.376 -19.659 7.903
5 24 6.2 -19.778 6.628 7.826 -20.066 4.851 7.361 -19.626 6.56 6.711 -20.227 4.532
5 24 6.711 -20.227 4.532 7.826 -20.066 4.851 6.2 -19.778 6.628 8.135 -20.381 3.061
5 24 6.711 -20.227 4.532 8.135 -20.381 3.061 7.826 -20.066 4.851 7.182 -20.572 2.684
5 24 11.125 -10.849 8.824 13.403 -8.268 4.727 10.728 -10.414 9.821 13.147 -9.071 4.709
5 24 13.147 -9.071 4.709 13.403 -8.268 4.727 11.125 -10.849 8.824 13.878 -9.614 .508
5 24 13.403 -8.268 4.727 13.878 -9.614 .508 13.147 -9.071 4.709 14.036 -9.202 0
5 24 13.813 -11.454 -2.311 12.653 -14.687 -6.624 14.032 -9.874 -1.689 12.516 -15.357 -6.047
5 24 12.516 -15.357 -6.047 12.653 -14.687 -6.624 13.813 -11.454 -2.311 9.72 -18.427 -8.802
5 24 12.516 -15.357 -6.047 9.72 -18.427 -8.802 12.653 -14.687 -6.624 9.615 -18.883 -8.128
5 24 7.114 -21.05 1.099 6.821 -21.924 -.713 7.776 -21.22 .757 6.167 -21.718 -.407
5 24 6.167 -21.718 -.407 6.821 -21.924 -.713 7.114 -21.05 1.099 6.206 -22.234 -1.934
5 24 6.167 -21.718 -.407 6.206 -22.234 -1.934 6.821 -21.924 -.713 5.421 -21.934 -2.101
5 24 6.215 -21.328 2.568 5.116 -22.745 .373 5.516 -21.963 .019 5.895 -22.036 2.872
5 24 5.116 -22.745 .373 5.516 -21.963 .019 6.215 -21.328 2.568 2.747 -23.374 -2.099
5 24 6.215 -21.328 2.568 5.895 -22.036 2.872 5.116 -22.745 .373 5.434 -20.557 6.151
2 24 5.895 -22.036 2.872 5.116 -22.745 .373
5 24 5.434 -20.557 6.151 5.895 -22.036 2.872 6.215 -21.328 2.568 5.058 -21.445 6.058
2 24 5.058 -21.445 6.058 5.895 -22.036 2.872
5 24 5.434 -20.557 6.151 5.058 -21.445 6.058 5.895 -22.036 2.872 2.841 -21.293 8.098
2 24 2.841 -21.293 8.098 5.058 -21.445 6.058
5 24 2.961 -20.379 8.408 2.841 -21.293 8.098 5.434 -20.557 6.151 0 -21.357 8.78
5 24 2.961 -20.379 8.408 0 -21.357 8.78 2.841 -21.293 8.098 0 -20.432 9.227
2 24 0 -21.357 8.78 2.841 -21.293 8.098
2 24 5.116 -22.745 .373 2.747 -23.374 -2.099
5 24 2.747 -23.374 -2.099 2.935 -22.579 -2.737 5.516 -21.963 .019 0 -23.64 -2.825
2 24 2.747 -23.374 -2.099 0 -23.64 -2.825
5 24 0 -23.64 -2.825 2.935 -22.579 -2.737 2.747 -23.374 -2.099 0 -22.83 -3.648
5 24 3.747 -23.194 -7.809 0 -23.382 -8.295 4.075 -22.498 -8.908 0 -23.851 -7.414
5 24 4.075 -22.498 -8.908 3.747 -23.194 -7.809 0 -23.382 -8.295 7.091 -21.195 -8.027
5 24 4.075 -22.498 -8.908 7.091 -21.195 -8.027 3.747 -23.194 -7.809 7.759 -20.062 -9.284
5 24 2.417 -22.651 -3.798 2.732 -23.258 -4.38 4.409 -22.244 -3.072 0 -23.57 -5.012
5 24 2.747 -23.374 -2.099 0 -23.581 3.436 0 -23.64 -2.825 2.916 -23.241 3.218
5 24 2.747 -23.374 -2.099 2.916 -23.241 3.218 0 -23.581 3.436 5.116 -22.745 .373
5 24 2.916 -23.241 3.218 0 -23.581 3.436 2.747 -23.374 -2.099 2.841 -21.293 8.098
5 24 5.116 -22.745 .373 2.916 -23.241 3.218 2.747 -23.374 -2.099 5.895 -22.036 2.872
5 24 5.895 -22.036 2.872 2.916 -23.241 3.218 5.116 -22.745 .373 5.058 -21.445 6.058
5 24 2.916 -23.241 3.218 2.841 -21.293 8.098 0 -23.581 3.436 5.058 -21.445 6.058
5 24 2.841 -21.293 8.098 0 -23.581 3.436 2.916 -23.241 3.218 0 -21.357 8.78
5 24 2.916 -23.241 3.218 5.058 -21.445 6.058 2.841 -21.293 8.098 5.895 -22.036 2.872
5 24 0 -4.568 16.046 2.388 -6.029 17.682 3.227 -5.165 15.887 0 -5.924 18.122
5 24 4.2426 -17.235 4.2426 6.137 -15.784 1.284 7.141 -12.696 5.944 3.74 -19.027 .121
5 24 0 -7.491 18.268 .893 -9.561 16.79 0 -9.561 16.79 2.346 -7.865 17.816
5 24 .516 -15.067 14.044 0 -15.067 14.044 0 -19.523 10.304 .893 -9.561 16.79
5 24 0 -9.561 16.79 .893 -9.561 16.79 0 -7.491 18.268 0 -15.067 14.044
5 24 2.916 -23.241 3.218 0 -23.64 -2.825 0 -23.581 3.436 2.747 -23.374 -2.099
5 24 1.133 -33.6 -19.6044 1.1481 -33.1 -18.5283 2.1213 -33.1 -19.1787 .7654 -33.6 -19.4522
5 24 1.4142 -33.6 -19.8858 1.6956 -33.6 -20.167 2.1213 -33.1 -19.1787 1.8478 -33.6 -20.5346
5 24 1.6956 -33.6 -22.433 2.1213 -33.34142 -23.4213 1.4142 -33.6 -22.7142 2.7717 -33.27654 -22.4481
5 24 2.7717 -33.27654 -22.4481 2.1213 -33.34142 -23.4213 1.6956 -33.6 -22.433 8.392 -30.356 -23.924
5 24 1.6956 -33.6 -20.167 2.1213 -33.1 -19.1787 2.7717 -33.12346 -20.1519 1.4142 -33.6 -19.8858
5 24 1.133 -33.6 -19.6044 2.1213 -33.1 -19.1787 1.4142 -33.6 -19.8858 1.1481 -33.1 -18.5283
5 24 .7654 -33.6 -23.1478 1.133 -33.6 -22.9956 1.1481 -33.38478 -24.0717 1.4142 -33.6 -22.7142
5 24 2 -33.6 -21.6978 3 -33.2 -21.3 2.7717 -33.27654 -22.4481 2 -33.6 -21.3
5 24 2.7717 -33.12346 -20.1519 8.164 -30.37 -18.957 3 -33.2 -21.3 2.1213 -33.1 -19.1787
5 24 .3978 -33.6 -23.3 1.1481 -33.38478 -24.0717 0 -33.4 -24.3 .7654 -33.6 -23.1478
5 24 3 -33.2 -21.3 2.7717 -33.12346 -20.1519 1.8478 -33.6 -20.5346 8.164 -30.37 -18.957
5 24 1.1481 -33.1 -18.5283 0 -30.167 -15.099 4.741 -30.09 -15.981 0 -33.1 -18.3
5 24 1.1481 -33.1 -18.5283 0 -33.1 -18.3 0 -30.167 -15.099 .3978 -33.6 -19.3
5 24 1.133 -33.6 -22.9956 2.1213 -33.34142 -23.4213 1.1481 -33.38478 -24.0717 1.4142 -33.6 -22.7142
5 24 2.1213 -33.34142 -23.4213 1.1481 -33.38478 -24.0717 1.133 -33.6 -22.9956 4.064 -31.152 -28.158
5 24 1.1481 -33.38478 -24.0717 0 -31.492 -29.759 4.064 -31.152 -28.158 0 -33.4 -24.3
5 24 8.164 -30.37 -18.957 2.1213 -33.1 -19.1787 2.7717 -33.12346 -20.1519 4.741 -30.09 -15.981
5 24 3 -33.2 -21.3 8.392 -30.356 -23.924 2.7717 -33.27654 -22.4481 8.164 -30.37 -18.957
5 24 2.1213 -33.1 -19.1787 1.1481 -33.1 -18.5283 1.133 -33.6 -19.6044 4.741 -30.09 -15.981
5 24 1.6956 -33.6 -20.167 1.8478 -33.6 -20.5346 2.7717 -33.12346 -20.1519 1.4142 -33.6 -19.8858
5 24 8.164 -30.37 -18.957 3 -33.2 -21.3 8.392 -30.356 -23.924 2.7717 -33.12346 -20.1519
5 24 2 -33.6 -21.6978 2 -33.6 -21.3 1.8478 -33.6 -22.0654 3 -33.2 -21.3
5 24 2 -33.6 -20.9022 2 -33.6 -21.3 1.8478 -33.6 -20.5346 3 -33.2 -21.3
5 24 1.1481 -33.38478 -24.0717 4.064 -31.152 -28.158 0 -31.492 -29.759 2.1213 -33.34142 -23.4213
5 24 2.1213 -33.34142 -23.4213 8.392 -30.356 -23.924 4.064 -31.152 -28.158 2.7717 -33.27654 -22.4481
5 24 0 -33.4 -24.3 .3978 -33.6 -23.3 0 -33.6 -23.3 1.1481 -33.38478 -24.0717
5 24 1.1481 -33.38478 -24.0717 0 -33.4 -24.3 0 -31.492 -29.759 .3978 -33.6 -23.3
5 24 1.4142 -33.6 -22.7142 1.6956 -33.6 -22.433 2.1213 -33.34142 -23.4213 1.8478 -33.6 -22.0654
5 24 1.6956 -33.6 -22.433 1.8478 -33.6 -22.0654 1.4142 -33.6 -22.7142 2.7717 -33.27654 -22.4481
5 24 .3978 -33.6 -19.3 0 -33.1 -18.3 1.1481 -33.1 -18.5283 0 -33.6 -19.3
5 24 1.133 -33.6 -22.9956 1.1481 -33.38478 -24.0717 2.1213 -33.34142 -23.4213 .7654 -33.6 -23.1478
5 24 .3978 -33.6 -23.3 .7654 -33.6 -23.1478 1.1481 -33.38478 -24.0717 0 -33.6 -23.3
5 24 1.8478 -33.6 -20.5346 2 -33.6 -20.9022 3 -33.2 -21.3 2 -33.6 -21.3
5 24 4.064 -31.152 -28.158 2.1213 -33.34142 -23.4213 1.1481 -33.38478 -24.0717 8.392 -30.356 -23.924
5 24 3 -33.2 -21.3 1.8478 -33.6 -20.5346 2.7717 -33.12346 -20.1519 2 -33.6 -20.9022
5 24 2.1213 -33.1 -19.1787 4.741 -30.09 -15.981 1.1481 -33.1 -18.5283 8.164 -30.37 -18.957
5 24 1.8478 -33.6 -20.5346 2.7717 -33.12346 -20.1519 3 -33.2 -21.3 1.6956 -33.6 -20.167
5 24 1.6956 -33.6 -20.167 2.7717 -33.12346 -20.1519 2.1213 -33.1 -19.1787 1.8478 -33.6 -20.5346
5 24 1.133 -33.6 -22.9956 1.4142 -33.6 -22.7142 2.1213 -33.34142 -23.4213 .7654 -33.6 -23.1478
5 24 .3978 -33.6 -19.3 .7654 -33.6 -19.4522 1.1481 -33.1 -18.5283 0 -33.6 -19.3
5 24 2.7717 -33.27654 -22.4481 2 -33.6 -21.6978 1.8478 -33.6 -22.0654 3 -33.2 -21.3
5 24 4.741 -30.09 -15.981 1.1481 -33.1 -18.5283 0 -30.167 -15.099 2.1213 -33.1 -19.1787
5 24 2 -33.6 -20.9022 3 -33.2 -21.3 1.8478 -33.6 -20.5346 2 -33.6 -21.3
5 24 8.392 -30.356 -23.924 2.7717 -33.27654 -22.4481 2.1213 -33.34142 -23.4213 3 -33.2 -21.3
5 24 1.1481 -33.1 -18.5283 .3978 -33.6 -19.3 .7654 -33.6 -19.4522 0 -33.1 -18.3
5 24 .7654 -33.6 -19.4522 1.133 -33.6 -19.6044 1.1481 -33.1 -18.5283 1.4142 -33.6 -19.8858
5 24 1.6956 -33.6 -22.433 2.7717 -33.27654 -22.4481 2.1213 -33.34142 -23.4213 1.8478 -33.6 -22.0654
5 24 0 -33.6 -23.3 .3978 -33.6 -23.3 0 -33.4 -24.3 .7654 -33.6 -23.1478
5 24 0 -33.6 -19.3 .3978 -33.6 -19.3 .7654 -33.6 -19.4522 0 -33.1 -18.3
5 24 1.8478 -33.6 -22.0654 2 -33.6 -21.6978 2 -33.6 -21.3 2.7717 -33.27654 -22.4481
5 24 1.133 -33.6 -19.6044 1.4142 -33.6 -19.8858 2.1213 -33.1 -19.1787 .7654 -33.6 -19.4522
5 24 2.7717 -33.27654 -22.4481 3 -33.2 -21.3 2 -33.6 -21.6978 8.392 -30.356 -23.924
5 24 8.164 -30.37 -18.957 4.741 -30.09 -15.981 10.29 -26.452 -18.352 2.1213 -33.1 -19.1787
5 24 8.164 -30.37 -18.957 8.392 -30.356 -23.924 10.229 -26.302 -23.633 3 -33.2 -21.3
5 24 0 -31.492 -29.759 4.064 -31.152 -28.158 1.1481 -33.38478 -24.0717 0 -27.151 -33.3
5 24 4.064 -31.152 -28.158 8.392 -30.356 -23.924 5.087 -26.871 -30.787 2.1213 -33.34142 -23.4213
5 24 4.741 -30.09 -15.981 0 -30.167 -15.099 5.524 -26.734 -14.644 1.1481 -33.1 -18.5283
