0 ~Minifig Hat Cone - Rim
0 Name: s\12894s04.dat
0 Author: Gerald Lasser [GeraldLasser]
0 !LDRAW_ORG Subpart UPDATE 2026-01
0 !LICENSE Licensed under CC BY 4.0 : see CAreadme.txt

0 BFC CERTIFY CCW

0 !HISTORY 2026-01-29 [OrionP] Official Update 2026-01

0 // Rim
4 16 15.19 1.846 1.4822 14.672 .7295 -2.2871 15.6478 1.2097 -2.7024 16.1994 2.4006 1.318
4 16 16.1994 2.4006 1.318 15.6478 1.2097 -2.7024 16.2988 1.99 -3.1145 16.8742 3.2302 1.0722
4 16 16.8742 3.2302 1.0722 16.2988 1.99 -3.1145 16.527 2.9505 -3.4633 17.1108 4.2082 .7825
4 16 14.672 .7295 -2.2871 13.1544 -.3111 -5.8 14.0294 .1 -6.4489 15.6478 1.2097 -2.7024
4 16 15.6478 1.2097 -2.7024 14.0294 .1 -6.4489 14.6132 .8337 -7.0181 16.2988 1.99 -3.1145
4 16 16.2988 1.99 -3.1145 14.6132 .8337 -7.0181 14.8176 1.7783 -7.4205 16.527 2.9505 -3.4633
4 16 13.1544 -.3111 -5.8 10.7408 -1.2045 -8.8162 11.4548 -.8527 -9.6651 14.0294 .1 -6.4489
4 16 14.0294 .1 -6.4489 11.4548 -.8527 -9.6651 11.9322 -.1588 -10.3686 14.6132 .8337 -7.0181
4 16 14.6132 .8337 -7.0181 11.9322 -.1588 -10.3686 12.0988 .7719 -10.818 14.8176 1.7783 -7.4205
4 16 10.7408 -1.2045 -8.8162 7.595 -1.89 -11.1305 8.1004 -1.584 -12.1337 11.4548 -.8527 -9.6651
4 16 11.4548 -.8527 -9.6651 8.1004 -1.584 -12.1337 8.4378 -.9202 -12.9392 11.9322 -.1588 -10.3686
4 16 11.9322 -.1588 -10.3686 8.4378 -.9202 -12.9392 8.5554 -.0003 -13.4249 12.0988 .7719 -10.818
4 16 7.595 -1.89 -11.1305 3.9312 -2.3211 -12.5856 4.193 -2.0436 -13.6855 8.1004 -1.584 -12.1337
4 16 8.1004 -1.584 -12.1337 4.193 -2.0436 -13.6855 4.3666 -1.3989 -14.5554 8.4378 -.9202 -12.9392
4 16 8.4378 -.9202 -12.9392 4.3666 -1.3989 -14.5554 4.4282 -.4858 -15.0639 8.5554 -.0003 -13.4249
4 16 3.9312 -2.3211 -12.5856 0 -2.4682 -13.0822 0 -2.2003 -14.2143 4.193 -2.0436 -13.6855
4 16 4.193 -2.0436 -13.6855 0 -2.2003 -14.2143 0 -1.5624 -15.1071 4.3666 -1.3989 -14.5554
4 16 4.3666 -1.3989 -14.5554 0 -1.5624 -15.1071 0 -.6516 -15.6236 4.4282 -.4858 -15.0639
3 16 14.672 5.4538 -3.6865 12.0107 5.3766 -4.9751 13 6.85 0
3 16 13 6.85 0 15.19 6.5703 .0828 14.672 5.4538 -3.6865
4 16 15.6478 4.8249 -3.7732 14.672 5.4538 -3.6865 15.19 6.5703 .0828 16.1994 6.0157 .2471
4 16 16.2988 3.946 -3.6939 15.6478 4.8249 -3.7732 16.1994 6.0157 .2471 16.8742 5.1862 .4929
4 16 16.527 2.9505 -3.4633 16.2988 3.946 -3.6939 16.8742 5.1862 .4929 17.1108 4.2082 .7825
3 16 13.1544 4.4132 -7.1994 12.0107 5.3766 -4.9751 14.672 5.4538 -3.6865
4 16 14.0294 3.7151 -7.5197 13.1544 4.4132 -7.1994 14.672 5.4538 -3.6865 15.6478 4.8249 -3.7732
4 16 14.6132 2.7897 -7.5975 14.0294 3.7151 -7.5197 15.6478 4.8249 -3.7732 16.2988 3.946 -3.6939
4 16 14.8176 1.7783 -7.4205 14.6132 2.7897 -7.5975 16.2988 3.946 -3.6939 16.527 2.9505 -3.4633
3 16 13.1544 4.4132 -7.1994 9.1923 4.1277 -9.1923 12.0107 5.3766 -4.9751
3 16 10.7408 3.5198 -10.2156 9.1923 4.1277 -9.1923 13.1544 4.4132 -7.1994
4 16 11.4548 2.7624 -10.736 10.7408 3.5198 -10.2156 13.1544 4.4132 -7.1994 14.0294 3.7151 -7.5197
4 16 11.9322 1.7972 -10.948 11.4548 2.7624 -10.736 14.0294 3.7151 -7.5197 14.6132 2.7897 -7.5975
4 16 12.0988 .7719 -10.818 11.9322 1.7972 -10.948 14.6132 2.7897 -7.5975 14.8176 1.7783 -7.4205
3 16 7.595 2.8343 -12.5299 4.9751 3.293 -12.0107 9.1923 4.1277 -9.1923
3 16 9.1923 4.1277 -9.1923 10.7408 3.5198 -10.2156 7.595 2.8343 -12.5299
4 16 8.1004 2.0312 -13.2045 7.595 2.8343 -12.5299 10.7408 3.5198 -10.2156 11.4548 2.7624 -10.736
4 16 8.4378 1.0358 -13.5186 8.1004 2.0312 -13.2045 11.4548 2.7624 -10.736 11.9322 1.7972 -10.948
4 16 8.5554 -.0003 -13.4249 8.4378 1.0358 -13.5186 11.9322 1.7972 -10.948 12.0988 .7719 -10.818
3 16 3.9312 2.4032 -13.985 4.9751 3.293 -12.0107 7.595 2.8343 -12.5299
4 16 4.193 1.5715 -14.7563 3.9312 2.4032 -13.985 7.595 2.8343 -12.5299 8.1004 2.0312 -13.2045
4 16 4.3666 .5571 -15.1348 4.193 1.5715 -14.7563 8.1004 2.0312 -13.2045 8.4378 1.0358 -13.5186
4 16 4.4282 -.4858 -15.0639 4.3666 .5571 -15.1348 8.4378 1.0358 -13.5186 8.5554 -.0003 -13.4249
3 16 3.9312 2.4032 -13.985 0 3 -13 4.9751 3.293 -12.0107
3 16 0 2.2561 -14.4816 0 3 -13 3.9312 2.4032 -13.985
4 16 0 1.4149 -15.2852 0 2.2561 -14.4816 3.9312 2.4032 -13.985 4.193 1.5715 -14.7563
4 16 0 .3936 -15.6865 0 1.4149 -15.2852 4.193 1.5715 -14.7563 4.3666 .5571 -15.1348
4 16 0 -.6516 -15.6236 0 .3936 -15.6865 4.3666 .5571 -15.1348 4.4282 -.4858 -15.0639
4 16 15.6478 3.5489 5.1947 14.672 2.9227 5.1169 15.19 1.846 1.4822 16.1994 2.4006 1.318
4 16 16.2988 4.4261 5.1095 15.6478 3.5489 5.1947 16.1994 2.4006 1.318 16.8742 3.2302 1.0722
4 16 16.527 5.4209 4.8768 16.2988 4.4261 5.1095 16.8742 3.2302 1.0722 17.1108 4.2082 .7825
4 16 14.0294 4.6191 8.8074 13.1544 3.9261 8.5044 14.672 2.9227 5.1169 15.6478 3.5489 5.1947
4 16 14.6132 5.541 8.8736 14.0294 4.6191 8.8074 15.6478 3.5489 5.1947 16.2988 4.4261 5.1095
4 16 14.8176 6.5512 8.6927 14.6132 5.541 8.8736 16.2988 4.4261 5.1095 16.527 5.4209 4.8768
4 16 11.4548 5.5377 11.9088 10.7408 4.7876 11.4129 13.1544 3.9261 8.5044 14.0294 4.6191 8.8074
4 16 11.9322 6.4981 12.1045 11.4548 5.5377 11.9088 14.0294 4.6191 8.8074 14.6132 5.541 8.8736
4 16 12.0988 7.5217 11.9688 11.9322 6.4981 12.1045 14.6132 5.541 8.8736 14.8176 6.5512 8.6927
4 16 8.1004 6.2429 14.2892 7.595 5.4486 13.6445 10.7408 4.7876 11.4129 11.4548 5.5377 11.9088
4 16 8.4378 7.2323 14.5833 8.1004 6.2429 14.2892 11.4548 5.5377 11.9088 11.9322 6.4981 12.1045
4 16 8.5554 8.2663 14.4826 8.4378 7.2323 14.5833 11.9322 6.4981 12.1045 12.0988 7.5217 11.9688
4 16 4.193 6.6861 15.7856 3.9312 5.8643 15.0476 7.595 5.4486 13.6445 8.1004 6.2429 14.2892
4 16 4.3666 7.6939 16.1417 4.193 6.6861 15.7856 8.1004 6.2429 14.2892 8.4378 7.2323 14.5833
4 16 4.4282 8.7344 16.063 4.3666 7.6939 16.1417 8.4378 7.2323 14.5833 8.5554 8.2663 14.4826
4 16 0 6.8372 16.2956 0 6.0061 15.5266 3.9312 5.8643 15.0476 4.193 6.6861 15.7856
4 16 0 7.8515 16.6737 0 6.8372 16.2956 4.193 6.6861 15.7856 4.3666 7.6939 16.1417
4 16 0 8.8943 16.6028 0 7.8515 16.6737 4.3666 7.6939 16.1417 4.4282 8.7344 16.063
3 16 13 6.85 0 14.672 7.647 3.7175 15.19 6.5703 .0828
4 16 15.19 6.5703 .0828 14.672 7.647 3.7175 15.6478 7.1641 4.1239 16.1994 6.0157 .2471
4 16 16.1994 6.0157 .2471 15.6478 7.1641 4.1239 16.2988 6.382 4.5301 16.8742 5.1862 .4929
4 16 16.8742 5.1862 .4929 16.2988 6.382 4.5301 16.527 5.4209 4.8768 17.1108 4.2082 .7825
3 16 13 6.85 0 12.0107 8.3234 4.9751 14.672 7.647 3.7175
3 16 12.0107 8.3234 4.9751 13.1544 8.6504 7.105 14.672 7.647 3.7175
4 16 14.672 7.647 3.7175 13.1544 8.6504 7.105 14.0294 8.2342 7.7366 15.6478 7.1641 4.1239
4 16 15.6478 7.1641 4.1239 14.0294 8.2342 7.7366 14.6132 7.497 8.2942 16.2988 6.382 4.5301
4 16 16.2988 6.382 4.5301 14.6132 7.497 8.2942 14.8176 6.5512 8.6927 16.527 5.4209 4.8768
3 16 12.0107 8.3234 4.9751 9.1923 9.5723 9.1923 10.7408 9.5119 10.0135
3 16 10.7408 9.5119 10.0135 13.1544 8.6504 7.105 12.0107 8.3234 4.9751
4 16 13.1544 8.6504 7.105 10.7408 9.5119 10.0135 11.4548 9.1529 10.838 14.0294 8.2342 7.7366
4 16 14.0294 8.2342 7.7366 11.4548 9.1529 10.838 11.9322 8.4541 11.5251 14.6132 7.497 8.2942
4 16 14.6132 7.497 8.2942 11.9322 8.4541 11.5251 12.0988 7.5217 11.9688 14.8176 6.5512 8.6927
3 16 9.1923 9.5723 9.1923 7.595 10.1729 12.2451 10.7408 9.5119 10.0135
4 16 10.7408 9.5119 10.0135 7.595 10.1729 12.2451 8.1004 9.858 13.2184 11.4548 9.1529 10.838
4 16 11.4548 9.1529 10.838 8.1004 9.858 13.2184 8.4378 9.1883 14.0039 11.9322 8.4541 11.5251
4 16 11.9322 8.4541 11.5251 8.4378 9.1883 14.0039 8.5554 8.2663 14.4826 12.0988 7.5217 11.9688
3 16 9.1923 9.5723 9.1923 4.9751 10.407 12.0107 7.595 10.1729 12.2451
3 16 4.9751 10.407 12.0107 3.9312 10.5886 13.6482 7.595 10.1729 12.2451
4 16 7.595 10.1729 12.2451 3.9312 10.5886 13.6482 4.193 10.3012 14.7147 8.1004 9.858 13.2184
4 16 8.1004 9.858 13.2184 4.193 10.3012 14.7147 4.3666 9.6499 15.5623 8.4378 9.1883 14.0039
4 16 8.4378 9.1883 14.0039 4.3666 9.6499 15.5623 4.4282 8.7344 16.063 8.5554 8.2663 14.4826
3 16 0 10.7 13 0 10.7304 14.1272 3.9312 10.5886 13.6482
3 16 3.9312 10.5886 13.6482 4.9751 10.407 12.0107 0 10.7 13
4 16 3.9312 10.5886 13.6482 0 10.7304 14.1272 0 10.4523 15.2247 4.193 10.3012 14.7147
4 16 4.193 10.3012 14.7147 0 10.4523 15.2247 0 9.8075 16.0943 4.3666 9.6499 15.5623
4 16 4.3666 9.6499 15.5623 0 9.8075 16.0943 0 8.8943 16.6028 4.4282 8.7344 16.063

5 24 10.7408 9.5119 10.0135 13.1544 8.6504 7.105 12.0107 8.3234 4.9751 11.4548 9.1529 10.838
5 24 3.9312 2.4032 -13.985 0 3 -13 0 2.2561 -14.4816 4.9751 3.293 -12.0107
5 24 3.9312 10.5886 13.6482 7.595 10.1729 12.2451 4.9751 10.407 12.0107 4.193 10.3012 14.7147
5 24 14.6132 .8337 -7.0181 16.2988 1.99 -3.1145 15.6478 1.2097 -2.7024 14.8176 1.7783 -7.4205
5 24 16.527 2.9505 -3.4633 17.1108 4.2082 .7825 16.8742 3.2302 1.0722 16.2988 3.946 -3.6939
5 24 13.1544 4.4132 -7.1994 14.0294 3.7151 -7.5197 11.4548 2.7624 -10.736 14.672 5.4538 -3.6865
5 24 4.3666 .5571 -15.1348 0 .3936 -15.6865 4.4282 -.4858 -15.0639 0 1.4149 -15.2852
5 24 8.1004 -1.584 -12.1337 11.4548 -.8527 -9.6651 10.7408 -1.2045 -8.8162 8.4378 -.9202 -12.9392
5 24 4.3666 -1.3989 -14.5554 4.4282 -.4858 -15.0639 0 -1.5624 -15.1071 8.5554 -.0003 -13.4249
5 24 16.8742 5.1862 .4929 16.2988 3.946 -3.6939 15.6478 4.8249 -3.7732 17.1108 4.2082 .7825
5 24 12.0988 .7719 -10.818 11.9322 1.7972 -10.948 14.6132 2.7897 -7.5975 8.5554 -.0003 -13.4249
5 24 4.9751 3.293 -12.0107 3.9312 2.4032 -13.985 0 3 -13 7.595 2.8343 -12.5299
5 24 0 10.4523 15.2247 4.193 10.3012 14.7147 3.9312 10.5886 13.6482 0 9.8075 16.0943
5 24 8.4378 1.0358 -13.5186 4.3666 .5571 -15.1348 4.193 1.5715 -14.7563 8.5554 -.0003 -13.4249
5 24 14.6132 2.7897 -7.5975 11.9322 1.7972 -10.948 11.4548 2.7624 -10.736 14.8176 1.7783 -7.4205
5 24 8.1004 2.0312 -13.2045 4.193 1.5715 -14.7563 3.9312 2.4032 -13.985 8.4378 1.0358 -13.5186
5 24 11.4548 2.7624 -10.736 10.7408 3.5198 -10.2156 8.1004 2.0312 -13.2045 13.1544 4.4132 -7.1994
5 24 16.2988 6.382 4.5301 16.8742 5.1862 .4929 16.1994 6.0157 .2471 16.527 5.4209 4.8768
5 24 14.6132 .8337 -7.0181 14.8176 1.7783 -7.4205 11.9322 -.1588 -10.3686 16.527 2.9505 -3.4633
5 24 8.4378 7.2323 14.5833 4.3666 7.6939 16.1417 4.193 6.6861 15.7856 8.5554 8.2663 14.4826
5 24 11.4548 2.7624 -10.736 8.1004 2.0312 -13.2045 7.595 2.8343 -12.5299 11.9322 1.7972 -10.948
5 24 13 6.85 0 14.672 5.4538 -3.6865 12.0107 5.3766 -4.9751 15.19 6.5703 .0828
5 24 16.2988 6.382 4.5301 16.527 5.4209 4.8768 17.1108 4.2082 .7825 14.6132 7.497 8.2942
5 24 14.0294 .1 -6.4489 15.6478 1.2097 -2.7024 14.672 .7295 -2.2871 14.6132 .8337 -7.0181
5 24 4.193 6.6861 15.7856 3.9312 5.8643 15.0476 7.595 5.4486 13.6445 0 6.8372 16.2956
5 24 4.3666 9.6499 15.5623 4.193 10.3012 14.7147 0 10.4523 15.2247 8.4378 9.1883 14.0039
5 24 0 -2.2003 -14.2143 4.193 -2.0436 -13.6855 0 -1.5624 -15.1071 3.9312 -2.3211 -12.5856
5 24 8.4378 9.1883 14.0039 11.9322 8.4541 11.5251 8.5554 8.2663 14.4826 11.4548 9.1529 10.838
5 24 14.6132 5.541 8.8736 14.0294 4.6191 8.8074 15.6478 3.5489 5.1947 11.9322 6.4981 12.1045
5 24 8.5554 -.0003 -13.4249 12.0988 .7719 -10.818 11.9322 -.1588 -10.3686 8.4378 1.0358 -13.5186
5 24 16.8742 3.2302 1.0722 16.1994 2.4006 1.318 16.2988 4.4261 5.1095 15.6478 1.2097 -2.7024
5 24 0 -.6516 -15.6236 4.4282 -.4858 -15.0639 4.3666 -1.3989 -14.5554 0 .3936 -15.6865
5 24 14.6132 7.497 8.2942 14.0294 8.2342 7.7366 11.4548 9.1529 10.838 16.2988 6.382 4.5301
5 24 9.1923 9.5723 9.1923 10.7408 9.5119 10.0135 7.595 10.1729 12.2451 12.0107 8.3234 4.9751
5 24 7.595 2.8343 -12.5299 3.9312 2.4032 -13.985 4.9751 3.293 -12.0107 8.1004 2.0312 -13.2045
5 24 14.672 7.647 3.7175 15.6478 7.1641 4.1239 16.1994 6.0157 .2471 13.1544 8.6504 7.105
5 24 4.3666 7.6939 16.1417 4.193 6.6861 15.7856 8.1004 6.2429 14.2892 0 7.8515 16.6737
5 24 8.5554 8.2663 14.4826 12.0988 7.5217 11.9688 11.9322 8.4541 11.5251 8.4378 7.2323 14.5833
5 24 8.4378 -.9202 -12.9392 8.5554 -.0003 -13.4249 4.3666 -1.3989 -14.5554 12.0988 .7719 -10.818
5 24 11.4548 -.8527 -9.6651 14.0294 .1 -6.4489 13.1544 -.3111 -5.8 11.9322 -.1588 -10.3686
5 24 12.0988 .7719 -10.818 14.8176 1.7783 -7.4205 11.9322 1.7972 -10.948 14.6132 .8337 -7.0181
5 24 11.4548 5.5377 11.9088 10.7408 4.7876 11.4129 13.1544 3.9261 8.5044 8.1004 6.2429 14.2892
5 24 11.9322 6.4981 12.1045 12.0988 7.5217 11.9688 8.5554 8.2663 14.4826 14.6132 5.541 8.8736
5 24 4.9751 10.407 12.0107 3.9312 10.5886 13.6482 0 10.7 13 7.595 10.1729 12.2451
5 24 17.1108 4.2082 .7825 16.8742 5.1862 .4929 16.2988 6.382 4.5301 16.527 2.9505 -3.4633
5 24 8.4378 9.1883 14.0039 8.5554 8.2663 14.4826 12.0988 7.5217 11.9688 4.3666 9.6499 15.5623
5 24 10.7408 3.5198 -10.2156 7.595 2.8343 -12.5299 9.1923 4.1277 -9.1923 11.4548 2.7624 -10.736
5 24 8.1004 -1.584 -12.1337 8.4378 -.9202 -12.9392 4.193 -2.0436 -13.6855 11.9322 -.1588 -10.3686
5 24 8.4378 1.0358 -13.5186 8.1004 2.0312 -13.2045 11.4548 2.7624 -10.736 4.3666 .5571 -15.1348
5 24 13.1544 8.6504 7.105 14.672 7.647 3.7175 12.0107 8.3234 4.9751 14.0294 8.2342 7.7366
5 24 11.9322 -.1588 -10.3686 14.6132 .8337 -7.0181 12.0988 .7719 -10.818 14.0294 .1 -6.4489
5 24 14.672 .7295 -2.2871 15.6478 1.2097 -2.7024 16.1994 2.4006 1.318 13.1544 -.3111 -5.8
5 24 10.7408 9.5119 10.0135 12.0107 8.3234 4.9751 9.1923 9.5723 9.1923 13.1544 8.6504 7.105
5 24 7.595 10.1729 12.2451 10.7408 9.5119 10.0135 9.1923 9.5723 9.1923 8.1004 9.858 13.2184
5 24 14.672 7.647 3.7175 13 6.85 0 15.19 6.5703 .0828 12.0107 8.3234 4.9751
5 24 7.595 2.8343 -12.5299 9.1923 4.1277 -9.1923 10.7408 3.5198 -10.2156 4.9751 3.293 -12.0107
5 24 8.1004 2.0312 -13.2045 7.595 2.8343 -12.5299 10.7408 3.5198 -10.2156 4.193 1.5715 -14.7563
5 24 16.2988 1.99 -3.1145 16.8742 3.2302 1.0722 16.1994 2.4006 1.318 16.527 2.9505 -3.4633
5 24 11.9322 1.7972 -10.948 11.4548 2.7624 -10.736 8.4378 1.0358 -13.5186 14.0294 3.7151 -7.5197
5 24 8.5554 8.2663 14.4826 8.4378 7.2323 14.5833 11.9322 6.4981 12.1045 4.4282 8.7344 16.063
5 24 14.0294 4.6191 8.8074 13.1544 3.9261 8.5044 14.672 2.9227 5.1169 11.4548 5.5377 11.9088
5 24 14.6132 7.497 8.2942 16.2988 6.382 4.5301 14.8176 6.5512 8.6927 15.6478 7.1641 4.1239
5 24 16.1994 2.4006 1.318 15.6478 3.5489 5.1947 14.672 2.9227 5.1169 16.8742 3.2302 1.0722
5 24 15.6478 4.8249 -3.7732 16.2988 3.946 -3.6939 14.6132 2.7897 -7.5975 16.1994 6.0157 .2471
5 24 4.3666 -1.3989 -14.5554 8.4378 -.9202 -12.9392 8.1004 -1.584 -12.1337 4.4282 -.4858 -15.0639
5 24 16.2988 4.4261 5.1095 15.6478 3.5489 5.1947 16.1994 2.4006 1.318 14.6132 5.541 8.8736
5 24 12.0988 7.5217 11.9688 14.8176 6.5512 8.6927 14.6132 7.497 8.2942 11.9322 6.4981 12.1045
5 24 4.9751 3.293 -12.0107 7.595 2.8343 -12.5299 9.1923 4.1277 -9.1923 3.9312 2.4032 -13.985
5 24 15.6478 3.5489 5.1947 14.0294 4.6191 8.8074 16.2988 4.4261 5.1095 13.1544 3.9261 8.5044
5 24 3.9312 -2.3211 -12.5856 4.193 -2.0436 -13.6855 0 -2.4682 -13.0822 8.1004 -1.584 -12.1337
5 24 4.4282 8.7344 16.063 8.5554 8.2663 14.4826 4.3666 7.6939 16.1417 8.4378 9.1883 14.0039
5 24 11.9322 -.1588 -10.3686 11.4548 -.8527 -9.6651 8.1004 -1.584 -12.1337 14.6132 .8337 -7.0181
5 24 3.9312 10.5886 13.6482 0 10.7 13 4.9751 10.407 12.0107 0 10.7304 14.1272
5 24 11.9322 8.4541 11.5251 12.0988 7.5217 11.9688 8.4378 9.1883 14.0039 14.8176 6.5512 8.6927
5 24 4.3666 9.6499 15.5623 4.4282 8.7344 16.063 0 9.8075 16.0943 8.5554 8.2663 14.4826
5 24 13.1544 4.4132 -7.1994 9.1923 4.1277 -9.1923 12.0107 5.3766 -4.9751 10.7408 3.5198 -10.2156
5 24 14.672 7.647 3.7175 15.19 6.5703 .0828 13 6.85 0 15.6478 7.1641 4.1239
5 24 11.9322 8.4541 11.5251 14.6132 7.497 8.2942 12.0988 7.5217 11.9688 14.0294 8.2342 7.7366
5 24 12.0988 .7719 -10.818 11.9322 -.1588 -10.3686 8.4378 -.9202 -12.9392 14.8176 1.7783 -7.4205
5 24 16.1994 2.4006 1.318 15.19 1.846 1.4822 15.6478 3.5489 5.1947 14.672 .7295 -2.2871
5 24 9.1923 4.1277 -9.1923 10.7408 3.5198 -10.2156 7.595 2.8343 -12.5299 13.1544 4.4132 -7.1994
5 24 4.193 -2.0436 -13.6855 8.1004 -1.584 -12.1337 4.3666 -1.3989 -14.5554 7.595 -1.89 -11.1305
5 24 14.6132 5.541 8.8736 11.9322 6.4981 12.1045 11.4548 5.5377 11.9088 14.8176 6.5512 8.6927
5 24 4.193 10.3012 14.7147 8.1004 9.858 13.2184 7.595 10.1729 12.2451 4.3666 9.6499 15.5623
5 24 14.8176 1.7783 -7.4205 16.527 2.9505 -3.4633 14.6132 2.7897 -7.5975 16.2988 1.99 -3.1145
5 24 4.193 1.5715 -14.7563 4.3666 .5571 -15.1348 0 .3936 -15.6865 8.1004 2.0312 -13.2045
5 24 8.1004 9.858 13.2184 11.4548 9.1529 10.838 8.4378 9.1883 14.0039 10.7408 9.5119 10.0135
5 24 15.6478 7.1641 4.1239 16.1994 6.0157 .2471 15.19 6.5703 .0828 16.2988 6.382 4.5301
5 24 15.19 6.5703 .0828 13 6.85 0 14.672 5.4538 -3.6865 14.672 7.647 3.7175
5 24 14.672 5.4538 -3.6865 12.0107 5.3766 -4.9751 13 6.85 0 13.1544 4.4132 -7.1994
5 24 10.7408 9.5119 10.0135 11.4548 9.1529 10.838 7.595 10.1729 12.2451 14.0294 8.2342 7.7366
5 24 11.4548 9.1529 10.838 11.9322 8.4541 11.5251 8.1004 9.858 13.2184 14.6132 7.497 8.2942
5 24 4.193 10.3012 14.7147 3.9312 10.5886 13.6482 8.1004 9.858 13.2184 0 10.7304 14.1272
5 24 16.8742 3.2302 1.0722 16.2988 4.4261 5.1095 15.6478 3.5489 5.1947 17.1108 4.2082 .7825
5 24 14.0294 4.6191 8.8074 11.4548 5.5377 11.9088 10.7408 4.7876 11.4129 14.6132 5.541 8.8736
5 24 15.6478 7.1641 4.1239 16.2988 6.382 4.5301 16.8742 5.1862 .4929 14.0294 8.2342 7.7366
5 24 4.4282 8.7344 16.063 4.3666 7.6939 16.1417 8.4378 7.2323 14.5833 0 8.8943 16.6028
5 24 8.5554 -.0003 -13.4249 8.4378 1.0358 -13.5186 11.9322 1.7972 -10.948 4.4282 -.4858 -15.0639
5 24 4.3666 7.6939 16.1417 0 7.8515 16.6737 0 6.8372 16.2956 4.4282 8.7344 16.063
5 24 3.9312 2.4032 -13.985 0 2.2561 -14.4816 0 3 -13 4.193 1.5715 -14.7563
5 24 13.1544 8.6504 7.105 12.0107 8.3234 4.9751 10.7408 9.5119 10.0135 14.672 7.647 3.7175
5 24 16.2988 1.99 -3.1145 16.527 2.9505 -3.4633 17.1108 4.2082 .7825 14.6132 .8337 -7.0181
5 24 16.2988 3.946 -3.6939 16.527 2.9505 -3.4633 14.8176 1.7783 -7.4205 16.8742 5.1862 .4929
5 24 4.193 6.6861 15.7856 0 6.8372 16.2956 4.3666 7.6939 16.1417 0 6.0061 15.5266
5 24 11.4548 9.1529 10.838 14.0294 8.2342 7.7366 11.9322 8.4541 11.5251 13.1544 8.6504 7.105
5 24 11.4548 -.8527 -9.6651 10.7408 -1.2045 -8.8162 14.0294 .1 -6.4489 7.595 -1.89 -11.1305
5 24 16.527 5.4209 4.8768 16.2988 4.4261 5.1095 16.8742 3.2302 1.0722 14.8176 6.5512 8.6927
5 24 14.0294 3.7151 -7.5197 15.6478 4.8249 -3.7732 13.1544 4.4132 -7.1994 16.2988 3.946 -3.6939
5 24 15.6478 4.8249 -3.7732 14.672 5.4538 -3.6865 15.19 6.5703 .0828 14.0294 3.7151 -7.5197
5 24 11.9322 6.4981 12.1045 11.4548 5.5377 11.9088 14.0294 4.6191 8.8074 8.4378 7.2323 14.5833
5 24 8.4378 7.2323 14.5833 11.9322 6.4981 12.1045 8.1004 6.2429 14.2892 12.0988 7.5217 11.9688
5 24 14.0294 8.2342 7.7366 15.6478 7.1641 4.1239 14.672 7.647 3.7175 14.6132 7.497 8.2942
5 24 14.672 5.4538 -3.6865 13.1544 4.4132 -7.1994 12.0107 5.3766 -4.9751 15.6478 4.8249 -3.7732
5 24 0 10.7304 14.1272 3.9312 10.5886 13.6482 0 10.4523 15.2247 0 10.7 13
5 24 14.0294 3.7151 -7.5197 11.4548 2.7624 -10.736 14.6132 2.7897 -7.5975 10.7408 3.5198 -10.2156
5 24 4.3666 .5571 -15.1348 4.4282 -.4858 -15.0639 0 -.6516 -15.6236 8.4378 1.0358 -13.5186
5 24 14.6132 2.7897 -7.5975 14.0294 3.7151 -7.5197 11.9322 1.7972 -10.948 15.6478 4.8249 -3.7732
5 24 4.193 1.5715 -14.7563 0 1.4149 -15.2852 0 2.2561 -14.4816 4.3666 .5571 -15.1348
5 24 7.595 10.1729 12.2451 8.1004 9.858 13.2184 11.4548 9.1529 10.838 3.9312 10.5886 13.6482
5 24 13.1544 -.3111 -5.8 14.0294 .1 -6.4489 15.6478 1.2097 -2.7024 10.7408 -1.2045 -8.8162
5 24 13.1544 4.4132 -7.1994 10.7408 3.5198 -10.2156 14.0294 3.7151 -7.5197 9.1923 4.1277 -9.1923
5 24 0 9.8075 16.0943 4.3666 9.6499 15.5623 0 8.8943 16.6028 4.193 10.3012 14.7147
5 24 15.6478 1.2097 -2.7024 16.2988 1.99 -3.1145 16.8742 3.2302 1.0722 14.0294 .1 -6.4489
5 24 17.1108 4.2082 .7825 16.8742 3.2302 1.0722 16.2988 1.99 -3.1145 16.527 5.4209 4.8768
5 24 8.1004 9.858 13.2184 8.4378 9.1883 14.0039 11.9322 8.4541 11.5251 4.193 10.3012 14.7147
5 24 4.193 -2.0436 -13.6855 4.3666 -1.3989 -14.5554 0 -2.2003 -14.2143 8.4378 -.9202 -12.9392
5 24 8.1004 6.2429 14.2892 4.193 6.6861 15.7856 3.9312 5.8643 15.0476 8.4378 7.2323 14.5833
5 24 14.8176 1.7783 -7.4205 14.6132 2.7897 -7.5975 12.0988 .7719 -10.818 16.2988 3.946 -3.6939
5 24 0 -1.5624 -15.1071 4.3666 -1.3989 -14.5554 0 -.6516 -15.6236 4.193 -2.0436 -13.6855
5 24 11.4548 5.5377 11.9088 8.1004 6.2429 14.2892 7.595 5.4486 13.6445 11.9322 6.4981 12.1045
5 24 7.595 -1.89 -11.1305 8.1004 -1.584 -12.1337 3.9312 -2.3211 -12.5856 11.4548 -.8527 -9.6651
5 24 16.527 5.4209 4.8768 17.1108 4.2082 .7825 16.2988 4.4261 5.1095 16.8742 5.1862 .4929
5 24 12.0107 8.3234 4.9751 14.672 7.647 3.7175 13 6.85 0 13.1544 8.6504 7.105
5 24 4.9751 10.407 12.0107 7.595 10.1729 12.2451 9.1923 9.5723 9.1923 3.9312 10.5886 13.6482
5 24 7.595 5.4486 13.6445 8.1004 6.2429 14.2892 4.193 6.6861 15.7856 10.7408 4.7876 11.4129
5 24 15.6478 1.2097 -2.7024 16.1994 2.4006 1.318 16.2988 1.99 -3.1145 15.19 1.846 1.4822
5 24 15.6478 3.5489 5.1947 14.672 2.9227 5.1169 15.19 1.846 1.4822 14.0294 4.6191 8.8074
5 24 8.4378 -.9202 -12.9392 11.9322 -.1588 -10.3686 11.4548 -.8527 -9.6651 8.5554 -.0003 -13.4249
5 24 4.4282 -.4858 -15.0639 8.5554 -.0003 -13.4249 8.4378 -.9202 -12.9392 4.3666 .5571 -15.1348
5 24 16.2988 3.946 -3.6939 14.6132 2.7897 -7.5975 16.527 2.9505 -3.4633 14.0294 3.7151 -7.5197
5 24 8.1004 6.2429 14.2892 8.4378 7.2323 14.5833 11.4548 5.5377 11.9088 4.3666 7.6939 16.1417
5 24 14.8176 6.5512 8.6927 14.6132 7.497 8.2942 11.9322 8.4541 11.5251 16.527 5.4209 4.8768
5 24 14.0294 .1 -6.4489 14.6132 .8337 -7.0181 11.4548 -.8527 -9.6651 16.2988 1.99 -3.1145
5 24 15.19 6.5703 .0828 14.672 5.4538 -3.6865 13 6.85 0 16.1994 6.0157 .2471
5 24 3.9312 2.4032 -13.985 4.193 1.5715 -14.7563 0 1.4149 -15.2852 7.595 2.8343 -12.5299
5 24 14.8176 6.5512 8.6927 14.6132 5.541 8.8736 16.2988 4.4261 5.1095 12.0988 7.5217 11.9688
5 24 0 8.8943 16.6028 4.4282 8.7344 16.063 0 7.8515 16.6737 4.3666 9.6499 15.5623
5 24 16.1994 6.0157 .2471 15.19 6.5703 .0828 15.6478 4.8249 -3.7732 14.672 7.647 3.7175
5 24 16.8742 5.1862 .4929 16.1994 6.0157 .2471 15.6478 7.1641 4.1239 16.2988 3.946 -3.6939
5 24 16.2988 4.4261 5.1095 14.6132 5.541 8.8736 14.0294 4.6191 8.8074 16.527 5.4209 4.8768
5 24 11.9322 1.7972 -10.948 8.4378 1.0358 -13.5186 8.1004 2.0312 -13.2045 12.0988 .7719 -10.818
5 24 14.8176 6.5512 8.6927 16.527 5.4209 4.8768 14.6132 5.541 8.8736 16.2988 6.382 4.5301
5 24 4.3666 9.6499 15.5623 8.4378 9.1883 14.0039 8.1004 9.858 13.2184 4.4282 8.7344 16.063
5 24 14.0294 8.2342 7.7366 13.1544 8.6504 7.105 10.7408 9.5119 10.0135 15.6478 7.1641 4.1239
5 24 12.0107 5.3766 -4.9751 13.1544 4.4132 -7.1994 9.1923 4.1277 -9.1923 14.672 5.4538 -3.6865
5 24 9.1923 9.5723 9.1923 7.595 10.1729 12.2451 4.9751 10.407 12.0107 10.7408 9.5119 10.0135
5 24 16.1994 6.0157 .2471 15.6478 4.8249 -3.7732 14.672 5.4538 -3.6865 16.8742 5.1862 .4929

0 //
5 24 0 -1.5624 -15.1071 0 -.6516 -15.6236 -4.4282 -.4858 -15.0639 4.4282 -.4858 -15.0639
5 24 0 .3936 -15.6865 0 1.4149 -15.2852 4.193 1.5715 -14.7563 -4.193 1.5715 -14.7563
5 24 0 -.6516 -15.6236 0 .3936 -15.6865 4.3666 .5571 -15.1348 -4.3666 .5571 -15.1348
5 24 0 7.8515 16.6737 0 6.8372 16.2956 4.193 6.6861 15.7856 -4.193 6.6861 15.7856
5 24 0 10.4523 15.2247 0 9.8075 16.0943 4.3666 9.6499 15.5623 -4.3666 9.6499 15.5623
5 24 0 8.8943 16.6028 0 7.8515 16.6737 -4.3666 7.6939 16.1417 4.3666 7.6939 16.1417
5 24 0 1.4149 -15.2852 0 2.2561 -14.4816 3.9312 2.4032 -13.985 -3.9312 2.4032 -13.985
5 24 0 6.8372 16.2956 0 6.0061 15.5266 3.9312 5.8643 15.0476 -3.9312 5.8643 15.0476
5 24 0 9.8075 16.0943 0 8.8943 16.6028 4.4282 8.7344 16.063 -4.4282 8.7344 16.063
5 24 0 -2.4682 -13.0822 0 -2.2003 -14.2143 4.193 -2.0436 -13.6855 -4.193 -2.0436 -13.6855
5 24 0 2.2561 -14.4816 0 3 -13 3.9312 2.4032 -13.985 -3.9312 2.4032 -13.985
5 24 0 10.7 13 0 10.7304 14.1272 3.9312 10.5886 13.6482 -3.9312 10.5886 13.6482
5 24 0 -2.2003 -14.2143 0 -1.5624 -15.1071 -4.3666 -1.3989 -14.5554 4.3666 -1.3989 -14.5554
5 24 0 10.7304 14.1272 0 10.4523 15.2247 4.193 10.3012 14.7147 -4.193 10.3012 14.7147
