0 ~Minifig Hat Cone - Patternable Surfaces
0 Name: s\12894s03.dat
0 Author: Gerald Lasser [GeraldLasser]
0 !LDRAW_ORG Subpart UPDATE 2026-01
0 !LICENSE Licensed under CC BY 4.0 : see CAreadme.txt

0 BFC CERTIFY CCW

0 !HISTORY 2026-01-29 [OrionP] Official Update 2026-01

0 // Cone
3 16 0 -2.4682 -13.0822 3.9312 -2.3211 -12.5856 0 -21.877 4.5983
3 16 0 -21.877 4.5983 3.9312 -2.3211 -12.5856 1.3395 -21.8014 4.8536
3 16 1.3395 -21.8014 4.8536 3.9312 -2.3211 -12.5856 7.595 -1.89 -11.1305
3 16 7.595 -1.89 -11.1305 2.4749 -21.5859 5.5812 1.3395 -21.8014 4.8536
3 16 7.595 -1.89 -11.1305 10.7408 -1.2045 -8.8162 2.4749 -21.5859 5.5812
3 16 2.4749 -21.5859 5.5812 10.7408 -1.2045 -8.8162 13.1544 -.3111 -5.8
3 16 2.4749 -21.5859 5.5812 13.1544 -.3111 -5.8 3.2337 -21.2634 6.6698
3 16 3.2337 -21.2634 6.6698 13.1544 -.3111 -5.8 14.672 .7295 -2.2871
