0 ~Minifig Hat Cone with Black Rim and Two Pom-Pom Pattern - Half
0 Name: s\12894p01s01.dat
0 Author: Gerald Lasser [GeraldLasser]
0 !LDRAW_ORG Subpart UPDATE 2026-01
0 !LICENSE Licensed under CC BY 4.0 : see CAreadme.txt

0 BFC CERTIFY CCW

0 !HISTORY 2026-01-29 [OrionP] Official Update 2026-01

4 0 0 -19.49 2.42386 0 -13.86 -2.70481 0.49 -14.5 -2.0432 0.15 -19.56 2.51168
4 0 0.65 -19.89 2.91318 0.42303 -19.77262 2.74917 1.28 -19.42 2.63029 0.96 -19.93 3.0256
3 0 0.96 -19.93 3.0256 1.28 -19.42 2.63029 1.18 -19.79 2.94919
4 0 0 -13.86 -2.70481 0.15 -13.92 -2.62609 0.35 -14.19 -2.34805 0.49 -14.5 -2.0432
3 0 0.42303 -19.77262 2.74917 1.29 -19.23 2.45649 1.28 -19.42 2.63029
4 0 0.15 -19.56 2.51168 0.49 -14.5 -2.0432 0.62 -14.56 -1.96769 0.42303 -19.77262 2.74917
3 0 0.42303 -19.77262 2.74917 0.62 -14.56 -1.96769 0.79 -14.46 -2.03151
4 0 0.42303 -19.77262 2.74917 0.79 -14.46 -2.03151 1.13 -14.23 -2.18649 1.42 -14.11 -2.24929
3 0 0.42303 -19.77262 2.74917 1.42 -14.11 -2.24929 1.56323 -14.10065 -2.23483
4 0 0.42303 -19.77262 2.74917 1.56323 -14.10065 -2.23483 1.75 -14.17 -2.12513 1.88 -14.34 -1.93587
4 0 0.42303 -19.77262 2.74917 1.88 -14.34 -1.93587 2.01 -14.67 -1.59819 1.29 -19.23 2.45649
4 0 1.38 -19.16 2.41342 1.29 -19.23 2.45649 2.01 -14.67 -1.59819 2.07 -14.95 -1.32391
3 0 1.54 -19.16 2.4523 1.38 -19.16 2.41342 2.07 -14.95 -1.32391
4 0 1.68959 -19.16995 2.49786 1.54 -19.16 2.4523 2.07 -14.95 -1.32391 2.26591 -14.83813 -1.38008
4 0 1.97 -19.18 2.65069 1.68959 -19.16995 2.49786 2.26591 -14.83813 -1.38008 2.55 -14.68 -1.38735
4 0 1.97 -19.18 2.65069 2.55 -14.68 -1.38735 2.925 -15.5 -0.40615 2.42723 -18.33913 2.07422
4 0 3.04 -15.22 -0.61712 2.925 -15.5 -0.40615 2.55 -14.68 -1.38735 2.83 -14.57 -1.35036
4 0 3.12 -14.79 -0.99043 3.04 -15.22 -0.61712 2.83 -14.57 -1.35036 3.12 -14.57 -1.20232
3 0 3.12 -14.57 -1.20232 2.83 -14.57 -1.35036 3.01 -14.54 -1.28737
4 0 2.42723 -18.33913 2.07422 2.925 -15.5 -0.40615 3.1 -15.43 -0.38423 3.36861 -15.3427 -0.33119
3 0 1.97 -19.18 2.65069 2.42723 -18.33913 2.07422 2.16834 -19.16319 2.73575
4 0 2.16834 -19.16319 2.73575 2.42723 -18.33913 2.07422 2.62 -18.53 2.44063 2.71 -18.75 2.75145
4 0 2.49 -19.1 2.9396 2.16834 -19.16319 2.73575 2.71 -18.75 2.75145 2.69 -18.94 2.93745
4 0 2.84 -18.23 2.30587 2.42723 -18.33913 2.07422 3.06 -17.36 1.56249 3.32 -17.44 1.86722
4 0 3.40483 -18.00866 2.54596 2.84 -18.23 2.30587 3.32 -17.44 1.86722 3.52137 -17.56036 2.16558
4 0 3.40483 -18.00866 2.54596 3.52137 -17.56036 2.16558 3.59 -17.69 2.37544 3.57 -17.84 2.52125
4 0 3.45 -17.14 1.65654 3.06 -17.36 1.56249 3.38 -16.24 0.63651 3.85458 -16.27859 1.07802
3 0 3.45 -17.14 1.65654 3.85458 -16.27859 1.07802 3.67273 -16.97811 1.67155
4 0 3.99 -16.69 1.66362 3.67273 -16.97811 1.67155 3.85458 -16.27859 1.07802 4.08 -16.36 1.38773
3 0 3.99 -16.69 1.66362 4.08 -16.36 1.38773 4.16 -16.49 1.60908
4 0 3.38 -16.24 0.63651 3.06 -17.36 1.56249 2.42723 -18.33913 2.07422 3.36861 -15.3427 -0.33119
4 0 3.38 -16.24 0.63651 3.36861 -15.3427 -0.33119 3.59 -15.3 -0.19005 3.73 -15.87 0.53667
4 0 3.73 -15.87 0.53667 3.59 -15.3 -0.19005 3.87 -15.26 0.00342 4.05 -15.45 0.35813
3 0 4.05 -15.45 0.35813 3.87 -15.26 0.00342 4.11634 -15.27165 0.22364
4 0 0 -11.2 -5.12794 1.63 -10.94 -5.10332 1.59 -11.42 -4.67248 0.62 -11.57 -4.69144
4 0 1.05 -11.76 -4.44938 0.62 -11.57 -4.69144 1.59 -11.42 -4.67248 1.5 -11.65 -4.4774
3 0 1.34 -11.78 -4.38464 1.05 -11.76 -4.44938 1.5 -11.65 -4.4774
4 0 3.28203 -5.55041 -9.74799 2.18474 -11.00894 -4.95154 1.63 -10.94 -5.10332 2.95 -5.67 -9.6923
4 0 3.28203 -5.55041 -9.74799 3.50307 -5.53908 -9.70479 3.36076 -6.60877 -8.74718 2.18474 -11.00894 -4.95154
4 0 3.53 -6.16 -9.09301 3.36076 -6.60877 -8.74718 3.50307 -5.53908 -9.70479 3.57 -5.8 -9.41933
3 0 2.7712 -11.04016 -4.7801 2.18474 -11.00894 -4.95154 3.36076 -6.60877 -8.74718
4 0 3.06 -10.98 -4.69062 2.7712 -11.04016 -4.7801 3.01 -10.1 -5.5637 3.21 -10.42 -5.1534
4 0 3.06 -10.98 -4.69062 3.21 -10.42 -5.1534 3.28 -10.71 -4.83836 3.23 -10.9 -4.68089
4 0 3.01 -10.1 -5.5637 2.7712 -11.04016 -4.7801 3.36076 -6.60877 -8.74718 3.38 -6.68 -8.66876
4 0 3.61 -9.02 -6.2976 3.01 -10.1 -5.5637 3.38 -6.68 -8.66876 3.93 -7.75 -7.35743
4 0 3.93 -7.75 -7.35743 3.38 -6.68 -8.66876 3.75 -6.62 -8.53767 4.13 -6.58 -8.38221
4 0 4.28 -7.41 -7.50623 3.93 -7.75 -7.35743 4.13 -6.58 -8.38221 4.66 -6.89 -7.81308
4 0 4.66 -6.89 -7.81308 4.13 -6.58 -8.38221 4.62 -6.6 -8.11281 4.77 -6.68 -7.95918
4 0 3.61 -9.02 -6.2976 3.93 -7.75 -7.35743 4.37 -7.79 -7.09429 4.22 -8.74 -6.25589
4 0 4.72 -8.42 -6.30885 4.22 -8.74 -6.25589 4.37 -7.79 -7.09429 4.79 -7.92 -6.75468
4 0 4.72 -8.42 -6.30885 4.79 -7.92 -6.75468 4.95 -8.07 -6.52853 4.93 -8.23 -6.38464
4 0 3.01 -10.1 -5.5637 3.61 -9.02 -6.2976 3.93 -9.22 -5.94162 3.54 -10.03 -5.36057
4 0 4.04 -9.89 -5.24016 3.54 -10.03 -5.36057 3.93 -9.22 -5.94162 4.28 -9.46 -5.5318
4 0 4.04 -9.89 -5.24016 4.28 -9.46 -5.5318 4.32 -9.63 -5.34764 4.26 -9.76 -5.25306
4 0 1.63 -10.94 -5.10332 0 -11.2 -5.12794 2.42 -5.95 -9.52225 2.59 -5.86 -9.57697
3 0 1.63 -10.94 -5.10332 2.59 -5.86 -9.57697 2.95 -5.67 -9.6923
4 0 2.38 -5.78 -9.68353 2.42 -5.95 -9.52225 0.69 -5.58 -10.13681 0.85 -5.41 -10.26601
4 0 2.25 -5.44 -10.01411 2.38 -5.78 -9.68353 0.85 -5.41 -10.26601 1.18 -5.12 -10.47725
4 0 2.25 -5.44 -10.01411 1.18 -5.12 -10.47725 1.5 -4.94 -10.58989 2.03 -5.05 -10.40467
3 0 2.03 -5.05 -10.40467 1.5 -4.94 -10.58989 1.77 -4.87 -10.61035
4 0 0.48 -5.11 -10.59865 0.69 -5.58 -10.13681 0 -11.2 -5.12794 0.2 -4.78 -10.94418
3 0 0 -11.2 -5.12794 0 -4.64 -11.10379 0.2 -4.78 -10.94418
3 0 0 -11.2 -5.12794 0.69 -5.58 -10.13681 2.42 -5.95 -9.52225
4 16 0 -21.877 4.5983 0 -19.49 2.42386 0.15 -19.56 2.51168 0.42303 -19.77262 2.74917
3 16 0 -21.877 4.5983 0.42303 -19.77262 2.74917 0.65 -19.89 2.91318
4 16 0 -21.877 4.5983 0.65 -19.89 2.91318 0.96 -19.93 3.0256 1.3395 -21.8014 4.8536
3 16 1.3395 -21.8014 4.8536 0.96 -19.93 3.0256 1.18 -19.79 2.94919
4 16 1.68959 -19.16995 2.49786 1.3395 -21.8014 4.8536 1.18 -19.79 2.94919 1.54 -19.16 2.4523
3 16 1.18 -19.79 2.94919 1.28 -19.42 2.63029 1.54 -19.16 2.4523
4 16 1.54 -19.16 2.4523 1.28 -19.42 2.63029 1.29 -19.23 2.45649 1.38 -19.16 2.41342
3 16 1.3395 -21.8014 4.8536 1.68959 -19.16995 2.49786 1.97 -19.18 2.65069
3 16 1.3395 -21.8014 4.8536 1.97 -19.18 2.65069 2.16834 -19.16319 2.73575
4 16 1.3395 -21.8014 4.8536 2.16834 -19.16319 2.73575 2.49 -19.1 2.9396 2.4749 -21.5859 5.5812
3 16 2.4749 -21.5859 5.5812 2.49 -19.1 2.9396 2.69 -18.94 2.93745
3 16 2.62 -18.53 2.44063 2.42723 -18.33913 2.07422 2.84 -18.23 2.30587
4 16 2.71 -18.75 2.75145 2.62 -18.53 2.44063 2.84 -18.23 2.30587 3.40483 -18.00866 2.54596
4 16 2.69 -18.94 2.93745 2.71 -18.75 2.75145 3.40483 -18.00866 2.54596 2.4749 -21.5859 5.5812
3 16 2.4749 -21.5859 5.5812 3.40483 -18.00866 2.54596 3.57 -17.84 2.52125
3 16 3.32 -17.44 1.86722 3.06 -17.36 1.56249 3.45 -17.14 1.65654
4 16 3.52137 -17.56036 2.16558 3.32 -17.44 1.86722 3.45 -17.14 1.65654 3.67273 -16.97811 1.67155
4 16 3.52137 -17.56036 2.16558 3.67273 -16.97811 1.67155 3.99 -16.69 1.66362 3.59 -17.69 2.37544
4 16 3.59 -17.69 2.37544 3.99 -16.69 1.66362 4.16 -16.49 1.60908 3.57 -17.84 2.52125
3 16 0.69 -5.58 -10.13681 0.48 -5.11 -10.59865 0.85 -5.41 -10.26601
4 16 1.18 -5.12 -10.47725 0.85 -5.41 -10.26601 0.48 -5.11 -10.59865 0.2 -4.78 -10.94418
3 16 1.18 -5.12 -10.47725 0.2 -4.78 -10.94418 1.5 -4.94 -10.58989
4 16 1.77 -4.87 -10.61035 1.5 -4.94 -10.58989 0.2 -4.78 -10.94418 0 -4.64 -11.10379
4 16 1.77 -4.87 -10.61035 0 -4.64 -11.10379 0 -2.4682 -13.0822 3.9312 -2.3211 -12.5856
4 16 2.03 -5.05 -10.40467 1.77 -4.87 -10.61035 3.9312 -2.3211 -12.5856 3.28203 -5.55041 -9.74799
4 16 2.25 -5.44 -10.01411 2.03 -5.05 -10.40467 3.28203 -5.55041 -9.74799 2.95 -5.67 -9.6923
4 16 2.38 -5.78 -9.68353 2.25 -5.44 -10.01411 2.95 -5.67 -9.6923 2.59 -5.86 -9.57697
3 16 2.42 -5.95 -9.52225 2.38 -5.78 -9.68353 2.59 -5.86 -9.57697
3 16 3.28203 -5.55041 -9.74799 3.9312 -2.3211 -12.5856 3.50307 -5.53908 -9.70479
4 16 3.50307 -5.53908 -9.70479 3.9312 -2.3211 -12.5856 7.595 -1.89 -11.1305 3.57 -5.8 -9.41933
4 16 4.62 -6.6 -8.11281 3.57 -5.8 -9.41933 7.595 -1.89 -11.1305 4.77 -6.68 -7.95918
4 16 3.75 -6.62 -8.53767 3.38 -6.68 -8.66876 3.36076 -6.60877 -8.74718 3.53 -6.16 -9.09301
4 16 4.13 -6.58 -8.38221 3.75 -6.62 -8.53767 3.53 -6.16 -9.09301 3.57 -5.8 -9.41933
3 16 4.62 -6.6 -8.11281 4.13 -6.58 -8.38221 3.57 -5.8 -9.41933
3 16 4.37 -7.79 -7.09429 3.93 -7.75 -7.35743 4.28 -7.41 -7.50623
4 16 4.37 -7.79 -7.09429 4.28 -7.41 -7.50623 4.66 -6.89 -7.81308 4.79 -7.92 -6.75468
4 16 4.95 -8.07 -6.52853 4.79 -7.92 -6.75468 4.66 -6.89 -7.81308 4.77 -6.68 -7.95918
3 16 4.95 -8.07 -6.52853 4.77 -6.68 -7.95918 7.595 -1.89 -11.1305
3 16 4.93 -8.23 -6.38464 4.95 -8.07 -6.52853 7.595 -1.89 -11.1305
3 16 1.59 -11.42 -4.67248 1.63 -10.94 -5.10332 2.18474 -11.00894 -4.95154
4 16 1.5 -11.65 -4.4774 1.59 -11.42 -4.67248 2.18474 -11.00894 -4.95154 1.56323 -14.10065 -2.23483
4 16 1.5 -11.65 -4.4774 1.56323 -14.10065 -2.23483 1.42 -14.11 -2.24929 1.34 -11.78 -4.38464
4 16 0 -13.86 -2.70481 0 -11.2 -5.12794 0.62 -11.57 -4.69144 0.15 -13.92 -2.62609
4 16 0.35 -14.19 -2.34805 0.15 -13.92 -2.62609 0.62 -11.57 -4.69144 1.05 -11.76 -4.44938
4 16 0.35 -14.19 -2.34805 1.05 -11.76 -4.44938 1.34 -11.78 -4.38464 1.13 -14.23 -2.18649
3 16 1.13 -14.23 -2.18649 1.34 -11.78 -4.38464 1.42 -14.11 -2.24929
4 16 0.62 -14.56 -1.96769 0.49 -14.5 -2.0432 0.35 -14.19 -2.34805 0.79 -14.46 -2.03151
3 16 0.79 -14.46 -2.03151 0.35 -14.19 -2.34805 1.13 -14.23 -2.18649
3 16 2.07 -14.95 -1.32391 2.01 -14.67 -1.59819 2.26591 -14.83813 -1.38008
4 16 2.26591 -14.83813 -1.38008 2.01 -14.67 -1.59819 1.88 -14.34 -1.93587 2.7712 -11.04016 -4.7801
4 16 2.7712 -11.04016 -4.7801 1.88 -14.34 -1.93587 1.75 -14.17 -2.12513 2.18474 -11.00894 -4.95154
3 16 1.75 -14.17 -2.12513 1.56323 -14.10065 -2.23483 2.18474 -11.00894 -4.95154
3 16 3.21 -10.42 -5.1534 3.01 -10.1 -5.5637 3.54 -10.03 -5.36057
4 16 3.28 -10.71 -4.83836 3.21 -10.42 -5.1534 3.54 -10.03 -5.36057 4.04 -9.89 -5.24016
4 16 3.23 -10.9 -4.68089 3.28 -10.71 -4.83836 4.04 -9.89 -5.24016 3.12 -14.57 -1.20232
3 16 3.93 -9.22 -5.94162 3.61 -9.02 -6.2976 4.22 -8.74 -6.25589
4 16 4.28 -9.46 -5.5318 3.93 -9.22 -5.94162 4.22 -8.74 -6.25589 4.72 -8.42 -6.30885
4 16 4.28 -9.46 -5.5318 4.72 -8.42 -6.30885 4.93 -8.23 -6.38464 4.32 -9.63 -5.34764
4 16 2.55 -14.68 -1.38735 2.26591 -14.83813 -1.38008 2.7712 -11.04016 -4.7801 3.06 -10.98 -4.69062
3 16 2.55 -14.68 -1.38735 3.06 -10.98 -4.69062 2.83 -14.57 -1.35036
3 16 2.83 -14.57 -1.35036 3.06 -10.98 -4.69062 3.01 -14.54 -1.28737
4 16 3.12 -14.57 -1.20232 3.01 -14.54 -1.28737 3.06 -10.98 -4.69062 3.23 -10.9 -4.68089
3 16 3.12 -14.57 -1.20232 4.04 -9.89 -5.24016 4.26 -9.76 -5.25306
3 16 3.85458 -16.27859 1.07802 3.38 -16.24 0.63651 3.73 -15.87 0.53667
3 16 3.85458 -16.27859 1.07802 3.73 -15.87 0.53667 4.05 -15.45 0.35813
3 16 3.85458 -16.27859 1.07802 4.05 -15.45 0.35813 4.11634 -15.27165 0.22364
3 16 4.08 -16.36 1.38773 3.85458 -16.27859 1.07802 4.11634 -15.27165 0.22364
4 16 4.16 -16.49 1.60908 4.08 -16.36 1.38773 4.11634 -15.27165 0.22364 10.7408 -1.2045 -8.8162
3 16 2.4749 -21.5859 5.5812 4.16 -16.49 1.60908 10.7408 -1.2045 -8.8162
3 16 2.4749 -21.5859 5.5812 3.57 -17.84 2.52125 4.16 -16.49 1.60908
3 16 2.4749 -21.5859 5.5812 10.7408 -1.2045 -8.8162 13.1544 -0.3111 -5.8
3 16 2.4749 -21.5859 5.5812 13.1544 -0.3111 -5.8 3.2337 -21.2634 6.6698
3 16 3.2337 -21.2634 6.6698 13.1544 -0.3111 -5.8 14.672 0.7295 -2.2871
3 16 4.11634 -15.27165 0.22364 7.595 -1.89 -11.1305 10.7408 -1.2045 -8.8162
3 16 4.11634 -15.27165 0.22364 3.87 -15.26 0.00342 7.595 -1.89 -11.1305
3 16 3.59 -15.3 -0.19005 7.595 -1.89 -11.1305 3.87 -15.26 0.00342
3 16 3.36861 -15.3427 -0.33119 7.595 -1.89 -11.1305 3.59 -15.3 -0.19005
4 16 3.12 -14.57 -1.20232 7.595 -1.89 -11.1305 3.36861 -15.3427 -0.33119 3.12 -14.79 -0.99043
3 16 2.925 -15.5 -0.40615 3.04 -15.22 -0.61712 3.1 -15.43 -0.38423
4 16 3.36861 -15.3427 -0.33119 3.1 -15.43 -0.38423 3.04 -15.22 -0.61712 3.12 -14.79 -0.99043
3 16 3.12 -14.57 -1.20232 4.93 -8.23 -6.38464 7.595 -1.89 -11.1305
3 16 3.12 -14.57 -1.20232 4.32 -9.63 -5.34764 4.93 -8.23 -6.38464
3 16 3.12 -14.57 -1.20232 4.26 -9.76 -5.25306 4.32 -9.63 -5.34764
