0 ~Duplo Plate  2 x  2 with Hinge Extended on Side - Hinge
0 Name: s\13355s01.dat
0 Author: Peter Blomberg [WUIt]
0 !LDRAW_ORG Subpart UPDATE 2025-07
0 !LICENSE Licensed under CC BY 4.0 : see CAreadme.txt

0 BFC CERTIFY CCW

0 !HISTORY 2025-07-27 [OrionP] Official Update 2025-07

1 16 0 -5 120 1 0 0 0 1 0 0 0 1 s\13355s02.dat
1 16 0 -5 120 -1 0 0 0 1 0 0 0 1 s\13355s02.dat

0 // bottom reinforcements
4 16 18.5 20 76 18.5 7.2 72 -18.5 7.2 72 -18.5 20 76
4 16 18.5 7.2 72 18.5 4 71 -18.5 4 71 -18.5 7.2 72
2 24 18.5 4 71 -18.5 4 71
2 24 18.5 20 76 -18.5 20 76
2 24 36 4 76 25.5 4 76
2 24 -36 4 76 -25.5 4 76
4 16 25.5 4 76 21.5 20 76 36 24 76 36 4 76
4 16 -36 24 76 -21.5 20 76 -25.5 4 76 -36 4 76
4 16 -36 24 76 36 24 76 21.5 20 76 -21.5 20 76
4 16 19.5 20 80 -19.5 20 80 -16.5 0 74 16.5 0 74
4 16 -19.5 20 80 19.5 20 80 19.5 24 80 -19.5 24 80
2 24 19.5 20 80 -19.5 20 80
2 24 -16.5 0 74 16.5 0 74
2 24 -19.5 24 80 19.5 24 80
1 16 0 4 64.5 0 0 -1.5 0 4 0 -8.5 0 0 box3u8p.dat
1 16 0 4 56 0 0 1.5 0 4 0 -1.5 0 0 boxjcyl4.dat
2 24 -1.5 8 72.25 -1.5 4 71
2 24 1.5 8 72.25 1.5 4 71
2 24 -1.5 8 72.25 1.5 8 72.25

0 // bottom helm
4 16 19.5 24 80 36 24 76 -36 24 76 -19.5 24 80
2 24 -36 24 76 36 24 76

0 // regular understud
1 16 0 4 40 1 0 0 0 -4 0 0 0 1 stud8.dat