0 ~Duplo Plate  2 x  2 with Hinge Extended on Side - Half Hinge
0 Name: s\13355s02.dat
0 Author: Peter Blomberg [WUIt]
0 !LDRAW_ORG Subpart UPDATE 2025-07
0 !LICENSE Licensed under CC BY 4.0 : see CAreadme.txt

0 BFC CERTIFY CCW

0 !HISTORY 2025-07-27 [OrionP] Official Update 2025-07

1 16 0 0 0 1 0 0 0 1 0 0 0 1 s\13355s03.dat

0 // gasket
2 24 20.5 28 1.5 20.5 28 -1.5
2 24 20.5 28 1.5 22.5 28 1.5
2 24 20.5 28 -1.5 22.5 28 -1.5
4 16 22.5 28 1.5 22.5 28 -1.5 20.5 28 -1.5 20.5 28 1.5
2 24 20.5 21 1.5 20.5 21 -1.5
2 24 20.5 21 1.5 20.5 28 1.5
2 24 20.5 21 -1.5 20.5 28 -1.5
4 16 20.5 28 1.5 20.5 28 -1.5 20.5 21 -1.5 20.5 21 1.5
2 24 22.5 19 1.5 20.5 21 1.5
2 24 22.5 19 -1.5 20.5 21 -1.5
4 16 20.5 21 1.5 20.5 21 -1.5 22.5 19 -1.5 22.5 19 1.5
4 16 22.5 28 -1.5 22.5 19 -1.5 20.5 21 -1.5 20.5 28 -1.5
4 16 20.5 21 1.5 22.5 19 1.5 22.5 28 1.5 20.5 28 1.5

0 // inner cyl
1 16 26.5 0 0 0 -1 0 15.2 0 0 0 0 15.2 1-8chrd.dat
1 16 26.5 0 0 0 -1 0 15.2 0 0 0 0 -15.2 1-8chrd.dat
3 16 26.5 10.74792 -10.74792 26.5 15.2 0 26.5 10.74792 10.74792
0 BFC INVERTNEXT
1 16 40 0 0 0 -13.5 0 15.2 0 0 0 0 15.2 1-8cylo.dat
0 BFC INVERTNEXT
1 16 40 0 0 0 -13.5 0 15.2 0 0 0 0 -15.2 1-8cyli.dat
1 16 26.5 0 0 0 1 0 15.2 0 0 0 0 -15.2 1-8edge.dat
0 // right, between cyls
1 16 40 0 0 0 -1 0 3.8 0 0 0 0 3.8 1-8ring4.dat

0 // outer cyl
4 16 26.5 19 0 26.5 17.5541 7.2713 40 17.5541 7.2713 40 19 0
2 24 26.5 19 0 26.5 17.5541 7.2713
2 24 40 19 0 40 17.5541 7.2713
5 24 40 17.5541 7.2713 26.5 17.5541 7.2713 40 19 0 40 13.4349 13.4349

0 // front side of down peg
1 16 22.5 25 3.2713 0 4 0 4 0 0 0 0 4 1-4cylo.dat
4 16 26.5 25 7.2713 22.5 25 7.2713 22.5 17.5541 7.2713 26.5 17.5541 7.2713

0 // back side of down peg
1 16 22.5 25 -3.2713 0 4 0 4 0 0 0 0 -4 1-4cylo.dat
4 16 22.5 17.5541 -7.2713 22.5 25 -7.2713 26.5 25 -7.2713 26.5 17.5541 -7.2713

0 // left side of down peg
2 24 26.5 17.5541 7.2713 22.5 17.5541 7.2713

0 // right side of down peg
1 16 26.5 25 3.2713 0 -1 0 4 0 0 0 0 4 1-4chrd.dat
4 16 26.5 17.5541 7.2713 26.5 19 0 26.5 29 0 26.5 29 3.2713
3 16 26.5 25 7.2713 26.5 17.5541 7.2713 26.5 29 3.2713
1 16 26.5 25 -3.2713 0 -1 0 4 0 0 0 0 -4 1-4chrd.dat
2 24 26.5 25 -7.2713 26.5 17.5541 -7.2713
2 24 26.5 25 7.2713 26.5 17.5541 7.2713

0 // inner surfaces
4 16 26.5 19 0 40 19 0 40 29 0 26.5 29 0
2 24 26.5 18.3495 -3.2713 26.5 17.5541 -7.2713
2 24 36 18.3495 -3.2713 36 17.5541 -7.2713
4 16 36 17.5541 -7.2713 26.5 17.5541 -7.2713 26.5 18.3495 -3.2713 36 18.3495 -3.2713
4 16 36 29 -3.2713 36 18.3495 -3.2713 26.5 18.3495 -3.2713 26.5 29 -3.2713
2 24 36 18.3495 -3.2713 26.5 18.3495 -3.2713
2 24 36 18.3495 -3.2713 36 29 -3.2713
2 24 26.5 18.3495 -3.2713 26.5 29 -3.2713

0 // bottom helm
2 24 26.5 29 0 40 29 0
2 24 36 29 -3.2713 26.5 29 -3.2713
2 24 36 29 -3.2713 36 29 -40
4 16 40 29 0 36 29 -3.2713 26.5 29 -3.2713 26.5 29 0
2 24 26.5 29 0 26.5 19 0
2 24 26.5 29 3.2713 26.5 29 0
4 16 26.5 29 0 26.5 29 -3.2713 22.5 29 -3.2713 22.5 29 3.2713
3 16 22.5 29 3.2713 26.5 29 3.2713 26.5 29 0

0 // corner box inner surface
4 16 36 17.5541 -7.2713 36 29 -3.2713 36 29 -40 36 13.4349 -13.4349
3 16 36 18.3495 -3.2713 36 29 -3.2713 36 17.5541 -7.2713
4 16 26.5 17.5541 -7.2713 26.5 25 -7.2713 26.5 29 -3.2713 26.5 18.3495 -3.2713

0 // outer surfaces
2 24 40 29 0 40 19 0
2 24 40 19 0 26.5 19 0