0 ~Minifig Armour Shoulder Pads Square - Half
0 Name: s\15437s02.dat
0 Author: Magnus Forsberg [MagFors]
0 !LDRAW_ORG Subpart UPDATE 2026-01
0 !LICENSE Licensed under CC BY 4.0 : see CAreadme.txt

0 BFC CERTIFY CCW

0 !HISTORY 2026-01-29 [OrionP] Official Update 2026-01

3 16 29.536 -1.986 11.366 18.202 -1.986 11.366 18.202 4.023 11.366
3 16 12.918 0.5 -15.479 5.012 0.5 -15.479 8.462 11.941 -15.479
3 16 6.365 -3 5.22 7.63 -3 3.253 7.63 -3.696 3.253
4 16 7.63 -3.696 3.253 7.63 -3 3.253 8.314 -3 0 8.314 -4.073 0
4 16 7.63 -3.696 -3.779 8.314 -4.073 0 8.314 -3 0 7.63 -3 -3.779
3 16 6.365 -3 -5.747 7.63 -3.696 -3.779 7.63 -3 -3.779
4 16 6.365 -3 -5.747 6.365 -3 -9.338 16.489 -8.57 -8.68 7.63 -3.696 -3.779
4 16 8.314 -4.073 0 7.63 -3.696 -3.779 16.489 -8.57 -8.68 16.491 -8.576 12.532
3 16 8.314 -4.073 0 16.491 -8.576 12.532 7.63 -3.696 3.253
4 16 6.365 -3 5.22 7.63 -3.696 3.253 16.491 -8.576 12.532 6.365 -3 12.529
3 16 15.831 -7.665 13.458 7.292 -3 13.458 6.365 -3 12.529
3 16 16.491 -8.576 12.532 15.831 -7.665 13.458 6.365 -3 12.529
4 16 6.365 -3 5.22 6.365 -3 12.529 6 -3 6 6 -3 0
3 16 6.365 -3 12.529 0 -3 6 6 -3 6
4 16 7.63 -3 3.253 6.365 -3 5.22 6 -3 0 8.314 -3 0
4 16 7.63 -3 -3.779 8.314 -3 0 6 -3 0 6.365 -3 -5.747
4 16 6.365 -3 -5.747 6 -3 0 6 -3 -6 6.365 -3 -9.338
3 16 6.365 -3 -9.338 6 -3 -6 0 -3 -6
3 16 6.477 13.671 13.458 7.292 -3 13.458 11.155 -2.5 13.458
3 16 7.292 -3 13.458 15.831 -7.665 13.458 11.155 -2.5 13.458
3 16 11.155 -2.5 13.458 15.831 -7.665 13.458 12.04 -2.497 18.658
3 16 8.707 0 10 6.477 13.671 10 12.155 7.229 10
4 16 8.707 0 10 12.155 7.229 10 14.75 5.2 10 14.75 -3.325 10
3 16 12.155 7.229 10 15.981 5.2 10 14.75 5.2 10
4 16 9.342 0 -10 14.75 3.45 -10 6.406 27.013 -10 3.568 27.965 -10
3 16 17.504 4.509 -10 6.406 27.013 -10 14.75 3.45 -10
3 16 18.202 3.45 -10 17.504 4.509 -10 14.75 3.45 -10
3 16 31.469 -2.95 -10 17.504 4.509 -10 18.202 3.45 -10
3 16 31.469 -2.95 -10 18.202 3.45 -10 18.202 0.52 -10
3 16 31.469 -2.95 -10 18.202 0.52 -10 18.202 -2.95 -10
3 16 9.342 0 -10 14.75 -2.976 -10 14.75 3.45 -10
4 16 8.342 15.007 -13.746 4.744 6.279 -13.746 5.042 7.314 -13.746 7.73 16.553 -13.746
4 16 4.744 6.279 -13.746 8.342 15.007 -13.746 4.194 1.25 -13.746 3.272 1.25 -13.746
4 16 8.342 15.007 -13.746 7.73 16.553 -13.746 5.06 24.935 -13.746 14.817 0.539 -13.746
3 16 13.905 0.723 -13.746 8.342 15.007 -13.746 14.817 0.539 -13.746
4 16 7.73 16.553 -13.746 3.298 27.965 -13.746 3.568 27.965 -13.746 5.06 24.935 -13.746
4 16 5.06 24.935 -13.746 3.568 27.965 -13.746 6.399 27.015 -13.746 6.701 26.402 -13.746
3 16 3.568 27.965 -10 3.568 27.965 -13.746 3.298 27.965 -13.746
3 16 4.792 7.313 -14.458 5.042 7.313 -14.219 5.042 7.314 -13.746
4 16 7.73 16.552 -14.235 5.042 7.313 -14.219 4.792 7.313 -14.458 4.039 8.312 -15.46
4 16 7.73 16.552 -14.235 4.039 8.312 -15.46 6.54 16.888 -15.47 7.58 16.935 -14.485
1 16 6.386 11.933 -13.9865 -1.344 -1 0 -4.6195 0 -0.0005 0 0 -0.2445 rect.dat
4 16 3.398 27.705 -14.496 3.297 27.965 -14.237 3.298 27.965 -13.746 7.58 16.935 -14.485
4 16 7.58 16.935 -14.485 3.298 27.965 -13.746 7.73 16.553 -13.746 7.73 16.552 -14.235
4 16 2.716 26.711 -15.488 3.398 27.705 -14.496 7.58 16.935 -14.485 6.54 16.888 -15.47
4 16 6.365 -3 -9.338 10.31 -3 -9.338 12.14 -3.97 -9.223 16.489 -8.57 -8.68
3 16 13.02 -4.27 -9.188 16.489 -8.57 -8.68 12.14 -3.97 -9.223
3 16 14.921 -4.27 -9.188 16.489 -8.57 -8.68 13.02 -4.27 -9.188
3 16 14.953 -4.233 -9.192 16.489 -8.57 -8.68 14.921 -4.27 -9.188
3 16 10.31 -3 -9.496 10.31 -3 -9.338 6.365 -3 -9.338
3 16 12.14 -3.97 -9.223 10.31 -3 -9.338 10.31 -3 -9.496
4 16 3.932 0.381 -14.096 12.14 -3.97 -9.223 10.31 -3 -9.496 3.932 0.381 -12.877
3 16 10.31 -3 -9.496 3.053 0.5 -12.996 3.932 0.381 -12.877
4 16 3.932 0.381 -12.877 3.053 0.5 -12.996 3.272 1.25 -13.746 4.194 1.25 -13.746
4 16 3.052 0.498 -14.217 2.115 1.748 -15.468 3.075 5.029 -15.468 4.743 6.279 -14.219
3 16 3.272 1.25 -13.746 3.053 0.5 -12.996 3.052 0.498 -14.217
4 16 3.272 1.25 -13.746 3.052 0.498 -14.217 4.743 6.279 -14.219 4.744 6.279 -13.746
4 16 3.932 0.381 -14.096 3.932 0.381 -12.877 4.194 1.25 -13.746 3.968 0.5 -14.479
4 16 8.341 15.004 -14.479 3.968 0.5 -14.479 4.194 1.25 -13.746 8.342 15.007 -13.746
4 16 12.14 -3.97 -9.223 3.932 0.381 -14.096 3.968 0.5 -14.479 5.012 0.5 -15.479
3 16 12.14 -3.97 -9.223 5.012 0.5 -15.479 13.02 -4.27 -9.188
4 16 13.899 0.735 -14.48 8.341 15.004 -14.479 8.342 15.007 -13.746 13.905 0.723 -13.746
4 16 8.462 11.941 -15.479 8.341 15.004 -14.479 13.899 0.735 -14.48 12.918 0.5 -15.479
3 16 13.947 0.5 -14.52 12.918 0.5 -15.479 13.899 0.735 -14.48
4 16 3.968 0.5 -14.479 8.341 15.004 -14.479 8.462 11.941 -15.479 5.012 0.5 -15.479
4 16 13.02 -4.27 -9.188 5.012 0.5 -15.479 12.918 0.5 -15.479 14.921 -4.27 -9.188
4 16 14.953 -4.233 -9.192 14.921 -4.27 -9.188 12.918 0.5 -15.479 13.947 0.5 -14.52
4 16 13.947 0.5 -14.52 13.899 0.735 -14.48 13.905 0.723 -13.746 14.953 -4.233 -9.192
3 16 14.953 -4.233 -9.192 13.905 0.723 -13.746 14.892 -2.081 -11.245
3 16 14.892 -2.081 -11.245 13.905 0.723 -13.746 14.817 0.539 -13.746
4 16 16.489 -8.57 -8.68 14.953 -4.233 -9.192 14.892 -2.081 -11.245 16.472 1.764 -19.263
3 16 14.892 -2.081 -11.245 14.817 0.539 -13.746 16.472 1.764 -19.263
3 16 14.817 0.539 -13.746 5.06 24.935 -13.746 16.472 1.764 -19.263
4 16 3.568 27.965 -10 6.406 27.013 -10 6.399 27.015 -13.746 3.568 27.965 -13.746
4 16 6.701 26.402 -13.746 6.399 27.015 -13.746 6.406 27.013 -10 17.504 4.509 -10
3 16 6.701 26.402 -13.746 17.504 4.509 -10 16.784 5.943 -18.618
4 16 16.784 5.943 -18.618 16.472 1.764 -19.263 5.06 24.935 -13.746 6.701 26.402 -13.746
3 16 16.472 1.764 -19.263 31.774 -2.942 -11.681 31.252 -5.885 -12.135
3 16 16.472 1.764 -19.263 16.784 5.943 -18.618 31.774 -2.942 -11.681
3 16 31.774 -2.942 -11.681 31.469 -2.95 -10 31.744 -3.12 -9.781
3 16 31.774 -2.942 -11.681 17.504 4.509 -10 31.469 -2.95 -10
3 16 16.784 5.943 -18.618 17.504 4.509 -10 31.774 -2.942 -11.681
3 16 31.252 -5.885 -12.135 16.489 -8.57 -8.68 16.472 1.764 -19.263
3 16 31.252 -5.885 -12.135 30.778 -8.57 -8.68 16.489 -8.57 -8.68
4 16 31.343 -5.394 -6.855 30.778 -8.57 -8.68 31.252 -5.885 -12.135 31.744 -3.12 -9.781
3 16 31.744 -3.12 -9.781 31.252 -5.885 -12.135 31.774 -2.942 -11.681
4 16 30.778 -8.57 -8.68 31.343 -5.394 -6.855 31.343 -5.395 -0.188 30.804 -8.539 12.498
3 16 30.804 -8.539 12.498 31.343 -5.395 -0.188 31.358 -5.394 7.958
4 16 30.804 -8.539 12.498 31.358 -5.394 7.958 31.756 -3.163 10.189 31.038 -7.226 13.805
3 16 31.756 -3.163 10.189 31.758 -3.164 12.3 31.038 -7.226 13.805
4 16 31.343 -5.394 -6.855 31.744 -3.12 -9.781 31.469 -2.95 -10 18.202 -2.95 -10
3 16 18.202 -5.394 -6.855 31.343 -5.394 -6.855 18.202 -2.95 -10
4 16 14.75 -2.976 -10 14.75 2.449 -2.467 14.75 3.45 -4.643 14.75 3.45 -10
4 16 14.75 2.126 -0.094 14.75 2.449 -2.467 14.75 -2.976 -10 14.75 -3.325 10
3 16 14.75 -3.325 10 14.75 2.508 2.27 14.75 2.126 -0.094
3 16 14.75 -3.325 10 14.75 3.564 4.42 14.75 2.508 2.27
4 16 14.75 -3.325 10 14.75 5.2 10 14.75 5.2 6.169 14.75 3.564 4.42
1 16 16.476 3.45 -7.3215 0 0 -1.726 0 -1 0 -2.6785 0 0 rect.dat
4 16 18.202 0.52 -10 18.202 3.45 -10 18.202 3.45 -4.643 18.202 2.449 -2.467
4 16 18.202 -5.394 -6.855 18.202 -2.95 -10 18.202 0.52 -10 18.202 2.449 -2.467
4 16 18.202 -5.394 -6.855 18.202 2.449 -2.467 18.202 2.126 -0.094 18.202 -5.394 7.958
3 16 18.202 -5.394 7.958 18.202 2.126 -0.094 18.202 2.508 2.27
4 16 18.202 -5.394 7.958 18.202 2.508 2.27 18.202 3.564 4.42 18.202 -1.986 11.366
4 16 18.202 -1.986 11.366 18.202 3.564 4.42 18.202 4.023 5.023 18.202 4.023 11.366
4 16 18.202 2.449 -2.467 18.202 3.45 -4.643 14.75 3.45 -4.643 14.75 2.449 -2.467
4 16 14.75 2.126 -0.094 18.202 2.126 -0.094 18.202 2.449 -2.467 14.75 2.449 -2.467
4 16 18.202 2.508 2.27 18.202 2.126 -0.094 14.75 2.126 -0.094 14.75 2.508 2.27
4 16 14.75 3.564 4.42 18.202 3.564 4.42 18.202 2.508 2.27 14.75 2.508 2.27
3 16 18.202 3.564 4.42 14.75 3.564 4.42 18.202 4.023 5.023
3 16 18.202 4.023 5.023 14.75 3.564 4.42 15.981 5.2 6.169
3 16 15.981 5.2 6.169 14.75 3.564 4.42 14.75 5.2 6.169
4 16 9.342 0 -10 8.707 0 10 14.75 -3.325 10 14.75 -2.976 -10
1 16 15.3655 5.2 8.0845 0.6155 0 0 0 -1 0 0 0 -1.9155 rect.dat
4 16 18.202 4.023 5.023 15.981 5.2 6.169 15.981 5.2 10 18.202 4.023 11.366
4 16 12.155 7.229 14.34 18.202 4.023 11.366 15.981 5.2 10 12.155 7.229 10
4 16 18.202 4.023 11.366 12.155 7.229 14.34 31.754 -3.162 12.301 29.536 -1.986 11.366
3 16 31.754 -3.162 12.301 31.758 -3.164 12.3 31.756 -3.163 10.189
3 16 31.754 -3.162 12.301 31.756 -3.163 10.189 29.536 -1.986 11.366
4 16 12.155 7.229 10 6.477 13.671 10 6.477 13.671 13.458 12.155 7.229 14.34
4 16 31.343 -5.395 -0.188 31.343 -5.394 -6.855 18.202 -5.394 -6.855 18.202 -5.394 7.958
3 16 18.202 -5.394 7.958 31.358 -5.394 7.958 31.343 -5.395 -0.188
4 16 30.778 -8.57 -8.68 30.804 -8.539 12.498 16.491 -8.576 12.532 16.489 -8.57 -8.68
4 16 16.491 -8.576 12.532 30.804 -8.539 12.498 31.038 -7.226 13.805 15.831 -7.665 13.458
3 16 15.831 -7.665 13.458 31.038 -7.226 13.805 12.04 -2.497 18.658
4 16 18.202 -5.394 7.958 18.202 -1.986 11.366 29.536 -1.986 11.366 31.358 -5.394 7.958
3 16 29.536 -1.986 11.366 31.756 -3.163 10.189 31.358 -5.394 7.958
3 16 12.04 -2.497 18.658 12.155 7.229 14.34 6.477 13.671 13.458
3 16 12.04 -2.497 18.658 31.754 -3.162 12.301 12.155 7.229 14.34
3 16 31.758 -3.164 12.3 12.04 -2.497 18.658 31.038 -7.226 13.805
3 16 6.477 13.671 13.458 11.155 -2.5 13.458 12.04 -2.497 18.658
3 16 6 0 -6 9.342 0 -10 0 0 -6
4 16 8.707 0 10 9.342 0 -10 6 0 0 6 0 6
3 16 6 0 -6 6 0 0 9.342 0 -10
3 16 0 0 6 8.707 0 10 6 0 6
2 24 29.536 -1.986 11.366 18.202 -1.986 11.366
2 24 18.202 -1.986 11.366 18.202 4.023 11.366
2 24 18.202 4.023 11.366 29.536 -1.986 11.366
2 24 12.918 0.5 -15.479 5.012 0.5 -15.479
2 24 5.012 0.5 -15.479 8.462 11.941 -15.479
2 24 8.462 11.941 -15.479 12.918 0.5 -15.479
2 24 6.365 -3 5.22 7.63 -3 3.253
5 24 7.63 -3 3.253 7.63 -3.696 3.253 6.365 -3 5.22 8.314 -3 0
2 24 7.63 -3.696 3.253 6.365 -3 5.22
2 24 7.63 -3 3.253 8.314 -3 0
5 24 8.314 -3 0 8.314 -4.073 0 7.63 -3.696 3.253 7.63 -3.696 -3.779
2 24 8.314 -4.073 0 7.63 -3.696 3.253
2 24 7.63 -3.696 -3.779 8.314 -4.073 0
2 24 8.314 -3 0 7.63 -3 -3.779
5 24 7.63 -3 -3.779 7.63 -3.696 -3.779 8.314 -3 0 6.365 -3 -5.747
2 24 7.63 -3 -3.779 6.365 -3 -5.747
2 24 6.365 -3 -5.747 7.63 -3.696 -3.779
2 24 6.365 -3 -9.338 16.489 -8.57 -8.68
2 24 6.365 -3 -5.747 6.365 -3 -9.338
2 24 16.489 -8.57 -8.68 16.491 -8.576 12.532
2 24 16.491 -8.576 12.532 6.365 -3 12.529
2 24 6.365 -3 12.529 6.365 -3 5.22
5 24 7.292 -3 13.458 6.365 -3 12.529 15.831 -7.665 13.458 -7.292 -3 13.458
5 24 6.365 -3 12.529 15.831 -7.665 13.458 7.292 -3 13.458 16.491 -8.576 12.532
2 24 15.831 -7.665 13.458 7.292 -3 13.458
2 24 16.491 -8.576 12.532 15.831 -7.665 13.458
2 24 11.155 -2.5 13.458 6.477 13.671 13.458
2 24 15.831 -7.665 13.458 11.155 -2.5 13.458
2 24 15.831 -7.665 13.458 12.04 -2.497 18.658
2 24 12.04 -2.497 18.658 11.155 -2.5 13.458
2 24 6.477 13.671 13.458 6.477 13.671 10
2 24 6.477 13.671 10 12.155 7.229 10
2 24 14.75 5.2 10 14.75 -3.325 10
2 24 14.75 -3.325 10 8.707 0 10
2 24 12.155 7.229 10 15.981 5.2 10
2 24 6.406 27.013 -10 3.568 27.965 -10
2 24 17.504 4.509 -10 6.406 27.013 -10
2 24 31.469 -2.95 -10 17.504 4.509 -10
2 24 18.202 3.45 -10 18.202 0.52 -10
2 24 18.202 0.52 -10 18.202 -2.95 -10
2 24 18.202 -2.95 -10 31.469 -2.95 -10
2 24 14.75 -2.976 -10 14.75 3.45 -10
2 24 9.342 0 -10 14.75 -2.976 -10
2 24 8.342 15.007 -13.746 4.194 1.25 -13.746
2 24 4.194 1.25 -13.746 3.272 1.25 -13.746
2 24 3.272 1.25 -13.746 4.744 6.279 -13.746
2 24 5.06 24.935 -13.746 14.817 0.539 -13.746
2 24 14.817 0.539 -13.746 13.905 0.723 -13.746
2 24 13.905 0.723 -13.746 8.342 15.007 -13.746
2 24 3.298 27.965 -13.746 3.568 27.965 -13.746
2 24 7.73 16.553 -13.746 3.298 27.965 -13.746
2 24 3.568 27.965 -13.746 6.399 27.015 -13.746
2 24 6.399 27.015 -13.746 6.701 26.402 -13.746
2 24 6.701 26.402 -13.746 5.06 24.935 -13.746
2 24 3.298 27.965 -13.746 3.297 27.965 -14.237
5 24 3.568 27.965 -10 3.568 27.965 -13.746 3.298 27.965 -13.746 6.399 27.015 -13.746
2 24 4.792 7.313 -14.458 5.042 7.313 -14.219
2 24 4.792 7.313 -14.458 4.039 8.312 -15.46
2 24 4.039 8.312 -15.46 6.54 16.888 -15.47
5 24 6.54 16.888 -15.47 7.58 16.935 -14.485 7.73 16.552 -14.235 2.716 26.711 -15.488
2 24 7.58 16.935 -14.485 7.73 16.552 -14.235
2 24 3.398 27.705 -14.496 2.716 26.711 -15.488
2 24 3.297 27.965 -14.237 3.398 27.705 -14.496
2 24 7.58 16.935 -14.485 3.398 27.705 -14.496
2 24 6.54 16.888 -15.47 2.716 26.711 -15.488
2 24 10.31 -3 -9.338 12.14 -3.97 -9.223
2 24 6.365 -3 -9.338 10.31 -3 -9.338
2 24 12.14 -3.97 -9.223 13.02 -4.27 -9.188
2 24 13.02 -4.27 -9.188 14.921 -4.27 -9.188
5 24 14.921 -4.27 -9.188 16.489 -8.57 -8.68 13.02 -4.27 -9.188 14.953 -4.233 -9.192
2 24 14.921 -4.27 -9.188 14.953 -4.233 -9.192
2 24 14.953 -4.233 -9.192 16.489 -8.57 -8.68
5 24 10.31 -3 -9.496 10.31 -3 -9.338 6.365 -3 -9.338 12.14 -3.97 -9.223
2 24 3.932 0.381 -14.096 12.14 -3.97 -9.223
2 24 10.31 -3 -9.496 3.932 0.381 -12.877
2 24 3.932 0.381 -12.877 3.932 0.381 -14.096
2 24 3.053 0.5 -12.996 3.272 1.25 -13.746
2 24 4.194 1.25 -13.746 3.932 0.381 -12.877
2 24 3.052 0.498 -14.217 3.053 0.5 -12.996
2 24 4.744 6.279 -13.746 4.743 6.279 -14.219
2 24 4.743 6.279 -14.219 3.075 5.029 -15.468
2 24 2.115 1.748 -15.468 3.052 0.498 -14.217
2 24 2.115 1.748 -15.468 3.075 5.029 -15.468
2 24 4.743 6.279 -14.219 3.052 0.498 -14.217
2 24 3.968 0.5 -14.479 3.932 0.381 -14.096
2 24 8.341 15.004 -14.479 3.968 0.5 -14.479
2 24 8.342 15.007 -13.746 8.341 15.004 -14.479
2 24 3.968 0.5 -14.479 5.012 0.5 -15.479
2 24 5.012 0.5 -15.479 13.02 -4.27 -9.188
2 24 13.899 0.735 -14.48 8.341 15.004 -14.479
5 24 13.905 0.723 -13.746 13.899 0.735 -14.48 8.342 15.007 -13.746 13.947 0.5 -14.52
2 24 8.462 11.941 -15.479 8.341 15.004 -14.479
2 24 13.899 0.735 -14.48 13.947 0.5 -14.52
2 24 13.947 0.5 -14.52 12.918 0.5 -15.479
2 24 12.918 0.5 -15.479 14.921 -4.27 -9.188
2 24 13.947 0.5 -14.52 14.953 -4.233 -9.192
2 24 13.905 0.723 -13.746 14.953 -4.233 -9.192
2 24 14.892 -2.081 -11.245 14.953 -4.233 -9.192
2 24 14.817 0.539 -13.746 14.892 -2.081 -11.245
2 24 16.472 1.764 -19.263 16.489 -8.57 -8.68
2 24 5.06 24.935 -13.746 16.472 1.764 -19.263
2 24 6.406 27.013 -10 6.399 27.015 -13.746
2 24 16.784 5.943 -18.618 6.701 26.402 -13.746
2 24 17.504 4.509 -10 16.784 5.943 -18.618
2 24 16.784 5.943 -18.618 16.472 1.764 -19.263
2 24 31.252 -5.885 -12.135 16.472 1.764 -19.263
5 24 16.472 1.764 -19.263 31.774 -2.942 -11.681 31.252 -5.885 -12.135 16.784 5.943 -18.618
2 24 31.774 -2.942 -11.681 31.252 -5.885 -12.135
2 24 16.784 5.943 -18.618 31.774 -2.942 -11.681
2 24 31.744 -3.12 -9.781 31.774 -2.942 -11.681
5 24 31.774 -2.942 -11.681 31.469 -2.95 -10 31.744 -3.12 -9.781 17.504 4.509 -10
2 24 31.469 -2.95 -10 31.744 -3.12 -9.781
5 24 31.774 -2.942 -11.681 17.504 4.509 -10 31.469 -2.95 -10 16.784 5.943 -18.618
5 24 31.252 -5.885 -12.135 16.489 -8.57 -8.68 16.472 1.764 -19.263 30.778 -8.57 -8.68
2 24 31.252 -5.885 -12.135 30.778 -8.57 -8.68
2 24 30.778 -8.57 -8.68 16.489 -8.57 -8.68
2 24 31.744 -3.12 -9.781 31.343 -5.394 -6.855
2 24 31.343 -5.394 -6.855 31.343 -5.395 -0.188
5 24 31.343 -5.395 -0.188 30.804 -8.539 12.498 30.778 -8.57 -8.68 31.358 -5.394 7.958
2 24 30.804 -8.539 12.498 30.778 -8.57 -8.68
2 24 31.343 -5.395 -0.188 31.358 -5.394 7.958
2 24 31.358 -5.394 7.958 31.756 -3.163 10.189
2 24 31.038 -7.226 13.805 30.804 -8.539 12.498
2 24 31.756 -3.163 10.189 31.758 -3.164 12.3
2 24 31.758 -3.164 12.3 31.038 -7.226 13.805
2 24 18.202 -2.95 -10 18.202 -5.394 -6.855
2 24 18.202 -5.394 -6.855 31.343 -5.394 -6.855
2 24 14.75 2.449 -2.467 14.75 3.45 -4.643
2 24 14.75 2.126 -0.094 14.75 2.449 -2.467
2 24 14.75 -2.976 -10 14.75 -3.325 10
2 24 14.75 2.508 2.27 14.75 2.126 -0.094
2 24 14.75 3.564 4.42 14.75 2.508 2.27
2 24 14.75 5.2 6.169 14.75 3.564 4.42
2 24 18.202 3.45 -4.643 18.202 2.449 -2.467
2 24 18.202 2.449 -2.467 18.202 2.126 -0.094
2 24 18.202 -5.394 7.958 18.202 -5.394 -6.855
2 24 18.202 2.126 -0.094 18.202 2.508 2.27
2 24 18.202 2.508 2.27 18.202 3.564 4.42
2 24 18.202 -1.986 11.366 18.202 -5.394 7.958
2 24 18.202 3.564 4.42 18.202 4.023 5.023
2 24 18.202 4.023 5.023 18.202 4.023 11.366
5 24 14.75 2.449 -2.467 18.202 2.449 -2.467 14.75 3.45 -4.643 14.75 2.126 -0.094
5 24 14.75 2.126 -0.094 18.202 2.126 -0.094 18.202 2.449 -2.467 18.202 2.508 2.27
5 24 14.75 2.508 2.27 18.202 2.508 2.27 14.75 2.126 -0.094 14.75 3.564 4.42
5 24 14.75 3.564 4.42 18.202 3.564 4.42 18.202 2.508 2.27 18.202 4.023 5.023
5 24 14.75 3.564 4.42 18.202 4.023 5.023 18.202 3.564 4.42 15.981 5.2 6.169
5 24 14.75 3.564 4.42 15.981 5.2 6.169 18.202 4.023 5.023 14.75 5.2 6.169
2 24 15.981 5.2 6.169 18.202 4.023 5.023
2 24 9.342 0 -10 8.707 0 10
2 24 12.155 7.229 10 12.155 7.229 14.34
2 24 12.155 7.229 14.34 31.754 -3.162 12.301
5 24 31.756 -3.163 10.189 31.754 -3.162 12.301 31.758 -3.164 12.3 29.536 -1.986 11.366
2 24 31.754 -3.162 12.301 31.758 -3.164 12.3
2 24 31.756 -3.163 10.189 29.536 -1.986 11.366
2 24 6.477 13.671 13.458 12.155 7.229 14.34
2 24 18.202 -5.394 7.958 31.358 -5.394 7.958
2 24 30.804 -8.539 12.498 16.491 -8.576 12.532
5 24 31.038 -7.226 13.805 15.831 -7.665 13.458 16.491 -8.576 12.532 12.04 -2.497 18.658
2 24 31.038 -7.226 13.805 12.04 -2.497 18.658
2 24 6.477 13.671 13.458 12.04 -2.497 18.658
5 24 12.04 -2.497 18.658 12.155 7.229 14.34 6.477 13.671 13.458 31.754 -3.162 12.301
5 24 12.04 -2.497 18.658 31.754 -3.162 12.301 12.155 7.229 14.34 31.758 -3.164 12.3
5 24 31.758 -3.164 12.3 12.04 -2.497 18.658 31.038 -7.226 13.805 31.754 -3.162 12.301
5 24 6.701 26.402 -13.746 17.504 4.509 -10 16.784 5.943 -18.618 6.399 27.015 -13.746