0 ~Minifig Armour Shoulder Pads Square without Front Surface
0 Name: s\15437s01.dat
0 Author: Magnus Forsberg [MagFors]
0 !LDRAW_ORG Subpart UPDATE 2026-01
0 !LICENSE Licensed under CC BY 4.0 : see CAreadme.txt

0 BFC CERTIFY CCW

0 !HISTORY 2026-01-29 [OrionP] Official Update 2026-01

1 16 0 0 0 1 0 0 0 1 0 0 0 1 s\15437s02.dat
1 16 0 0 0 -1 0 0 0 1 0 0 0 1 s\15437s02.dat
1 16 0 0 0 6 0 0 0 -1 0 0 0 6 4-4ndis.dat
1 16 0 -3 0 6 0 0 0 1 0 0 0 6 4-4ndis.dat
0 BFC INVERTNEXT
1 16 0 0 0 6 0 0 0 -3 0 0 0 6 4-4cylo.dat

4 16 7.292 -3 13.458 -7.292 -3 13.458 -6.365 -3 12.529 6.365 -3 12.529
3 16 -6.365 -3 12.529 0 -3 6 6.365 -3 12.529
3 16 0 -3 -6 -6.365 -3 -9.338 6.365 -3 -9.338
4 16 -6.477 13.671 13.458 -7.292 -3 13.458 7.292 -3 13.458 6.477 13.671 13.458
1 16 0 13.671 11.729 -6.477 0 0 0 -1 0 0 0 1.729 rect2p.dat
4 16 -6.477 13.671 10 6.477 13.671 10 8.707 0 10 -8.707 0 10
4 16 9.342 0 -10 3.568 27.965 -10 -3.568 27.965 -10 -9.342 0 -10
4 16 5.042 7.314 -13.746 4.744 6.279 -13.746 -4.744 6.279 -13.746 -5.045 7.322 -13.746
4 16 3.298 27.965 -13.746 -3.298 27.965 -13.746 -3.568 27.965 -10 3.568 27.965 -10
1 16 0 27.965 -13.9935 -0.0005 0 -3.298 0 -1 0 -0.2455 0 0 rect1.dat
4 16 5.042 7.314 -13.746 -5.045 7.322 -13.746 -4.784 7.321 -14.468 4.792 7.313 -14.458
4 16 4.792 7.313 -14.458 -4.784 7.321 -14.468 -4.032 8.318 -15.469 4.039 8.312 -15.46
4 16 2.716 26.711 -15.488 -2.709 26.711 -15.494 -3.395 27.713 -14.496 3.398 27.705 -14.496
4 16 -3.395 27.713 -14.496 -3.297 27.965 -14.245 3.297 27.965 -14.237 3.398 27.705 -14.496
4 16 -6.365 -3 -9.338 -10.31 -3 -9.496 10.31 -3 -9.496 6.365 -3 -9.338
4 16 3.053 0.5 -12.996 10.31 -3 -9.496 -10.31 -3 -9.496 -3.053 0.5 -12.996
1 16 0 0.49925 -13.60675 -3.053 0 -0.0005 0 1 -0.001 0 0 -0.6105 rect2p.dat
1 16 0 6.279 -13.9825 -4.743 0 0.0005 0 -1 0 0 0 0.2365 rect2p.dat
4 16 -4.743 6.279 -14.219 4.743 6.279 -14.219 3.075 5.029 -15.468 -3.075 5.029 -15.468
4 16 -3.052 0.499 -14.218 -2.115 1.748 -15.468 2.115 1.748 -15.468 3.052 0.498 -14.217
3 16 9.342 0 -10 -9.342 0 -10 0 0 -6
3 16 8.707 0 10 0 0 6 -8.707 0 10
2 24 7.292 -3 13.458 -7.292 -3 13.458
2 24 -6.365 -3 12.529 6.365 -3 12.529
2 24 8.707 0 10 -8.707 0 10
2 24 3.568 27.965 -10 -3.568 27.965 -10
2 24 -9.342 0 -10 9.342 0 -10
2 24 -5.045 7.322 -13.746 5.042 7.314 -13.746
2 24 -4.784 7.321 -14.468 4.792 7.313 -14.458
2 24 -4.032 8.318 -15.469 4.039 8.312 -15.46
2 24 2.716 26.711 -15.488 -2.709 26.711 -15.494
2 24 -10.31 -3 -9.496 10.31 -3 -9.496
2 24 3.075 5.029 -15.468 -3.075 5.029 -15.468
2 24 -2.115 1.748 -15.468 2.115 1.748 -15.468
5 24 0 0 6 0 -3 6 -3.125 -3 5.413 3.125 -3 5.413
5 24 0 0 -6 0 -3 -6 3.125 0 -5.413 -3.125 0 -5.413
