0 ~Duplo Arch  2 x  8 x  2 without Front Face - Half
0 Name: s\18652s01.dat
0 Author: Peter Blomberg [WUIt]
0 !LDRAW_ORG Subpart UPDATE 2025-08
0 !LICENSE Licensed under CC BY 4.0 : see CAreadme.txt

0 BFC CERTIFY CCW

0 !HISTORY 2025-08-31 [OrionP] Official Update 2025-08

0 // bottom cylinder
1 16 120 4 0 1 0 0 0 -22 0 0 0 1 stud8.dat

0 // middle inside
4 16 40 48 -36 36 48 -36 36 48 36 40 48 36
3 16 36 48 36 40 48 40 40 48 36
3 16 36 48 -36 40 48 -36 40 48 -40
1 16 20 4 -34 1.5 0 0 0 43 0 0 0 2 box4-1.dat
1 16 20 4 34 1.5 0 0 0 43 0 0 0 -2 box4-1.dat
1 16 34 4 -20 0 0 -2 0 43 0 1.5 0 0 box4-1.dat
1 16 34 4 20 0 0 -2 0 43 0 1.5 0 0 box4-1.dat

0 // end insides
0 BFC INVERTNEXT
1 16 120 96 0 36 0 0 0 -92 0 0 0 36 box5.dat
4 16 160 96 40 156 96 36 84 96 36 80 96 40
4 16 80 96 36 84 96 36 84 96 -36 80 96 -36
4 16 80 96 -40 84 96 -36 156 96 -36 160 96 -40
4 16 160 96 -40 156 96 -36 156 96 36 160 96 40
2 24 160 96 -40 80 96 -40
2 24 160 96 40 80 96 40
1 16 140 4 -34 1.5 0 0 0 91 0 0 0 2 box4-1.dat
1 16 100 4 -34 1.5 0 0 0 91 0 0 0 2 box4-1.dat
1 16 140 4 34 1.5 0 0 0 91 0 0 0 -2 box4-1.dat
1 16 100 4 34 1.5 0 0 0 91 0 0 0 -2 box4-1.dat
1 16 86 4 -20 0 0 2 0 91 0 -1.5 0 0 box4-1.dat
1 16 154 4 -20 0 0 -2 0 91 0 1.5 0 0 box4-1.dat
1 16 86 4 20 0 0 2 0 91 0 -1.5 0 0 box4-1.dat
1 16 154 4 20 0 0 -2 0 91 0 1.5 0 0 box4-1.dat

0 // arch cavities
0 BFC INVERTNEXT
1 16 60 26 0 0 0 -20 0 -22 0 36 0 0 box2-5.dat
1 16 80 50 0 0 1 0 46 0 0 0 0 36 rect2p.dat
2 24 80 96 40 80 96 36
2 24 80 96 36 80 96 -36
2 24 80 96 -36 80 96 -40

0 // curved arches with side edges
0 // Curvature copied from official part 4198s01.dat authored by [Philo]
0 BFC INVERTNEXT
1 16 32 96 -40 48 0 0 0 0 -48.8 0 4 0 48\5-24cylo.dat
4 16 40 48 -40 40 48 -36 44.4224 48.8641 -36 44.4224 48.8641 -40
5 24 44.4224 48.8641 40 44.4224 48.8641 36 40 48 36 50.3696 50.9137 40
2 24 40 48 -40 44.4224 48.8641 -40
2 24 40 48 -40 40 48 -36
2 24 40 48 -36 44.4224 48.8641 -36

0 BFC INVERTNEXT
1 16 32 96 40 48 0 0 0 0 -48.8 0 -4 0 48\5-24cylo.dat
4 16 40 48 40 44.4224 48.8641 40 44.4224 48.8641 36 40 48 36
5 24 44.4224 48.8641 -40 44.4224 48.8641 -36 40 48 -36 50.3696 50.9137 -40
2 24 44.4224 48.8641 40 40 48 40
2 24 40 48 36 44.4224 48.8641 36
2 24 40 48 36 40 48 40

0 // curvature complement inside
1 16 32 96 36 48 0 0 0 0 -48.8 0 1 0 48\5-24ndis.dat
4 16 80 4 36 40 48 36 44.4224 48.8641 36 80 47.2 36
3 16 80 4 36 40 4 36 40 48 36

1 16 32 96 -36 48 0 0 0 0 -48.8 0 -1 0 48\5-24ndis.dat
4 16 80 4 -36 80 47.2 -36 44.4224 48.8641 -36 40 48 -36
3 16 80 4 -36 40 48 -36 40 4 -36

0 // back surface
1 16 32 96 40 48 0 0 0 0 -48.8 0 -1 0 48\5-24ndis.dat
4 16 160 96 40 80 96 40 80 47.2 40 160 0 40
4 16 160 0 40 80 47.2 40 44.4224 48.8641 40 40 48 40

3 16 80 96 36 80 96 40 84 96 36
3 16 80 96 -36 84 96 -36 80 96 -40