0 ~Train Track  9V Switch Right - Straight End Sleeper Common Areas
0 Name: s\2859s06.dat
0 Author: Max Martin Richter [MMR1988]
0 !LDRAW_ORG Subpart UPDATE 2025-08
0 !LICENSE Licensed under CC BY 4.0 : see CAreadme.txt

0 BFC CERTIFY CCW

0 !HISTORY 2025-08-31 [OrionP] Official Update 2025-08

1 16 1.5 -16 -1 1 0 0 0 .5 0 0 0 1 1-4cylo.dat
4 16 2.5 -15.5 -1 2.5 -16 -1 2.5 -16 -3.125 2.5 -15.5 -2.625
4 16 2.5 -11 -2.625 2.5 -15.5 -2.625 2.5 -16 -3.125 2.5 -11 -3.125
1 16 .75 -15.75 0 0 0 -.75 .25 0 0 0 -1 0 rect3.dat
1 16 1.5 -15.5 -1 1 0 0 0 1 0 0 0 1 1-4ndis.dat
1 16 1.5 -16 -1 1 0 0 0 1 0 0 0 1 1-4chrd.dat
4 16 0 -16 -3.125 2.5 -16 -3.125 2.5 -16 -1 1.5 -16 0
3 16 1.5 -16 0 0 -16 0 0 -16 -3.125

4 16 2.5 -16 -3.125 0 -16 -3.125 0 -3.75 -3.125 2.5 -11 -3.125
4 16 0 -16 -3.125 0 -16 0 0 -15.5 0 0 -3.75 -3.125

3 16 0 -15.5 .5 0 -15.5 0 1.5 -15.5 0
4 16 0 -15.5 .5 1.5 -15.5 0 2.5 -15.5 0 12.5 -15.5 2.625
4 16 2.5 -15.5 -1 12.5 -15.5 -2.625 12.5 -15.5 2.625 2.5 -15.5 0
3 16 2.5 -15.5 -2.625 12.5 -15.5 -2.625 2.5 -15.5 -1
3 16 0 -15.5 .5 12.5 -15.5 2.625 -10 -15.5 2.625

4 16 2.5 -11 -2.625 12.5 -11 -2.625 12.5 -11.5 -2.625 2.5 -15.5 -2.625
3 16 12.5 -11.5 -2.625 12.5 -15.5 -2.625 2.5 -15.5 -2.625
1 16 7.5 -11 -2.875 0 0 -5 0 1 0 -.25 0 0 rect3.dat
3 16 12.5 -3.75 -3.125 12.5 -5.25 -3.125 0 -3.75 -3.125
4 16 2.5 -11 -3.125 0 -3.75 -3.125 12.5 -5.25 -3.125 12.5 -11 -3.125
4 16 12.5 -3.75 -3.125 0 -3.75 -3.125 0 -2.5 -7.5 12.5 -3.178571 -5.125

4 16 0 -2.5 7.5 0 -3.75 3.125 12.5 -3.75 3.125 12.5 -3.178571 5.125
3 16 12.5 -5.25 3.125 12.5 -3.75 3.125 0 -3.75 3.125
4 16 0 -3.75 3.125 0 -11 3.125 12.5 -11 3.125 12.5 -5.25 3.125
4 16 0 -11 3.125 -10 -11 2.625 12.5 -11 2.625 12.5 -11 3.125
4 16 -10 -11 2.625 -10 -15.5 2.625 12.5 -15.5 2.625 12.5 -11.5 2.625
3 16 12.5 -11.5 2.625 12.5 -11 2.625 -10 -11 2.625
2 24 0 -3.75 -3.125 12.5 -3.75 -3.125
2 24 0 -3.75 3.125 12.5 -3.75 3.125
2 24 0 -11 3.125 12.5 -11 3.125
2 24 12.5 -11 2.625 -10 -11 2.625
2 24 0 -16 0 0 -16 -3.125
2 24 0 -16 -3.125 2.5 -16 -3.125
2 24 2.5 -16 -1 2.5 -16 -3.125
2 24 0 -16 -3.125 0 -3.75 -3.125
2 24 2.5 -16 -3.125 2.5 -11 -3.125
2 24 2.5 -11 -2.625 2.5 -15.5 -2.625
2 24 2.5 -15.5 -2.625 2.5 -15.5 -1
2 24 0 -15.5 0 0 -15.5 .5
2 24 -10 -15.5 2.625 12.5 -15.5 2.625
2 24 2.5 -15.5 -2.625 12.5 -15.5 -2.625
