0 ~Train Track  9V Switch Right - Switch Stand Mount Quarter
0 Name: s\2859s07.dat
0 Author: Max Martin Richter [MMR1988]
0 !LDRAW_ORG Subpart UPDATE 2025-08
0 !LICENSE Licensed under CC BY 4.0 : see CAreadme.txt

0 BFC CERTIFY CCW

0 !HISTORY 2025-08-31 [OrionP] Official Update 2025-08

0 BFC INVERTNEXT
1 16 -2 -24 0 0 4 0 2.5 0 0 0 0 -2.5 5-16cylo.dat
1 16 0 -26.460116 -2 2 0 0 0 0 1.039884 0 -1 0 rect3.dat
1 16 -2 -27.5 -3 0 4 0 0 0 -1 1 0 0 1-4cylo.dat
1 16 -2 -23.640126 -3 0 4 0 -4.859873 0 0 0 0 -3.247104 1-8cylo.dat
4 16 2 -27.076542 -5.296027 -2 -27.076542 -5.296027 -2 -25.5 -6 2 -25.5 -6
1 16 0 -12.75 -7.625 0 0 2 12.75 1 0 -1.625 0 0 rect2p.dat
4 16 -2 -24.95675 -2.30975 -2 -25.420232 -2 2 -25.420232 -2 2 -24.95675 -2.30975
2 24 2 -27.076542 -5.296027 2 -25.5 -6
2 24 -2 -27.076542 -5.296027 -2 -25.5 -6
2 24 2 -25.420232 -2 2 -24.95675 -2.30975
2 24 -2 -25.420232 -2 -2 -24.95675 -2.30975

1 16 -2 -24 0 0 1 0 2.5 0 0 0 0 -2.5 5-16ndis.dat
1 16 -2 -27.5 -3 0 1 0 0 0 -1 1 0 0 1-4chrd.dat
1 16 -2 -23.640126 -3 0 1 0 -4.859873 0 0 0 0 -3.247104 1-8chrd.dat
4 16 -2 -26.5 -2.5 -2 -27.5 -2 -2 -25.420232 -2 -2 -24.95675 -2.30975
4 16 -2 -28.5 -3 -2 -27.5 -2 -2 -26.5 -2.5 -2 -27.076542 -5.296027
4 16 -2 -27.076542 -5.296027 -2 -26.5 -2.5 -2 -24 -2.5 -2 -25.5 -6
4 16 -2 -25.5 -6 -2 -24 -2.5 -2 -21.5 -2.5 -2 0 -9.25
2 24 -2 0 -9.25 -2 0 -1.25

1 16 2 -24 0 0 -1 0 2.5 0 0 0 0 -2.5 5-16ndis.dat
1 16 2 -27.5 -3 0 -1 0 0 0 -1 1 0 0 1-4chrd.dat
1 16 2 -23.640126 -3 0 -1 0 -4.859873 0 0 0 0 -3.247104 1-8chrd.dat
4 16 2 -26.5 -2.5 2 -24.95675 -2.30975 2 -25.420232 -2 2 -27.5 -2
4 16 2 -27.5 -2 2 -28.5 -3 2 -27.076542 -5.296027 2 -26.5 -2.5
4 16 2 -26.5 -2.5 2 -27.076542 -5.296027 2 -25.5 -6 2 -24 -2.5
4 16 2 -21.5 -2.5 2 -24 -2.5 2 -25.5 -6 2 0 -9.25

5 24 2 -25.5 -6 -2 -25.5 -6 -2 0 -9.25 2 -27.076542 -5.296027
5 24 -2 -27.076542 -5.296027 2 -27.076542 -5.296027 -2 -28.130163 -4.242667 -2 -25.5 -6
