0 ~Magnet Holder Plate  2 x  2 Bottom - Single Arm
0 Name: s\30159bs01.dat
0 Author: Chris Böhnke [KnightOfTarenta]
0 !LDRAW_ORG Subpart UPDATE 2025-06
0 !LICENSE Licensed under CC BY 4.0 : see CAreadme.txt

0 BFC CERTIFY CCW

0 !HISTORY 2025-06-26 [OrionP] Official Update 2025-06

0 // Outer Surface
1 16 2.5 -4.75 0 0 -1 0 0 0 2 2 0 0 2-4ndis.dat
1 16 2.5 -4.75 0 0 -1 0 0 0 -2 2 0 0 1-16tang.dat
1 16 2.5 -4.75 0 0 -1 0 0 0 -2 -2 0 0 1-16tang.dat
4 16 2.5 0 9 2.5 -4 9 2.5 -4.75 2 2.5 -2.75 2
4 16 2.5 -5.5154 1.8478 2.5 -4 9 2.5 -10.5 5.625 2.5 -10.5 3.125
3 16 2.5 -4 9 2.5 -5.1478 2 2.5 -4.75 2
4 16 2.5 0 -9 2.5 -2.75 -2 2.5 -4.75 -2 2.5 -4 -9
4 16 2.5 -5.5154 -1.8478 2.5 -10.5 -3.125 2.5 -10.5 -5.625 2.5 -4 -9
3 16 2.5 -5.1478 -2 2.5 -4 -9 2.5 -4.75 -2
3 16 2.5 -5.1478 2 2.5 -4 9 2.5 -5.5154 1.8478
3 16 2.5 -5.1478 -2 2.5 -5.5154 -1.8478 2.5 -4 -9
3 16 2.5 -2.75 0 2.5 0 9 2.5 -2.75 2
4 16 2.5 0 9 2.5 -2.75 0 2.5 -2.75 -2 2.5 0 -9

0 // Inner Surface
1 16 -2.5 -4.75 0 0 1 0 0 0 2 2 0 0 2-4ndis.dat
1 16 -2.5 -4.75 0 0 1 0 0 0 -2 2 0 0 1-16tang.dat
1 16 -2.5 -4.75 0 0 1 0 0 0 -2 -2 0 0 1-16tang.dat
3 16 -2.5 -5.1478 2 -2.5 -4 9 -2.5 -4.75 2
3 16 -2.5 -4 -9 -2.5 -5.1478 -2 -2.5 -4.75 -2
4 16 -2.5 -4.75 2 -2.5 -4 9 -2.5 0 9 -2.5 -2.75 2
3 16 -2.5 -4 9 -2.5 -5.1478 2 -2.5 -5.5154 1.8478
4 16 -2.5 -10.5 5.625 -2.5 -4 9 -2.5 -5.5154 1.8478 -2.5 -10.5 3.125
4 16 -2.5 -4.75 -2 -2.5 -2.75 -2 -2.5 0 -9 -2.5 -4 -9
3 16 -2.5 -5.5154 -1.8478 -2.5 -5.1478 -2 -2.5 -4 -9
4 16 -2.5 -10.5 -5.625 -2.5 -10.5 -3.125 -2.5 -5.5154 -1.8478 -2.5 -4 -9
3 16 -2.5 0 9 -2.5 -2.75 0 -2.5 -2.75 2
4 16 -2.5 0 9 -2.5 0 -9 -2.5 -2.75 -2 -2.5 -2.75 0

0 // Side Surfaces
0 BFC INVERTNEXT
1 16 -2.5 -4.75 0 0 5 0 0 0 2 2 0 0 2-4cylo.dat
0 BFC INVERTNEXT
1 16 -2.5 -4.75 0 0 5 0 0 0 -2 2 0 0 1-16cylo.dat
0 BFC INVERTNEXT
1 16 -2.5 -4.75 0 0 5 0 0 0 -2 -2 0 0 1-16cylo.dat
1 16 0 -2 9 -2.5 0 0 0 0 -2 0 -1 0 rect3.dat
1 16 0 -10.5 4.375 2.5 0 0 0 1 0 0 0 1.25 rect.dat
1 16 0 -10.5 -4.375 2.5 0 0 0 1 0 0 0 1.25 rect.dat
1 16 0 -2 -9 2.5 0 0 0 0 -2 0 1 0 rect3.dat
4 16 -2.5 -4 9 -2.5 -10.5 5.625 2.5 -10.5 5.625 2.5 -4 9
4 16 -2.5 -5.5154 1.8478 2.5 -5.5154 1.8478 2.5 -10.5 3.125 -2.5 -10.5 3.125
4 16 -2.5 -4 -9 2.5 -4 -9 2.5 -10.5 -5.625 -2.5 -10.5 -5.625
4 16 2.5 -5.5154 -1.8478 -2.5 -5.5154 -1.8478 -2.5 -10.5 -3.125 2.5 -10.5 -3.125

0 // Edge Lines
2 24 2.5 -5.5154 -1.8478 -2.5 -5.5154 -1.8478
2 24 -2.5 -5.5154 1.8478 2.5 -5.5154 1.8478
2 24 2.5 -4 -9 2.5 -10.5 -5.625
2 24 -2.5 -4 -9 -2.5 -10.5 -5.625
2 24 -2.5 -5.5154 -1.8478 -2.5 -10.5 -3.125
2 24 2.5 -5.5154 -1.8478 2.5 -10.5 -3.125
2 24 2.5 -5.5154 1.8478 2.5 -10.5 3.125
2 24 -2.5 -5.5154 1.8478 -2.5 -10.5 3.125
2 24 -2.5 -4 9 -2.5 -10.5 5.625
2 24 2.5 -4 9 2.5 -10.5 5.625