0 ~Windscreen  6 x  4 x  1.333 Sloped with Energy Spikes on Blue Background Half Pattern
0 Name: s\3384p01s01.dat
0 Author: Philippe Hurbain [Philo]
0 !LDRAW_ORG Subpart UPDATE 2026-01
0 !LICENSE Licensed under CC BY 4.0 : see CAreadme.txt

0 BFC CERTIFY CCW

0 !HISTORY 2026-01-29 [OrionP] Official Update 2026-01

1 16 40 30 8 0 -1 0 2 0 0 0 0 2 1-4chrd.dat
4 16 21.8739 1.8739 -24.5919 22.5325 2.5325 -19.7436 22.8888 2.8888 -14.8735 20 0 -30
4 16 24.352 28 -101.736 24.352 27.4215 -101.736 20 27.6248 -104.64 23.4794 28 -102.3182
4 16 38.636 25.9246 -80.352 36.956 26.2716 -85.308 36.956 32 -85.308 38.636 32 -80.352
4 16 36.956 26.2716 -85.308 34.64 26.6 -90 34.64 32 -90 36.956 32 -85.308
4 16 32.3182 32 -93.4794 34.64 32 -90 34.64 26.6 -90 32.3182 28 -93.4794
4 16 21.2833 1.2833 -27.4335 20 0 -30 19.828 0 -32.61 20.9058 0.9863 -29.2494
3 16 22.8256 2.8256 10 20 0 10 23.0134 3.0134 -8.0282
4 16 22.8888 2.8888 -14.8735 23.0134 3.0134 -8.0282 20 0 10 20 0 -30
3 16 20 0 -30 21.2833 1.2833 -27.4335 21.8739 1.8739 -24.5919
4 16 40 25.2 -70 40 32 8 40 30 10 40 20 10
3 16 40 25.2 -70 40 32 -70 40 32 8
4 16 20 27.6248 -104.64 20 32 -104.64 23.4794 32 -102.3182 23.4794 28 -102.3182
4 16 0 32 -110 5.22 32 -109.656 5.22 27.9759 -109.656 0 28 -110
4 16 5.22 32 -109.656 10.352 32 -108.636 10.352 27.9045 -108.636 5.22 27.9759 -109.656
4 16 10.352 32 -108.636 15.308 32 -106.956 15.308 27.7869 -106.956 10.352 27.9045 -108.636
4 16 15.308 32 -106.956 20 32 -104.64 20 27.6248 -104.64 15.308 27.7869 -106.956
4 16 39.656 32 -75.22 40 32 -70 40 25.2 -70 39.656 25.5654 -75.22
4 16 38.636 32 -80.352 39.656 32 -75.22 39.656 25.5654 -75.22 38.636 25.9246 -80.352
4 16 28.284 27.1799 -98.284 24.352 27.4215 -101.736 24.352 28 -101.736 28.284 28 -98.284
4 16 31.736 26.9046 -94.352 28.284 27.1799 -98.284 28.284 28 -98.284 31.736 28 -94.352
4 16 31.736 28 -94.352 32.3182 28 -93.4794 34.64 26.6 -90 31.736 26.9046 -94.352
0 BFC NOCLIP
4 1 13.5611 11.8642 -72.2997 12.9622 11.8774 -72.6251 20 27.6248 -104.64 14.3897 12.1263 -72.4815
3 1 24.352 27.4215 -101.736 21.3849 20.7393 -88.1217 19.5318 18.2119 -83.4603
4 1 18.8892 10.6457 -66.0432 18.8793 11.0451 -67.03 18.9835 11.4867 -68.02 19.5681 10.4286 -64.9156
3 1 34.64 26.6 -90 30.4357 20.1431 -77.863 29.4951 19.3097 -76.8928
3 1 38.636 25.9246 -80.352 29.5722 13.7611 -59.156 27.8109 12.0027 -57.4226
3 1 1.3028 26.1077 -105.8722 0.6948 27.2958 -108.452 5.22 27.9759 -109.656
3 1 28.6849 18.6236 -76.0571 25.7596 15.661 -71.7483 31.736 26.9046 -94.352
3 1 31.7882 20.1442 -75.6877 32.1765 20.9645 -77.4646 36.956 26.2716 -85.308
4 1 39.656 25.5654 -75.22 40 25.2 -70 31.6858 15.2182 -57.5707 32.6342 16.5118 -60.1303
4 1 10.352 27.9045 -108.636 8.0034 15.2428 -81.7203 3.7988 12.7422 -77.0778 5.22 27.9759 -109.656
3 1 13.8434 26.8241 -105.2787 12.9742 26.0047 -103.7429 10.352 27.9045 -108.636
4 1 12.9622 11.8774 -72.6251 14.5851 21.8781 -94.1436 15.0522 24.4474 -99.651 20 27.6248 -104.64
3 1 18.9835 11.4867 -68.02 28.284 27.1799 -98.284 19.5681 10.4286 -64.9156
3 1 19.5681 10.4286 -64.9156 19.2611 10.4099 -65.1394 18.8892 10.6457 -66.0432
4 1 22.366 11.9787 -66.0519 21.441 11.1616 -64.972 31.736 26.9046 -94.352 23.9252 13.6613 -68.6692
3 1 23.4516 8.2037 -54.1481 36.956 26.2716 -85.308 25.1143 9.4354 -54.7688
4 1 23.8182 8.3757 -53.9625 23.4516 8.2037 -54.1481 25.1143 9.4354 -54.7688 24.3695 8.7431 -54.0358
3 1 39.656 25.5654 -75.22 32.6342 16.5118 -60.1303 32.3735 16.4111 -60.8813
3 1 40 20 10 36.425 16.425 2.8501 37.1891 17.3154 2.4884
3 1 40 20 10 37.1891 17.3154 2.4884 37.849 18.1119 1.6939
3 1 26.9776 8.8702 -44.916 26.6173 8.4815 -45.1943 27.4803 9.4251 -44.9605
3 1 28.9986 11.1802 -45.3589 27.4803 9.4251 -44.9605 26.6173 8.4815 -45.1943
4 1 40 25.2 -70 33.6957 16.6607 -48.1059 28.9986 11.1802 -45.3589 26.6173 8.4815 -45.1943
4 1 36.0616 18.528 -35.7472 40 25.2 -70 40 20 10 36.8354 18.7099 -25.1078
4 1 37.2702 18.3531 -12.0677 37.3448 18.4674 -12.5302 40 20 10 37.849 18.1119 1.6939
3 1 40 20 10 37.3448 18.4674 -12.5302 36.8354 18.7099 -25.1078
3 1 34.6866 17.7919 -48.299 33.6957 16.6607 -48.1059 40 25.2 -70
4 1 33.1001 13.4357 -8.833 33.8553 14.3421 -9.6625 32.937 12.937 -4.126 32.8432 13.0616 -7.5393
4 1 37.7384 18.0169 1.2353 36.8233 17.0318 0.4985 33.8553 14.3421 -9.6625 36.927 17.9359 -11.6099
4 1 34.9315 14.9315 -0.1371 32.937 12.937 -4.126 33.8553 14.3421 -9.6625 36.8233 17.0318 0.4985
3 1 35.2176 18.3634 -47.8714 34.6866 17.7919 -48.299 40 25.2 -70
4 1 37.849 18.1119 1.6939 37.7384 18.0169 1.2353 36.927 17.9359 -11.6099 37.2702 18.3531 -12.0677
4 1 29.5637 11.1934 -35.7489 29.0244 10.7884 -38.8818 29.3966 11.2563 -39.6164 30.1725 11.8655 -35.5153
4 1 34.7123 17.0563 -36.5363 32.9943 15.0967 -36.224 29.3966 11.2563 -39.6164 33.8239 16.5942 -44.8562
4 1 29.0244 10.7884 -38.8818 29.5637 11.1934 -35.7489 29.1258 10.7264 -36.1678 28.7511 10.3835 -37.3985
4 1 30.1725 11.8655 -35.5153 29.3966 11.2563 -39.6164 32.9943 15.0967 -36.224 31.1316 12.9499 -35.544
4 1 34.9589 17.9958 -46.7077 35.5863 18.0346 -36.4093 34.7123 17.0563 -36.5363 33.8239 16.5942 -44.8562
4 1 35.2176 18.3634 -47.8714 36.0616 18.528 -35.7472 35.5863 18.0346 -36.4093 34.9589 17.9958 -46.7077
3 1 35.2176 18.3634 -47.8714 40 25.2 -70 36.0616 18.528 -35.7472
4 1 36.0587 17.7539 -23.8884 36.8354 18.7099 -25.1078 37.3448 18.4674 -12.5302 37.0746 18.1922 -12.9894
4 1 31.926 12.7597 -18.8233 32.6927 13.7859 -21.2956 36.5664 17.6401 -13.3208 33.9641 14.7254 -13.6716
4 1 31.926 12.7597 -18.8233 33.9641 14.7254 -13.6716 32.8472 13.4989 -14.1981 32.2539 12.9251 -15.6718
3 1 32.2539 12.9251 -15.6718 32.8472 13.4989 -14.1981 32.4663 13.1071 -14.7831
4 1 32.6927 13.7859 -21.2956 36.0587 17.7539 -23.8884 37.0746 18.1922 -12.9894 36.5664 17.6401 -13.3208
3 1 31.926 12.7597 -18.8233 32.0986 13.041 -20.1524 32.6927 13.7859 -21.2956
3 1 30.8141 12.2237 -29.8856 31.3629 12.8878 -30.5705 30.5425 11.8651 -29.0848
4 1 34.2826 15.8748 -25.8224 32.2024 13.5033 -25.4627 30.5425 11.8651 -29.0848 31.3629 12.8878 -30.5705
4 1 30.5425 11.8651 -29.0848 32.2024 13.5033 -25.4627 31.4851 12.7032 -25.6095 30.8874 12.0851 -26.481
4 1 35.9225 17.7256 -25.8179 35.3239 17.5934 -34.181 35.8035 18.1814 -34.8965 36.6472 18.5264 -25.5535
4 1 31.3629 12.8878 -30.5705 35.3239 17.5934 -34.181 35.9225 17.7256 -25.8179 34.2826 15.8748 -25.8224
4 1 35.8035 18.1814 -34.8965 36.0616 18.528 -35.7472 36.8354 18.7099 -25.1078 36.6472 18.5264 -25.5535
3 1 5.22 27.9759 -109.656 3.7988 12.7422 -77.0778 1.8294 23.1212 -99.4429
4 1 2.8547 13.4908 -78.7456 2.5218 14.471 -80.868 1.8294 23.1212 -99.4429 3.7988 12.7422 -77.0778
3 1 0 27.5696 -109.0778 0 28 -110 0.3267 27.5155 -108.9436
4 1 0.6948 27.2958 -108.452 0.3267 27.5155 -108.9436 0 28 -110 5.22 27.9759 -109.656
3 1 5.22 27.9759 -109.656 1.8294 23.1212 -99.4429 1.3028 26.1077 -105.8722
4 1 34.64 26.6 -90 29.4951 19.3097 -76.8928 28.6849 18.6236 -76.0571 31.736 26.9046 -94.352
3 1 25.7596 15.661 -71.7483 23.9252 13.6613 -68.6692 31.736 26.9046 -94.352
4 1 28.5668 15.6392 -67.6838 29.8582 17.3696 -70.6711 36.956 26.2716 -85.308 23.4516 8.2037 -54.1481
4 1 22.7621 8.2493 -55.3923 23.0225 8.7578 -56.4621 28.5668 15.6392 -67.6838 23.4516 8.2037 -54.1481
3 1 30.4357 20.1431 -77.863 34.64 26.6 -90 31.0543 20.7012 -78.501
4 1 32.1606 21.2228 -78.2466 31.8395 21.2539 -78.8548 34.64 26.6 -90 36.956 26.2716 -85.308
3 1 31.0543 20.7012 -78.501 34.64 26.6 -90 31.8395 21.2539 -78.8548
3 1 36.956 26.2716 -85.308 29.8582 17.3696 -70.6711 31.7882 20.1442 -75.6877
3 1 32.1765 20.9645 -77.4646 32.1606 21.2228 -78.2466 36.956 26.2716 -85.308
4 1 38.636 25.9246 -80.352 27.8109 12.0027 -57.4226 25.1143 9.4354 -54.7688 36.956 26.2716 -85.308
3 1 39.656 25.5654 -75.22 32.3735 16.4111 -60.8813 31.9861 16.1202 -60.9712
3 1 30.3193 14.5311 -59.8912 29.5722 13.7611 -59.156 38.636 25.9246 -80.352
4 1 30.3193 14.5311 -59.8912 38.636 25.9246 -80.352 39.656 25.5654 -75.22 31.9861 16.1202 -60.9712
3 1 40 25.2 -70 26.6173 8.4815 -45.1943 31.6858 15.2182 -57.5707
4 1 26.0839 8.0661 -46.0539 29.7425 12.7833 -53.916 31.6858 15.2182 -57.5707 26.6173 8.4815 -45.1943
3 1 8.0034 15.2428 -81.7203 7.3841 13.8154 -78.7566 3.7988 12.7422 -77.0778
4 1 5.658 12.7703 -76.8246 3.7988 12.7422 -77.0778 7.3841 13.8154 -78.7566 6.6031 13.1439 -77.4596
3 1 5.658 12.7703 -76.8246 4.5979 12.6239 -76.6882 3.7988 12.7422 -77.0778
3 1 15.308 27.7869 -106.956 14.8656 26.5737 -104.4394 14.5715 26.9157 -105.2693
4 1 10.352 27.9045 -108.636 15.308 27.7869 -106.956 14.5715 26.9157 -105.2693 13.8434 26.8241 -105.2787
3 1 11.7039 23.858 -99.4301 8.0034 15.2428 -81.7203 10.352 27.9045 -108.636
3 1 12.9742 26.0047 -103.7429 11.7039 23.858 -99.4301 10.352 27.9045 -108.636
3 1 14.5851 21.8781 -94.1436 12.9622 11.8774 -72.6251 12.2283 12.953 -75.3183
4 1 12.2283 12.953 -75.3183 12.9622 11.8774 -72.6251 12.3806 12.1748 -73.5276 12.2402 12.549 -74.4167
4 1 15.308 27.7869 -106.956 20 27.6248 -104.64 15.0522 24.4474 -99.651 14.9394 26.4486 -104.1395
4 1 14.3897 12.1263 -72.4815 20 27.6248 -104.64 24.352 27.4215 -101.736 19.5318 18.2119 -83.4603
4 1 15.1615 12.5543 -73.0234 14.3897 12.1263 -72.4815 19.5318 18.2119 -83.4603 15.6774 13.0064 -73.7641
3 1 28.284 27.1799 -98.284 18.9835 11.4867 -68.02 25.4143 22.7048 -89.8132
3 1 28.284 27.1799 -98.284 25.4143 22.7048 -89.8132 25.8174 23.8251 -92.1649
3 1 22.404 22.1403 -90.6854 21.3849 20.7393 -88.1217 24.352 27.4215 -101.736
3 1 24.2078 24.0928 -93.9767 22.404 22.1403 -90.6854 24.352 27.4215 -101.736
3 1 28.284 27.1799 -98.284 25.8174 23.8251 -92.1649 25.8412 24.1878 -93.0043
3 1 28.284 27.1799 -98.284 25.8412 24.1878 -93.0043 25.8651 24.6042 -93.9707
3 1 24.8029 24.5675 -94.6622 24.2078 24.0928 -93.9767 24.352 27.4215 -101.736
3 1 28.284 27.1799 -98.284 25.8651 24.6042 -93.9707 25.6917 24.9394 -94.8897
4 1 28.284 27.1799 -98.284 25.6917 24.9394 -94.8897 24.8029 24.5675 -94.6622 24.352 27.4215 -101.736
4 1 28.284 27.1799 -98.284 31.736 26.9046 -94.352 21.441 11.1616 -64.972 19.5681 10.4286 -64.9156
4 1 20.0565 10.4704 -64.5597 19.5681 10.4286 -64.9156 21.441 11.1616 -64.972 21.0226 10.8709 -64.6444
4 1 29.7425 12.7833 -53.916 26.0839 8.0661 -46.0539 26.0251 8.2074 -47.1369 26.2539 8.5844 -48.0849
3 1 40 20 10 32.6116 12.6116 10 32.6831 12.6831 7.0551
3 1 32.6831 12.6831 7.0551 33.2262 13.2262 4.9626 34.1413 14.1413 3.9311
4 1 32.6831 12.6831 7.0551 34.1413 14.1413 3.9311 36.425 16.425 2.8501 40 20 10
3 1 32.937 12.937 -4.126 34.9315 14.9315 -0.1371 34.0272 14.0272 -0.4409
4 1 33.0006 13.0006 -1.8106 32.937 12.937 -4.126 34.0272 14.0272 -0.4409 33.3451 13.3451 -1.1188
3 15 0.8398 9.28 -69.8387 1.0474 8.6646 -68.5083 0 0 -50
4 15 12.1239 21.8101 -94.847 13.3564 22.4347 -95.8539 5.176 0 -49.318 7.0681 8.2585 -66.7699
3 15 7.654 0 -48.478 9.6648 7.2998 -63.8405 10.7791 6.9926 -62.6942
3 15 10 0 -47.32 12.693 6.7473 -61.1798 13.012 7.0188 -61.6193
3 15 12.176 0 -45.868 14.753 5.8037 -57.6923 15.4416 5.5102 -56.4943
3 15 14.142 0 -44.142 16.8369 5.1794 -54.4593 17.5055 5.45 -54.5016
3 15 15.868 0 -42.176 18.5166 4.4907 -50.8848 18.9001 4.2964 -49.9006
3 15 18.478 0 -37.654 23.2559 6.7931 -49.9761 21.3472 3.69 -43.7315
3 15 19.318 0 -35.176 21.967 3.5549 -41.3707 22.1568 3.5684 -40.7653
3 15 19.828 0 -32.61 22.8014 3.8337 -39 23.2399 4.2623 -38.9342
4 15 7.654 0 -48.478 5.176 0 -49.318 9.1884 7.4493 -64.3305 9.6648 7.2998 -63.8405
4 15 10.7791 6.9926 -62.6942 12.4225 6.6921 -61.2057 10 0 -47.32 7.654 0 -48.478
3 15 14.4127 6.4371 -59.3975 14.4425 5.9464 -58.2326 10 0 -47.32
4 15 29.1806 9.1806 -11.6387 34.5081 15.2529 -12.338 34.8063 15.5413 -11.5985 29.9016 9.9016 -10.1967
4 15 23.1943 10.3814 -60.8406 27.4438 16.4029 -71.6667 27.3238 15.3639 -68.8794 24.4325 11.8362 -63.1392
4 15 18.9001 4.2964 -49.9006 19.8957 3.9558 -47.4357 17.32 0 -40 15.868 0 -42.176
4 15 20.3519 4.0565 -46.9958 20.7946 4.3299 -46.9845 18.478 0 -37.654 17.32 0 -40
4 15 28.3162 12.0756 -56.2188 26.0684 9.059 -50.9621 22.494 5.1002 -45.906 25.6949 9.2814 -52.9406
4 15 21.4193 3.5882 -43.1175 21.967 3.5549 -41.3707 19.318 0 -35.176 18.478 0 -37.654
4 15 0.4377 24.0155 -101.4374 0.8398 9.28 -69.8387 0 0 -50 0 25.5291 -104.7052
4 15 2.61 0 -49.828 0 0 -50 1.0474 8.6646 -68.5083 3.3919 8.3805 -67.7501
4 15 6.1446 8.0556 -66.5466 6.6685 8.0464 -66.4226 5.176 0 -49.318 2.61 0 -49.828
3 15 6.1446 8.0556 -66.5466 2.61 0 -49.828 3.3919 8.3805 -67.7501
3 15 5.176 0 -49.318 6.6685 8.0464 -66.4226 7.0681 8.2585 -66.7699
3 15 13.136 24.1973 -99.758 13.821 25.2756 -101.911 13.8854 24.677 -100.5881
4 15 12.1239 21.8101 -94.847 13.136 24.1973 -99.758 13.8854 24.677 -100.5881 13.3564 22.4347 -95.8539
3 15 10 0 -47.32 12.4225 6.6921 -61.2057 12.693 6.7473 -61.1798
3 15 13.012 7.0188 -61.6193 15.693 10.8772 -68.9051 10 0 -47.32
3 15 17.5055 5.45 -54.5016 18.182 6.178 -55.6715 14.142 0 -44.142
3 15 17.32 0 -40 19.8957 3.9558 -47.4357 20.3519 4.0565 -46.9958
3 15 23.2559 6.7931 -49.9761 25.6949 9.2814 -52.9406 21.8764 4.3706 -44.8524
3 15 23.2559 6.7931 -49.9761 21.8764 4.3706 -44.8524 21.3472 3.69 -43.7315
4 15 8.9427 8.0484 -65.7306 5.176 0 -49.318 13.3564 22.4347 -95.8539 13.1024 21.3614 -93.5811
3 15 5.176 0 -49.318 8.9427 8.0484 -65.7306 9.1884 7.4493 -64.3305
3 15 10 0 -47.32 15.693 10.8772 -68.9051 14.4127 6.4371 -59.3975
4 15 19.3813 16.2271 -78.9287 16.5242 9.7925 -65.819 14.4127 6.4371 -59.3975 15.693 10.8772 -68.9051
4 15 12.176 0 -45.868 10 0 -47.32 14.4425 5.9464 -58.2326 14.753 5.8037 -57.6923
3 15 12.176 0 -45.868 15.4416 5.5102 -56.4943 16.4938 5.1398 -54.6634
4 15 14.142 0 -44.142 12.176 0 -45.868 16.4938 5.1398 -54.6634 16.8369 5.1794 -54.4593
4 15 18.4733 4.9282 -52.0765 18.3357 4.5896 -51.3491 14.142 0 -44.142 18.182 6.178 -55.6715
4 15 21.9583 10.3263 -62.2018 19.405 5.9971 -53.8062 18.4733 4.9282 -52.0765 18.182 6.178 -55.6715
4 15 15.868 0 -42.176 14.142 0 -44.142 18.3357 4.5896 -51.3491 18.5166 4.4907 -50.8848
4 15 27.4438 16.4029 -71.6667 23.1943 10.3814 -60.8406 19.405 5.9971 -53.8062 21.9583 10.3263 -62.2018
4 15 30.0285 18.7561 -74.4572 28.6482 16.9902 -71.5088 27.3238 15.3639 -68.8794 29.3172 18.4252 -74.6339
3 15 29.3172 18.4252 -74.6339 30.5841 19.6461 -76.1685 30.0285 18.7561 -74.4572
3 15 26.0684 9.059 -50.9621 28.3162 12.0756 -56.2188 28.5668 11.8811 -54.4961
4 15 28.5668 11.8811 -54.4961 28.3162 12.0756 -56.2188 30.0319 13.8765 -58.0496 30.0222 13.5922 -56.8463
3 15 30.0319 13.8765 -58.0496 30.6956 14.4869 -58.3825 30.0222 13.5922 -56.8463
4 15 23.7045 4.5508 -35.3034 19.828 0 -32.61 23.2399 4.2623 -38.9342 23.6697 4.5607 -36.0604
4 15 23.6697 4.5607 -36.0604 23.2399 4.2623 -38.9342 24.9174 6.196 -39.8348 24.0711 5.0566 -36.7177
4 15 24.0711 5.0566 -36.7177 24.9174 6.196 -39.8348 30.7801 13.1539 -44.7864 31.4736 13.8857 -44.002
4 15 32.9048 15.6371 -46.0911 32.6298 15.2822 -45.4075 31.4736 13.8857 -44.002 30.7801 13.1539 -44.7864
3 15 27.0878 7.0878 -15.8244 21.2833 1.2833 -27.4335 26.8606 7.039 -18.7764
4 15 26 6.4484 -24.6342 26.4098 6.7911 -22.79 26.8606 7.039 -18.7764 21.2833 1.2833 -27.4335
4 15 23.7045 4.5508 -35.3034 24.7671 5.48 -31.1472 20.9058 0.9863 -29.2494 19.828 0 -32.61
4 15 26.7768 7.166 -22.1851 26.9697 7.2267 -19.7691 26.8606 7.039 -18.7764 26.4098 6.7911 -22.79
4 15 27.8059 8.3342 -22.2858 27.7185 8.1184 -20.4837 26.9697 7.2267 -19.7691 26.7768 7.166 -22.1851
3 15 26 6.4484 -24.6342 21.2833 1.2833 -27.4335 25.5523 6.1234 -27.4089
4 15 20.9058 0.9863 -29.2494 24.7671 5.48 -31.1472 25.1091 5.8293 -30.5809 21.2833 1.2833 -27.4335
4 15 32.9372 14.8607 -33.5847 25.7 6.3485 -28.3087 26.202 7.0794 -30.8336 31.3046 13.032 -33.8028
4 15 33.7414 15.8151 -34.3023 32.9372 14.8607 -33.5847 31.3046 13.032 -33.8028 34.0684 16.2277 -34.9716
3 15 25.1091 5.8293 -30.5809 26.202 7.0794 -30.8336 25.7 6.3485 -28.3087
4 15 21.2833 1.2833 -27.4335 25.1091 5.8293 -30.5809 25.7 6.3485 -28.3087 25.5523 6.1234 -27.4089
3 15 34.9159 16.5103 -24.6009 34.5458 16.0591 -24.0868 34.1007 15.5902 -24.6019
4 15 34.5458 16.0591 -24.0868 33.6784 15.0417 -23.4972 33.201 14.5527 -24.2649 34.1007 15.5902 -24.6019
4 15 33.6784 15.0417 -23.4972 27.7185 8.1184 -20.4837 27.8059 8.3342 -22.2858 33.201 14.5527 -24.2649
4 15 34.5081 15.2529 -12.338 35.4007 16.2596 -12.3256 35.4635 16.3061 -11.9507 34.8063 15.5413 -11.5985
4 15 35.6477 15.6477 1.2954 36.1945 16.2609 1.4395 36.1676 16.2063 1.812 35.9546 15.9546 1.9091
4 15 21.4805 19.2926 -84.6335 24.3223 22.2483 -89.5347 16.5242 9.7925 -65.819 19.3813 16.2271 -78.9287
3 15 21.4805 19.2926 -84.6335 24.5588 23.3538 -91.9734 24.3223 22.2483 -89.5347
4 15 24.3223 22.2483 -89.5347 24.5588 23.3538 -91.9734 24.7662 23.4521 -92.0538 24.7214 23.1265 -91.3174
3 15 27.4438 16.4029 -71.6667 29.3172 18.4252 -74.6339 27.3238 15.3639 -68.8794
3 15 20.7946 4.3299 -46.9845 23.2559 6.7931 -49.9761 18.478 0 -37.654
3 15 21.8764 4.3706 -44.8524 25.6949 9.2814 -52.9406 22.494 5.1002 -45.906
3 15 18.478 0 -37.654 21.3472 3.69 -43.7315 21.4193 3.5882 -43.1175
3 15 19.318 0 -35.176 22.1568 3.5684 -40.7653 22.6382 3.7276 -39.2298
4 15 19.828 0 -32.61 19.318 0 -35.176 22.6382 3.7276 -39.2298 22.8014 3.8337 -39
3 15 27.2851 7.2851 10 22.8256 2.8256 10 27.2761 7.2761 4.2681
4 15 23.0134 3.0134 -8.0282 27.3899 7.3899 -0.4751 27.2761 7.2761 4.2681 22.8256 2.8256 10
4 15 27.6959 7.6959 -9.3582 23.0134 3.0134 -8.0282 22.8888 2.8888 -14.8735 27.323 7.323 -12.7695
4 15 27.323 7.323 -12.7695 22.8888 2.8888 -14.8735 22.5325 2.5325 -19.7436 27.0878 7.0878 -15.8244
3 15 27.3899 7.3899 -0.4751 23.0134 3.0134 -8.0282 27.4399 7.4399 -8.4397
3 15 21.8739 1.8739 -24.5919 21.2833 1.2833 -27.4335 27.0878 7.0878 -15.8244
3 15 27.4399 7.4399 -8.4397 23.0134 3.0134 -8.0282 27.6959 7.6959 -9.3582
3 15 22.5325 2.5325 -19.7436 21.8739 1.8739 -24.5919 27.0878 7.0878 -15.8244
4 15 28.1021 8.1021 0.6619 35.6477 15.6477 1.2954 35.9546 15.9546 1.9091 29.2999 9.2999 2.4926
3 15 28.1021 8.1021 0.6619 29.2999 9.2999 2.4926 28.2335 8.2335 2.6904
4 15 27.7361 7.7361 0.4362 28.1021 8.1021 0.6619 28.2335 8.2335 2.6904 27.633 7.633 3.0429
4 15 27.2761 7.2761 4.2681 27.3899 7.3899 -0.4751 27.7361 7.7361 0.4362 27.633 7.633 3.0429
4 15 29.9016 9.9016 -10.1967 28.467 8.467 -9.7867 27.6789 7.6789 -11.8641 29.1806 9.1806 -11.6387
4 15 27.323 7.323 -12.7695 27.6789 7.6789 -11.8641 28.467 8.467 -9.7867 27.6959 7.6959 -9.3582
3 1 15.308 27.7869 -106.956 14.9394 26.4486 -104.1395 14.8656 26.5737 -104.4394
3 322 0.8398 9.28 -69.8387 2.5218 14.471 -80.868 2.8547 13.4908 -78.7456
4 322 14.3897 12.1263 -72.4815 12.4225 6.6921 -61.2057 10.7791 6.9926 -62.6942 13.5611 11.8642 -72.2997
4 322 21.3849 20.7393 -88.1217 19.3813 16.2271 -78.9287 15.693 10.8772 -68.9051 19.5318 18.2119 -83.4603
4 322 14.4425 5.9464 -58.2326 14.4127 6.4371 -59.3975 16.5242 9.7925 -65.819 14.753 5.8037 -57.6923
3 322 15.4416 5.5102 -56.4943 18.8892 10.6457 -66.0432 19.2611 10.4099 -65.1394
4 322 18.3357 4.5896 -51.3491 18.4733 4.9282 -52.0765 19.405 5.9971 -53.8062 18.5166 4.4907 -50.8848
4 322 18.5166 4.4907 -50.8848 19.405 5.9971 -53.8062 23.1943 10.3814 -60.8406 18.9001 4.2964 -49.9006
4 322 31.9861 16.1202 -60.9712 32.3735 16.4111 -60.8813 30.0222 13.5922 -56.8463 30.6956 14.4869 -58.3825
3 322 32.6342 16.5118 -60.1303 31.6858 15.2182 -57.5707 29.7425 12.7833 -53.916
4 322 6.6685 8.0464 -66.4226 3.3919 8.3805 -67.7501 4.5979 12.6239 -76.6882 5.658 12.7703 -76.8246
4 322 12.9742 26.0047 -103.7429 13.821 25.2756 -101.911 13.136 24.1973 -99.758 11.7039 23.858 -99.4301
3 322 9.6648 7.2998 -63.8405 12.2402 12.549 -74.4167 12.3806 12.1748 -73.5276
4 322 12.4225 6.6921 -61.2057 14.3897 12.1263 -72.4815 15.1615 12.5543 -73.0234 15.693 10.8772 -68.9051
4 322 25.4143 22.7048 -89.8132 24.7214 23.1265 -91.3174 24.7662 23.4521 -92.0538 25.8174 23.8251 -92.1649
4 322 16.8369 5.1794 -54.4593 19.5681 10.4286 -64.9156 20.0565 10.4704 -64.5597 18.182 6.178 -55.6715
4 322 30.4357 20.1431 -77.863 29.3172 18.4252 -74.6339 27.4438 16.4029 -71.6667 29.4951 19.3097 -76.8928
3 322 26.2539 8.5844 -48.0849 26.0251 8.2074 -47.1369 22.1568 3.5684 -40.7653
4 322 27.3899 7.3899 -0.4751 33.0006 13.0006 -1.8106 33.3451 13.3451 -1.1188 28.1021 8.1021 0.6619
4 322 1.0474 8.6646 -68.5083 0.8398 9.28 -69.8387 3.7988 12.7422 -77.0778 3.3919 8.3805 -67.7501
4 322 0.3267 27.5155 -108.9436 0.6948 27.2958 -108.452 0 25.5291 -104.7052 0 27.5696 -109.0778
3 322 0.6948 27.2958 -108.452 1.3028 26.1077 -105.8722 0 25.5291 -104.7052
4 322 0 25.5291 -104.7052 1.3028 26.1077 -105.8722 1.8294 23.1212 -99.4429 0.4377 24.0155 -101.4374
4 322 0.8398 9.28 -69.8387 0.4377 24.0155 -101.4374 1.8294 23.1212 -99.4429 2.5218 14.471 -80.868
3 322 2.8547 13.4908 -78.7456 3.7988 12.7422 -77.0778 0.8398 9.28 -69.8387
4 322 13.1024 21.3614 -93.5811 13.3564 22.4347 -95.8539 14.8656 26.5737 -104.4394 14.9394 26.4486 -104.1395
4 322 8.9427 8.0484 -65.7306 13.1024 21.3614 -93.5811 14.9394 26.4486 -104.1395 9.6648 7.2998 -63.8405
3 322 9.6648 7.2998 -63.8405 9.1884 7.4493 -64.3305 8.9427 8.0484 -65.7306
3 322 10.7791 6.9926 -62.6942 12.9622 11.8774 -72.6251 13.5611 11.8642 -72.2997
3 322 15.4416 5.5102 -56.4943 18.9835 11.4867 -68.02 18.8793 11.0451 -67.03
3 322 15.4416 5.5102 -56.4943 18.8793 11.0451 -67.03 18.8892 10.6457 -66.0432
3 322 16.8369 5.1794 -54.4593 16.4938 5.1398 -54.6634 15.4416 5.5102 -56.4943
4 322 16.8369 5.1794 -54.4593 15.4416 5.5102 -56.4943 19.2611 10.4099 -65.1394 19.5681 10.4286 -64.9156
4 322 22.366 11.9787 -66.0519 21.9583 10.3263 -62.2018 18.182 6.178 -55.6715 21.441 11.1616 -64.972
3 322 22.366 11.9787 -66.0519 23.9252 13.6613 -68.6692 21.9583 10.3263 -62.2018
4 322 25.7596 15.661 -71.7483 28.6849 18.6236 -76.0571 29.4951 19.3097 -76.8928 27.4438 16.4029 -71.6667
4 322 21.9583 10.3263 -62.2018 23.9252 13.6613 -68.6692 25.7596 15.661 -71.7483 27.4438 16.4029 -71.6667
3 322 19.8957 3.9558 -47.4357 23.0225 8.7578 -56.4621 22.7621 8.2493 -55.3923
4 322 20.3519 4.0565 -46.9958 19.8957 3.9558 -47.4357 22.7621 8.2493 -55.3923 23.4516 8.2037 -54.1481
3 322 30.4357 20.1431 -77.863 31.0543 20.7012 -78.501 32.1765 20.9645 -77.4646
3 322 29.3172 18.4252 -74.6339 30.4357 20.1431 -77.863 30.5841 19.6461 -76.1685
4 322 31.8395 21.2539 -78.8548 32.1606 21.2228 -78.2466 32.1765 20.9645 -77.4646 31.0543 20.7012 -78.501
4 322 30.4357 20.1431 -77.863 32.1765 20.9645 -77.4646 31.7882 20.1442 -75.6877 30.5841 19.6461 -76.1685
4 322 30.5841 19.6461 -76.1685 31.7882 20.1442 -75.6877 29.8582 17.3696 -70.6711 30.0285 18.7561 -74.4572
4 322 28.5668 15.6392 -67.6838 27.3238 15.3639 -68.8794 28.6482 16.9902 -71.5088 29.8582 17.3696 -70.6711
3 322 28.5668 15.6392 -67.6838 23.0225 8.7578 -56.4621 27.3238 15.3639 -68.8794
3 322 29.8582 17.3696 -70.6711 28.6482 16.9902 -71.5088 30.0285 18.7561 -74.4572
4 322 27.8109 12.0027 -57.4226 25.6949 9.2814 -52.9406 23.2559 6.7931 -49.9761 25.1143 9.4354 -54.7688
3 322 32.3735 16.4111 -60.8813 22.1568 3.5684 -40.7653 30.0222 13.5922 -56.8463
3 322 30.0222 13.5922 -56.8463 22.1568 3.5684 -40.7653 28.5668 11.8811 -54.4961
4 322 21.967 3.5549 -41.3707 26.0684 9.059 -50.9621 28.5668 11.8811 -54.4961 22.1568 3.5684 -40.7653
3 322 30.3193 14.5311 -59.8912 31.9861 16.1202 -60.9712 30.6956 14.4869 -58.3825
3 322 28.3162 12.0756 -56.2188 29.5722 13.7611 -59.156 30.0319 13.8765 -58.0496
4 322 30.3193 14.5311 -59.8912 30.6956 14.4869 -58.3825 30.0319 13.8765 -58.0496 29.5722 13.7611 -59.156
4 322 26.6173 8.4815 -45.1943 23.2399 4.2623 -38.9342 22.8014 3.8337 -39 26.0839 8.0661 -46.0539
4 322 26.9776 8.8702 -44.916 24.9174 6.196 -39.8348 23.2399 4.2623 -38.9342 26.6173 8.4815 -45.1943
3 322 26.9776 8.8702 -44.916 27.4803 9.4251 -44.9605 24.9174 6.196 -39.8348
4 322 28.9986 11.1802 -45.3589 30.7801 13.1539 -44.7864 24.9174 6.196 -39.8348 27.4803 9.4251 -44.9605
4 322 32.9048 15.6371 -46.0911 30.7801 13.1539 -44.7864 28.9986 11.1802 -45.3589 33.6957 16.6607 -48.1059
4 322 35.2176 18.3634 -47.8714 34.9589 17.9958 -46.7077 33.6957 16.6607 -48.1059 34.6866 17.7919 -48.299
4 322 33.8239 16.5942 -44.8562 32.9048 15.6371 -46.0911 33.6957 16.6607 -48.1059 34.9589 17.9958 -46.7077
4 322 29.3966 11.2563 -39.6164 31.4736 13.8857 -44.002 32.6298 15.2822 -45.4075 33.8239 16.5942 -44.8562
3 322 32.6298 15.2822 -45.4075 32.9048 15.6371 -46.0911 33.8239 16.5942 -44.8562
4 322 26.202 7.0794 -30.8336 23.7045 4.5508 -35.3034 23.6697 4.5607 -36.0604 24.0711 5.0566 -36.7177
4 322 31.4736 13.8857 -44.002 29.3966 11.2563 -39.6164 29.0244 10.7884 -38.8818 24.0711 5.0566 -36.7177
3 322 24.0711 5.0566 -36.7177 29.0244 10.7884 -38.8818 28.7511 10.3835 -37.3985
4 322 23.7045 4.5508 -35.3034 26.202 7.0794 -30.8336 25.1091 5.8293 -30.5809 24.7671 5.48 -31.1472
4 322 30.1725 11.8655 -35.5153 31.3046 13.032 -33.8028 26.202 7.0794 -30.8336 29.5637 11.1934 -35.7489
4 322 26.202 7.0794 -30.8336 24.0711 5.0566 -36.7177 28.7511 10.3835 -37.3985 29.1258 10.7264 -36.1678
4 322 31.1316 12.9499 -35.544 32.9943 15.0967 -36.224 34.0684 16.2277 -34.9716 31.3046 13.032 -33.8028
3 322 31.1316 12.9499 -35.544 31.3046 13.032 -33.8028 30.1725 11.8655 -35.5153
3 322 29.1258 10.7264 -36.1678 29.5637 11.1934 -35.7489 26.202 7.0794 -30.8336
4 322 35.3239 17.5934 -34.181 34.0684 16.2277 -34.9716 32.9943 15.0967 -36.224 34.7123 17.0563 -36.5363
4 322 35.3239 17.5934 -34.181 34.7123 17.0563 -36.5363 35.5863 18.0346 -36.4093 35.8035 18.1814 -34.8965
3 322 35.5863 18.0346 -36.4093 36.0616 18.528 -35.7472 35.8035 18.1814 -34.8965
4 322 31.3629 12.8878 -30.5705 32.9372 14.8607 -33.5847 33.7414 15.8151 -34.3023 35.3239 17.5934 -34.181
3 322 33.7414 15.8151 -34.3023 34.0684 16.2277 -34.9716 35.3239 17.5934 -34.181
4 322 30.8141 12.2237 -29.8856 25.7 6.3485 -28.3087 32.9372 14.8607 -33.5847 31.3629 12.8878 -30.5705
4 322 30.8874 12.0851 -26.481 26 6.4484 -24.6342 25.5523 6.1234 -27.4089 25.7 6.3485 -28.3087
3 322 25.7 6.3485 -28.3087 30.8141 12.2237 -29.8856 30.5425 11.8651 -29.0848
3 322 30.8874 12.0851 -26.481 25.7 6.3485 -28.3087 30.5425 11.8651 -29.0848
4 322 26 6.4484 -24.6342 27.8059 8.3342 -22.2858 26.7768 7.166 -22.1851 26.4098 6.7911 -22.79
4 322 32.2024 13.5033 -25.4627 34.2826 15.8748 -25.8224 34.1007 15.5902 -24.6019 33.201 14.5527 -24.2649
4 322 32.2024 13.5033 -25.4627 33.201 14.5527 -24.2649 27.8059 8.3342 -22.2858 31.4851 12.7032 -25.6095
4 322 26 6.4484 -24.6342 30.8874 12.0851 -26.481 31.4851 12.7032 -25.6095 27.8059 8.3342 -22.2858
4 322 34.1007 15.5902 -24.6019 34.2826 15.8748 -25.8224 35.9225 17.7256 -25.8179 34.9159 16.5103 -24.6009
4 322 36.6472 18.5264 -25.5535 36.0587 17.7539 -23.8884 34.9159 16.5103 -24.6009 35.9225 17.7256 -25.8179
3 322 36.6472 18.5264 -25.5535 36.8354 18.7099 -25.1078 36.0587 17.7539 -23.8884
4 322 32.6927 13.7859 -21.2956 33.6784 15.0417 -23.4972 34.5458 16.0591 -24.0868 36.0587 17.7539 -23.8884
3 322 34.5458 16.0591 -24.0868 34.9159 16.5103 -24.6009 36.0587 17.7539 -23.8884
3 322 26.9697 7.2267 -19.7691 27.7185 8.1184 -20.4837 26.8606 7.039 -18.7764
4 322 31.926 12.7597 -18.8233 27.0878 7.0878 -15.8244 26.8606 7.039 -18.7764 27.7185 8.1184 -20.4837
4 322 33.6784 15.0417 -23.4972 32.6927 13.7859 -21.2956 32.0986 13.041 -20.1524 27.7185 8.1184 -20.4837
4 322 32.4663 13.1071 -14.7831 29.1806 9.1806 -11.6387 27.0878 7.0878 -15.8244 32.2539 12.9251 -15.6718
3 322 34.5081 15.2529 -12.338 29.1806 9.1806 -11.6387 32.8472 13.4989 -14.1981
3 322 32.8472 13.4989 -14.1981 29.1806 9.1806 -11.6387 32.4663 13.1071 -14.7831
3 322 27.7185 8.1184 -20.4837 32.0986 13.041 -20.1524 31.926 12.7597 -18.8233
3 322 32.8432 13.0616 -7.5393 32.937 12.937 -4.126 29.9016 9.9016 -10.1967
3 322 33.1001 13.4357 -8.833 32.8432 13.0616 -7.5393 29.9016 9.9016 -10.1967
4 322 34.8063 15.5413 -11.5985 33.8553 14.3421 -9.6625 33.1001 13.4357 -8.833 29.9016 9.9016 -10.1967
4 322 36.927 17.9359 -11.6099 33.8553 14.3421 -9.6625 34.8063 15.5413 -11.5985 35.4635 16.3061 -11.9507
3 322 37.3448 18.4674 -12.5302 37.2702 18.3531 -12.0677 37.0746 18.1922 -12.9894
4 322 35.4007 16.2596 -12.3256 36.5664 17.6401 -13.3208 36.927 17.9359 -11.6099 35.4635 16.3061 -11.9507
4 322 37.2702 18.3531 -12.0677 36.927 17.9359 -11.6099 36.5664 17.6401 -13.3208 37.0746 18.1922 -12.9894
3 322 33.9641 14.7254 -13.6716 36.5664 17.6401 -13.3208 35.4007 16.2596 -12.3256
3 322 31.926 12.7597 -18.8233 32.2539 12.9251 -15.6718 27.0878 7.0878 -15.8244
4 322 32.8472 13.4989 -14.1981 33.9641 14.7254 -13.6716 35.4007 16.2596 -12.3256 34.5081 15.2529 -12.338
4 322 36.1945 16.2609 1.4395 35.6477 15.6477 1.2954 34.9315 14.9315 -0.1371 36.8233 17.0318 0.4985
4 322 37.849 18.1119 1.6939 37.1891 17.3154 2.4884 36.8233 17.0318 0.4985 37.7384 18.0169 1.2353
4 322 35.9546 15.9546 1.9091 36.1676 16.2063 1.812 37.1891 17.3154 2.4884 36.425 16.425 2.8501
4 322 36.1676 16.2063 1.812 36.1945 16.2609 1.4395 36.8233 17.0318 0.4985 37.1891 17.3154 2.4884
3 322 8.0034 15.2428 -81.7203 6.6685 8.0464 -66.4226 7.3841 13.8154 -78.7566
3 322 6.6685 8.0464 -66.4226 6.1446 8.0556 -66.5466 3.3919 8.3805 -67.7501
3 322 7.3841 13.8154 -78.7566 6.6685 8.0464 -66.4226 6.6031 13.1439 -77.4596
3 322 3.3919 8.3805 -67.7501 3.7988 12.7422 -77.0778 4.5979 12.6239 -76.6882
3 322 6.6031 13.1439 -77.4596 6.6685 8.0464 -66.4226 5.658 12.7703 -76.8246
3 322 14.8656 26.5737 -104.4394 13.3564 22.4347 -95.8539 13.8854 24.677 -100.5881
3 322 14.8656 26.5737 -104.4394 13.8854 24.677 -100.5881 13.821 25.2756 -101.911
3 322 13.8434 26.8241 -105.2787 14.5715 26.9157 -105.2693 14.8656 26.5737 -104.4394
4 322 13.821 25.2756 -101.911 12.9742 26.0047 -103.7429 13.8434 26.8241 -105.2787 14.8656 26.5737 -104.4394
3 322 6.6685 8.0464 -66.4226 8.0034 15.2428 -81.7203 7.0681 8.2585 -66.7699
4 322 11.7039 23.858 -99.4301 12.1239 21.8101 -94.847 7.0681 8.2585 -66.7699 8.0034 15.2428 -81.7203
3 322 13.136 24.1973 -99.758 12.1239 21.8101 -94.847 11.7039 23.858 -99.4301
3 322 14.9394 26.4486 -104.1395 15.0522 24.4474 -99.651 14.5851 21.8781 -94.1436
4 322 9.6648 7.2998 -63.8405 14.9394 26.4486 -104.1395 14.5851 21.8781 -94.1436 12.2283 12.953 -75.3183
4 322 10.7791 6.9926 -62.6942 9.6648 7.2998 -63.8405 12.3806 12.1748 -73.5276 12.9622 11.8774 -72.6251
3 322 9.6648 7.2998 -63.8405 12.2283 12.953 -75.3183 12.2402 12.549 -74.4167
3 322 19.5318 18.2119 -83.4603 15.693 10.8772 -68.9051 15.6774 13.0064 -73.7641
4 322 12.693 6.7473 -61.1798 12.4225 6.6921 -61.2057 15.693 10.8772 -68.9051 13.012 7.0188 -61.6193
3 322 15.6774 13.0064 -73.7641 15.693 10.8772 -68.9051 15.1615 12.5543 -73.0234
4 322 14.753 5.8037 -57.6923 16.5242 9.7925 -65.819 18.9835 11.4867 -68.02 15.4416 5.5102 -56.4943
4 322 25.4143 22.7048 -89.8132 18.9835 11.4867 -68.02 16.5242 9.7925 -65.819 24.3223 22.2483 -89.5347
4 322 24.2078 24.0928 -93.9767 25.8412 24.1878 -93.0043 25.8174 23.8251 -92.1649 24.7662 23.4521 -92.0538
3 322 24.8029 24.5675 -94.6622 25.6917 24.9394 -94.8897 25.8651 24.6042 -93.9707
4 322 21.3849 20.7393 -88.1217 22.404 22.1403 -90.6854 24.2078 24.0928 -93.9767 24.5588 23.3538 -91.9734
4 322 25.8412 24.1878 -93.0043 24.2078 24.0928 -93.9767 24.8029 24.5675 -94.6622 25.8651 24.6042 -93.9707
3 322 19.3813 16.2271 -78.9287 21.3849 20.7393 -88.1217 21.4805 19.2926 -84.6335
3 322 21.4805 19.2926 -84.6335 21.3849 20.7393 -88.1217 24.5588 23.3538 -91.9734
3 322 24.5588 23.3538 -91.9734 24.2078 24.0928 -93.9767 24.7662 23.4521 -92.0538
3 322 25.4143 22.7048 -89.8132 24.3223 22.2483 -89.5347 24.7214 23.1265 -91.3174
3 322 21.441 11.1616 -64.972 18.182 6.178 -55.6715 21.0226 10.8709 -64.6444
3 322 18.182 6.178 -55.6715 17.5055 5.45 -54.5016 16.8369 5.1794 -54.4593
3 322 21.0226 10.8709 -64.6444 18.182 6.178 -55.6715 20.0565 10.4704 -64.5597
3 322 23.1943 10.3814 -60.8406 24.4325 11.8362 -63.1392 23.0225 8.7578 -56.4621
3 322 24.4325 11.8362 -63.1392 27.3238 15.3639 -68.8794 23.0225 8.7578 -56.4621
4 322 23.1943 10.3814 -60.8406 23.0225 8.7578 -56.4621 19.8957 3.9558 -47.4357 18.9001 4.2964 -49.9006
4 322 20.7946 4.3299 -46.9845 20.3519 4.0565 -46.9958 23.4516 8.2037 -54.1481 23.2559 6.7931 -49.9761
3 322 23.4516 8.2037 -54.1481 23.8182 8.3757 -53.9625 23.2559 6.7931 -49.9761
3 322 24.3695 8.7431 -54.0358 25.1143 9.4354 -54.7688 23.2559 6.7931 -49.9761
3 322 23.8182 8.3757 -53.9625 24.3695 8.7431 -54.0358 23.2559 6.7931 -49.9761
4 322 25.6949 9.2814 -52.9406 27.8109 12.0027 -57.4226 29.5722 13.7611 -59.156 28.3162 12.0756 -56.2188
3 322 21.3472 3.69 -43.7315 21.8764 4.3706 -44.8524 21.4193 3.5882 -43.1175
4 322 21.4193 3.5882 -43.1175 21.8764 4.3706 -44.8524 22.494 5.1002 -45.906 21.967 3.5549 -41.3707
3 322 22.494 5.1002 -45.906 26.0684 9.059 -50.9621 21.967 3.5549 -41.3707
3 322 22.1568 3.5684 -40.7653 32.3735 16.4111 -60.8813 26.2539 8.5844 -48.0849
4 322 32.6342 16.5118 -60.1303 29.7425 12.7833 -53.916 26.2539 8.5844 -48.0849 32.3735 16.4111 -60.8813
3 322 22.8014 3.8337 -39 22.6382 3.7276 -39.2298 22.1568 3.5684 -40.7653
4 322 26.0251 8.2074 -47.1369 26.0839 8.0661 -46.0539 22.8014 3.8337 -39 22.1568 3.5684 -40.7653
3 322 32.6116 12.6116 10 27.2851 7.2851 10 32.6831 12.6831 7.0551
4 322 29.2999 9.2999 2.4926 32.6831 12.6831 7.0551 27.2851 7.2851 10 27.2761 7.2761 4.2681
4 322 27.633 7.633 3.0429 28.2335 8.2335 2.6904 29.2999 9.2999 2.4926 27.2761 7.2761 4.2681
4 322 36.425 16.425 2.8501 34.1413 14.1413 3.9311 29.2999 9.2999 2.4926 35.9546 15.9546 1.9091
3 322 33.2262 13.2262 4.9626 29.2999 9.2999 2.4926 34.1413 14.1413 3.9311
3 322 29.2999 9.2999 2.4926 33.2262 13.2262 4.9626 32.6831 12.6831 7.0551
4 322 33.3451 13.3451 -1.1188 34.0272 14.0272 -0.4409 35.6477 15.6477 1.2954 28.1021 8.1021 0.6619
3 322 28.1021 8.1021 0.6619 27.7361 7.7361 0.4362 27.3899 7.3899 -0.4751
4 322 29.9016 9.9016 -10.1967 32.937 12.937 -4.126 27.3899 7.3899 -0.4751 27.4399 7.4399 -8.4397
4 322 27.6959 7.6959 -9.3582 28.467 8.467 -9.7867 29.9016 9.9016 -10.1967 27.4399 7.4399 -8.4397
3 322 32.937 12.937 -4.126 33.0006 13.0006 -1.8106 27.3899 7.3899 -0.4751
3 322 34.9315 14.9315 -0.1371 35.6477 15.6477 1.2954 34.0272 14.0272 -0.4409
4 322 27.6789 7.6789 -11.8641 27.323 7.323 -12.7695 27.0878 7.0878 -15.8244 29.1806 9.1806 -11.6387