0 ~Windscreen  4 x 12 x  3 Curved - Half
0 Name: s\3571s01.dat
0 Author: Magnus Forsberg [MagFors]
0 !LDRAW_ORG Subpart UPDATE 2026-01
0 !LICENSE Licensed under CC BY 4.0 : see CAreadme.txt

0 BFC CERTIFY CCW

0 !HISTORY 2026-01-29 [OrionP] Official Update 2026-01

1 16 84.3688 -2.8125 -26.5925 0 1 -.2493 -2.4375 0 0 0 0 .2495 rect.dat
1 16 86.5068 -2.8125 -24.4578 0 -1 .2472 -2.4375 0 0 0 0 -.2472 rect.dat
3 16 85.279 -.375 -25.28 86.2596 -.375 -24.2106 86.754 -.375 -24.705
4 16 86.754 -.375 -24.705 84.618 -.375 -26.842 84.1195 -.375 -26.343 85.279 -.375 -25.28
1 16 85.686 -2.8125 -25.7735 -1.068 -1 0 0 0 2.4375 -1.0685 0 0 rect2p.dat
2 24 84.1195 -.375 -26.343 85.279 -.375 -25.28
2 24 85.279 -.375 -25.28 86.2596 -.375 -24.2106
1 16 103.4472 -2.8125 8.412 0 0 -.5528 -2.4375 0 0 0 1 0 rect.dat
1 16 103.6866 -2.8125 11.438 0 0 .3134 -2.4375 0 0 0 -1 0 rect.dat
3 16 104 -.375 8.412 102.8944 -.375 8.412 103.213 -.375 9.896
4 16 103.3732 -.375 11.438 104 -.375 11.438 104 -.375 8.412 103.213 -.375 9.896
1 16 104 -2.8125 9.925 0 -1 0 0 0 2.4375 -1.513 0 0 rect2p.dat
2 24 102.8944 -.375 8.412 103.213 -.375 9.896
2 24 103.213 -.375 9.896 103.3732 -.375 11.438
1 16 51.501 -2.8125 -43.4569 0 -1 0 0 0 -2.4375 .5431 0 0 rect.dat
1 16 48.475 -2.8125 -43.6704 0 1 0 0 0 2.4375 .3297 0 0 rect.dat
4 16 51.501 -.375 -42.9138 51.501 -.375 -44 48.475 -.375 -44 50.104 -.375 -43.214
3 16 48.475 -.375 -43.3407 50.104 -.375 -43.214 48.475 -.375 -44
1 16 49.988 -2.8125 -44 1.513 0 0 0 0 -2.4375 0 1 0 rect2p.dat
2 24 50.104 -.375 -43.214 51.501 -.375 -42.9138
2 24 48.475 -.375 -43.3407 50.104 -.375 -43.214
4 16 88.116 -8 -15.753 82.426 -8 -22.426 94.036 -8 -29.808 100.744 -8 -22.809
4 16 85.656 -8 -37.06 94.036 -8 -29.808 82.426 -8 -22.426 75.729 -8 -28.12
4 16 85.656 -8 -37.06 75.729 -8 -28.12 70.817 -8 -31.399 74.928 -8 -43.24
4 16 74.928 -8 -43.24 70.817 -8 -31.399 65.62 -8 -34.118 58.804 -8 -48.688
3 16 58.804 -8 -48.688 65.62 -8 -34.118 58.541 -8 -37.063
4 16 58.804 -8 -48.688 58.541 -8 -37.063 49.386 -8 -39.261 40 -8 -50.667
3 16 49.386 -8 -39.261 40 -8 -40 40 -8 -50.667
4 16 91.394 -8 -10.831 88.116 -8 -15.753 100.744 -8 -22.809 105.65 -8 -15.986
4 16 94.118 -8 -5.62 91.394 -8 -10.831 105.65 -8 -15.986 110.405 -8 -6.825
4 16 97.063 -8 1.459 94.118 -8 -5.62 110.405 -8 -6.825 113.59 -8 1.91
4 16 99.261 -8 10.614 97.063 -8 1.459 113.59 -8 1.91 115.202 -8 11.056
4 16 100 -8 20 99.261 -8 10.614 115.202 -8 11.056 116.019 -8 20
3 16 119.656 -37.22 20 119.656 -37.22 19.4875 120 -32 20
4 16 119.656 -37.22 20 118.636 -42.352 20 118.636 -42.352 18.975 119.656 -37.22 19.4875
4 16 120 0 20 120 -32 20 119.312 -4.821 9.56 119.312 0 9.56
3 16 65.262 -5.25 -55.302 60.704 -4.821 -57.272 65.3591 -4.821 -55.694
3 16 110.589 -5.25 -17.2029 109.28 -4.821 -20 110.6334 -4.821 -17.2581
4 16 120 0 20 116.019 -8 20 116.03 -17.57 20 120 -32 20
3 16 116 -32 20 120 -32 20 116.03 -17.57 20
4 16 118.636 -42.352 20 119.656 -37.22 20 115.6904 -36.698 20 114.7724 -41.3168 20
4 16 119.656 -37.22 20 120 -32 20 116 -32 20 115.6904 -36.698 20
4 16 114.7724 -41.3168 20 113.2604 -45.7772 20 116.956 -47.308 20 118.636 -42.352 20
4 16 113.2604 -45.7772 20 111.176 -50 20 114.64 -52 20 116.956 -47.308 20
4 16 111.176 -50 20 108.5624 -53.9168 20 111.736 -56.352 20 114.64 -52 20
4 16 108.5624 -53.9168 20 105.4556 -57.4556 20 108.284 -60.284 20 111.736 -56.352 20
4 16 100 -66.64 20 104.352 -63.736 20 101.9168 -60.5624 20 98 -63.176 20
4 16 104.352 -63.736 20 108.284 -60.284 20 105.4556 -57.4556 20 101.9168 -60.5624 20
4 16 100 -66.64 20 98 -63.176 20 93.7772 -65.2604 20 95.308 -68.956 20
4 16 95.308 -68.956 20 93.7772 -65.2604 20 89.3168 -66.7724 20 90.352 -70.636 20
4 16 84.698 -67.6904 20 85.22 -71.656 20 90.352 -70.636 20 89.3168 -66.7724 20
4 16 85.22 -71.656 20 84.698 -67.6904 20 80 -68 20 80 -72 20
4 16 118.636 -42.352 20 116.956 -47.308 20 116.956 -47.308 18.975 118.636 -42.352 18.975
4 16 116.956 -47.308 20 114.64 -52 20 114.64 -52 18.975 116.956 -47.308 18.975
4 16 108.284 -60.284 18.975 111.736 -56.352 18.975 111.736 -56.352 20 108.284 -60.284 20
4 16 111.736 -56.352 18.975 114.64 -52 18.975 114.64 -52 20 111.736 -56.352 20
4 16 108.284 -60.284 20 104.352 -63.736 20 104.352 -63.736 18.975 108.284 -60.284 18.975
4 16 104.352 -63.736 20 100 -66.64 20 100 -66.64 18.975 104.352 -63.736 18.975
4 16 95.308 -68.956 20 95.308 -68.956 18.975 100 -66.64 18.975 100 -66.64 20
4 16 90.352 -70.636 20 90.352 -70.636 18.975 95.308 -68.956 18.975 95.308 -68.956 20
4 16 90.352 -70.636 20 85.22 -71.656 20 85.22 -71.656 18.975 90.352 -70.636 18.975
4 16 80 -72 18.975 85.22 -71.656 18.975 85.22 -71.656 20 80 -72 20
3 16 80 -68 20 58.804 -8 -48.688 40 -8 -50.667
3 16 84.698 -67.6904 20 89.3168 -66.7724 20 58.804 -8 -48.688
3 16 80 -68 20 84.698 -67.6904 20 58.804 -8 -48.688
4 16 74.928 -8 -43.24 58.804 -8 -48.688 89.3168 -66.7724 20 93.7772 -65.2604 20
3 16 74.928 -8 -43.24 93.7772 -65.2604 20 98 -63.176 20
4 16 85.656 -8 -37.06 74.928 -8 -43.24 98 -63.176 20 101.9168 -60.5624 20
3 16 101.9168 -60.5624 20 105.4556 -57.4556 20 85.656 -8 -37.06
3 16 85.656 -8 -37.06 105.4556 -57.4556 20 94.036 -8 -29.808
3 16 94.036 -8 -29.808 108.5624 -53.9168 20 111.176 -50 20
3 16 94.036 -8 -29.808 105.4556 -57.4556 20 108.5624 -53.9168 20
3 16 94.036 -8 -29.808 111.176 -50 20 100.744 -8 -22.809
4 16 105.65 -8 -15.986 100.744 -8 -22.809 111.176 -50 20 113.2604 -45.7772 20
3 16 114.7724 -41.3168 20 105.65 -8 -15.986 113.2604 -45.7772 20
3 16 114.7724 -41.3168 20 110.405 -8 -6.825 105.65 -8 -15.986
3 16 115.6904 -36.698 20 116 -32 20 113.59 -8 1.91
3 16 114.7724 -41.3168 20 115.6904 -36.698 20 113.59 -8 1.91
3 16 113.59 -8 1.91 110.405 -8 -6.825 114.7724 -41.3168 20
3 16 116 -32 20 116.03 -17.57 20 115.202 -8 11.056
3 16 115.202 -8 11.056 113.59 -8 1.91 116 -32 20
3 16 116.019 -8 20 115.202 -8 11.056 116.03 -17.57 20
4 16 88.704 0 -43.472 96.569 0 -36.569 96.569 -4.821 -36.569 88.704 -4.821 -43.472
4 16 80 0 -49.28 88.704 0 -43.472 88.704 -4.821 -43.472 80 -4.821 -49.28
4 16 78.4975 0 -50.0216 80 0 -49.28 80 -4.821 -49.28 77.6204 -.405 -50.4546
4 16 80 -4.821 -49.28 77.2569 -4.821 -50.634 77.2569 -1.384 -50.634 77.6204 -.405 -50.4546
4 16 96.569 -4.821 -36.569 96.569 0 -36.569 103.472 0 -28.704 103.472 -4.821 -28.704
4 16 109.28 -4.821 -20 109.28 0 -20 110.0216 0 -18.4975 110.4544 -.405 -17.6208
4 16 103.472 -4.821 -28.704 103.472 0 -28.704 109.28 0 -20 109.28 -4.821 -20
4 16 109.28 -4.821 -20 110.4544 -.405 -17.6208 110.6334 -1.384 -17.2581 110.6334 -4.821 -17.2581
4 16 87.186 0 -39.639 89.239 0 -37.781 91.022 0 -36.327 88.704 0 -43.472
4 16 80.823 0 -29.365 89.239 0 -37.781 87.186 0 -39.639 75.754 0 -28.12
4 16 80.823 0 -29.365 75.754 0 -28.12 82.426 0 -22.426 85.279 0 -25.28
4 16 96.326 0 -31.023 103.472 0 -28.704 96.569 0 -36.569 95.849 0 -32.69
3 16 95.849 0 -32.69 96.569 0 -36.569 92.689 0 -35.849
4 16 91.022 0 -36.327 92.689 0 -35.849 96.569 0 -36.569 88.704 0 -43.472
4 16 96.326 0 -31.023 97.78 0 -29.24 99.638 0 -27.186 103.472 0 -28.704
4 16 89.365 0 -20.824 85.279 0 -25.28 82.426 0 -22.426 88.116 0 -15.753
4 16 99.638 0 -27.186 97.78 0 -29.24 89.365 0 -20.824 88.116 0 -15.753
4 16 99.638 0 -27.186 103.746 0 -21.386 109.28 0 -20 103.472 0 -28.704
4 16 106.489 0 -16.702 110.0216 0 -18.4975 109.28 0 -20 103.746 0 -21.386
4 16 110.0216 0 -18.4975 106.489 0 -16.702 106.985 -.405 -15.856 110.4544 -.405 -17.6208
4 16 110.4544 -.405 -17.6208 106.985 -.405 -15.856 107.19 -1.384 -15.505 110.6334 -1.384 -17.2581
4 16 107.19 -1.384 -15.505 107.19 -5.25 -15.505 110.6334 -4.821 -17.2581 110.6334 -1.384 -17.2581
3 16 110.589 -5.25 -17.2029 110.6334 -4.821 -17.2581 107.19 -5.25 -15.505
1 16 84.2855 -2.625 -41.6925 2.9005 1 0 0 0 2.625 2.0535 0 0 rect2p.dat
4 16 81.385 -5.25 -43.746 81.385 0 -43.746 76.701 0 -46.49 75.855 -.405 -46.985
4 16 81.385 -5.25 -43.746 75.855 -.405 -46.985 75.505 -1.384 -47.191 75.505 -5.25 -47.191
4 16 91.022 -5.25 -36.327 92.689 -5.25 -35.849 92.689 0 -35.849 91.022 0 -36.327
4 16 96.326 -5.25 -31.023 91.022 -5.25 -36.327 84.618 -5.25 -26.842 86.754 -5.25 -24.705
3 16 84.1195 -5.25 -26.343 84.618 -5.25 -26.842 80.823 -5.25 -29.365
4 16 80.823 -5.25 -29.365 84.618 -5.25 -26.842 91.022 -5.25 -36.327 89.239 -5.25 -37.781
4 16 89.365 -5.25 -20.824 97.78 -5.25 -29.24 96.326 -5.25 -31.023 86.754 -5.25 -24.705
3 16 86.754 -5.25 -24.705 86.2596 -5.25 -24.2106 89.365 -5.25 -20.824
4 16 95.849 -5.25 -32.69 92.689 -5.25 -35.849 91.022 -5.25 -36.327 96.326 -5.25 -31.023
4 16 48.475 -5.25 -43.3407 40 -5.25 -44 40 0 -44 48.475 -.375 -43.3407
4 16 48.475 -.375 -43.3407 40 0 -44 50.104 0 -43.214 50.104 -.375 -43.214
4 16 51.501 -.375 -42.9138 50.104 -.375 -43.214 50.104 0 -43.214 56 0 -41.947
4 16 56 0 -41.947 56 -5.25 -41.947 51.501 -5.25 -42.9138 51.501 -.375 -42.9138
4 16 47.7915 0 -55.6047 40 0 -56 40 -5.25 -56 47.7915 -5.25 -55.6047
4 16 52.2444 -5.25 -55.6047 53.4969 -5.25 -54.821 53.4969 0 -54.821 52.2444 0 -55.6047
4 16 52.2444 0 -55.6047 50.0192 0 -56.009 50.0192 -5.25 -56.009 52.2444 -5.25 -55.6047
4 16 50.0192 0 -56.009 47.7915 0 -55.6047 47.7915 -5.25 -55.6047 50.0192 -5.25 -56.009
4 16 48.475 -5.25 -44 51.501 -5.25 -44 50.0192 -5.25 -56.009 47.7915 -5.25 -55.6047
3 16 51.501 -5.25 -44 51.501 -5.25 -42.9138 56 -5.25 -41.947
4 16 52.2444 -5.25 -55.6047 50.0192 -5.25 -56.009 51.501 -5.25 -44 53.4969 -5.25 -54.821
4 16 40 -5.25 -44 48.475 -5.25 -44 47.7915 -5.25 -55.6047 40 -5.25 -56
3 16 48.475 -5.25 -44 40 -5.25 -44 48.475 -5.25 -43.3407
4 16 51.501 -5.25 -44 56 -5.25 -41.947 56 -5.25 -54.355 53.4969 -5.25 -54.821
4 16 40 0 -56 47.7915 0 -55.6047 50.44 0 -59.312 40 0 -60
3 16 47.7915 0 -55.6047 50.0192 0 -56.009 50.44 0 -59.312
4 16 50.44 0 -59.312 50.0192 0 -56.009 52.2444 0 -55.6047 60.704 0 -57.272
4 16 60.704 0 -57.272 52.2444 0 -55.6047 53.4969 0 -54.821 56 0 -54.355
3 16 60.704 0 -57.272 56 0 -54.355 59.02 0 -53.572
4 16 59.02 0 -53.572 56 0 -54.355 56 0 -41.947 58.92 0 -41.213
4 16 58.541 0 -37.063 58.92 0 -41.213 56 0 -41.947 49.386 0 -39.261
3 16 49.386 0 -39.261 56 0 -41.947 50.104 0 -43.214
4 16 40 0 -40 49.386 0 -39.261 50.104 0 -43.214 40 0 -44
4 16 62.83 0 -39.821 58.92 0 -41.213 58.541 0 -37.063 64.3404 0 -34.6724
4 16 60.704 0 -57.272 59.02 0 -53.572 62.9439 0 -52.4425 64.0456 0 -56.1393
4 16 64.0456 0 -56.1393 62.9439 0 -52.4425 63.883 -.405 -52.169 64.9764 -.405 -55.8237
4 16 64.9764 -.405 -55.8237 63.883 -.405 -52.169 64.2713 -1.384 -52.052 65.3591 -1.384 -55.694
4 16 64.2713 -1.384 -52.052 64.2681 -5.25 -52.0414 65.3591 -4.821 -55.694 65.3591 -1.384 -55.694
3 16 64.2681 -5.25 -52.0414 65.262 -5.25 -55.302 65.3591 -4.821 -55.694
3 16 66.237 0 -38.406 62.83 0 -39.821 64.3404 0 -34.6724
4 16 66.947 -.397 -37.682 66.237 0 -38.406 64.3404 0 -34.6724 65.1776 -.373 -34.3234
4 16 66.932 -5.25 -37.672 66.947 -.397 -37.682 66.899 -1.342 -36.682 66.879 -5.25 -36.64
4 16 66.947 -.397 -37.682 65.1776 -.373 -34.3234 65.5726 -1.341 -34.1493 66.899 -1.342 -36.682
4 16 66.879 -5.25 -36.64 66.899 -1.342 -36.682 65.5726 -1.341 -34.1493 65.568 -5.25 -34.138
4 16 59.02 0 -53.572 59.02 -5.25 -53.572 63.883 -.405 -52.169 62.9439 0 -52.4425
4 16 64.2681 -5.25 -52.0414 64.2713 -1.384 -52.052 63.883 -.405 -52.169 59.02 -5.25 -53.572
1 16 54.74845 -2.625 -54.588 0 1 -1.25155 2.625 0 0 0 0 -.233 rect3.dat
1 16 90.1305 -2.625 -37.054 0 1 .8915 -2.625 0 0 0 0 .727 rect3.dat
4 16 80.823 -5.25 -29.365 80.823 0 -29.365 84.1195 -.375 -26.343 84.1195 -5.25 -26.343
4 16 85.279 0 -25.28 85.279 -.375 -25.28 84.1195 -.375 -26.343 80.823 0 -29.365
4 16 89.365 0 -20.824 89.365 -5.25 -20.824 86.2596 -5.25 -24.2106 86.2596 -.375 -24.2106
4 16 86.2596 -.375 -24.2106 85.279 -.375 -25.28 85.279 0 -25.28 89.365 0 -20.824
1 16 56 -2.625 -48.151 0 1 0 0 0 2.625 6.204 0 0 rect.dat
4 16 66.932 -5.25 -37.672 66.879 -5.25 -36.64 70.817 -5.25 -31.399 81.385 -5.25 -43.746
3 16 66.879 -5.25 -36.64 65.568 -5.25 -34.138 70.817 -5.25 -31.399
4 16 66.215 -5.25 -38.415 75.505 -5.25 -47.191 64.2681 -5.25 -52.0414 62.83 -5.25 -39.821
4 16 75.754 -5.25 -28.12 87.186 -5.25 -39.639 81.385 -5.25 -43.746 70.817 -5.25 -31.399
4 16 66.215 -5.25 -38.415 66.932 -5.25 -37.672 81.385 -5.25 -43.746 75.505 -5.25 -47.191
4 16 64.2681 -5.25 -52.0414 59.02 -5.25 -53.572 58.92 -5.25 -41.213 62.83 -5.25 -39.821
3 16 65.262 -5.25 -55.302 64.2681 -5.25 -52.0414 70.6996 -5.25 -53.4529
4 16 75.505 -5.25 -47.191 77.0722 -5.2532 -50.318 70.6996 -5.25 -53.4529 64.2681 -5.25 -52.0414
4 16 58.541 0 -37.063 58.541 -8 -37.063 65.1776 -.373 -34.3234 64.3404 0 -34.6724
4 16 58.541 -8 -37.063 58.541 0 -37.063 49.386 0 -39.261 49.386 -8 -39.261
4 16 40 -8 -40 49.386 -8 -39.261 49.386 0 -39.261 40 0 -40
4 16 65.1776 -.373 -34.3234 58.541 -8 -37.063 65.568 -5.25 -34.138 65.5726 -1.341 -34.1493
3 16 65.62 -8 -34.118 65.568 -5.25 -34.138 58.541 -8 -37.063
4 16 70.817 -5.25 -31.399 65.568 -5.25 -34.138 65.62 -8 -34.118 70.817 -8 -31.399
4 16 70.817 -5.25 -31.399 70.817 -8 -31.399 75.729 -8 -28.12 75.754 -5.25 -28.12
4 16 75.754 -5.25 -28.12 75.729 -8 -28.12 82.426 -8 -22.426 82.426 0 -22.426
3 16 75.754 0 -28.12 75.754 -5.25 -28.12 82.426 0 -22.426
4 16 88.116 -5.25 -15.753 82.426 0 -22.426 82.426 -8 -22.426 88.116 -8 -15.753
3 16 82.426 0 -22.426 88.116 -5.25 -15.753 88.116 0 -15.753
4 16 88.116 -5.25 -15.753 88.116 -8 -15.753 91.394 -8 -10.831 91.404 -5.25 -10.805
4 16 91.404 -5.25 -10.805 91.394 -8 -10.831 94.118 -8 -5.62 94.138 -5.25 -5.568
3 16 97.063 -8 1.459 94.138 -5.25 -5.568 94.118 -8 -5.62
4 16 97.063 -8 1.459 99.261 -8 10.614 99.261 0 10.614 97.063 0 1.459
4 16 100 0 20 99.261 0 10.614 99.261 -8 10.614 100 -8 20
4 16 97.063 0 1.459 94.6714 0 -4.3404 94.3224 -.373 -5.1776 97.063 -8 1.459
4 16 94.138 -5.25 -5.568 97.063 -8 1.459 94.3224 -.373 -5.1776 94.1501 -1.341 -5.5735
4 16 58.92 0 -41.213 62.83 0 -39.821 62.83 -5.25 -39.821 58.92 -5.25 -41.213
4 16 62.83 0 -39.821 66.237 0 -38.406 66.215 -5.25 -38.415 62.83 -5.25 -39.821
4 16 66.215 -5.25 -38.415 66.237 0 -38.406 66.947 -.397 -37.682 66.932 -5.25 -37.672
4 16 60.704 -4.821 -57.272 60.704 0 -57.272 64.0456 0 -56.1393 64.9764 -.405 -55.8237
4 16 50.44 -4.821 -59.312 50.44 0 -59.312 60.704 0 -57.272 60.704 -4.821 -57.272
4 16 60.704 -4.821 -57.272 64.9764 -.405 -55.8237 65.3591 -1.384 -55.694 65.3591 -4.821 -55.694
4 16 40 0 -60 50.44 0 -59.312 50.44 -4.821 -59.312 40 -4.821 -60
4 16 80 0 -49.28 78.4975 0 -50.0216 76.701 0 -46.49 81.385 0 -43.746
4 16 75.855 -.405 -46.985 76.701 0 -46.49 78.4975 0 -50.0216 77.6204 -.405 -50.4546
4 16 75.505 -1.384 -47.191 75.855 -.405 -46.985 77.6204 -.405 -50.4546 77.2569 -1.384 -50.634
4 16 75.505 -1.384 -47.191 77.2569 -1.384 -50.634 77.2569 -4.821 -50.634 75.505 -5.25 -47.191
3 16 75.505 -5.25 -47.191 77.2569 -4.821 -50.634 77.0722 -5.2532 -50.318
4 16 80 0 -49.28 81.385 0 -43.746 87.186 0 -39.639 88.704 0 -43.472
1 16 81.47 -2.625 -33.8795 0 1 -5.716 -2.625 0 0 0 0 5.7595 rect.dat
1 16 85.031 -2.625 -33.573 4.208 0 0 0 0 2.625 -4.208 -1 0 rect.dat
1 16 58.97 -2.625 -47.3925 -.05 -1 0 0 0 -2.625 6.1795 0 0 rect.dat
3 16 115.6934 -4.821 -5.3608 115.6354 -5.25 -5.3608 112.0682 -5.25 -4.2774
4 16 115.6934 -1.384 -5.3608 115.6934 -4.821 -5.3608 112.0682 -5.25 -4.2774 112.0692 -1.384 -4.2777
4 16 115.8235 -.405 -4.977 115.6934 -1.384 -5.3608 112.0692 -1.384 -4.2777 112.1872 -.405 -3.8897
4 16 116.1393 0 -4.0456 115.8235 -.405 -4.977 112.1872 -.405 -3.8897 112.452 0 -2.947
4 16 117.272 0 -.704 116.1393 0 -4.0456 112.452 0 -2.947 113.571 0 .979
3 16 117.272 0 -.704 113.571 0 .979 114.105 0 4
4 16 114.105 0 4 114.2906 0 5.6554 115.6599 0 7.7324 117.272 0 -.704
4 16 101.947 0 4 114.105 0 4 113.571 0 .979 101.213 0 1.08
4 16 101.947 0 4 101.213 0 1.08 97.063 0 1.459 99.261 0 10.614
4 16 103.213 0 9.896 101.947 0 4 99.261 0 10.614 103.847 0 16
3 16 103.847 0 16 99.261 0 10.614 100 0 20
4 16 103.847 0 16 100 0 20 120 0 20 115.805 0 16
4 16 115.6599 0 7.7324 116.0681 0 9.9801 119.312 0 9.56 117.272 0 -.704
4 16 116.0681 0 9.9801 115.6601 0 12.2306 120 0 20 119.312 0 9.56
4 16 115.805 0 16 120 0 20 115.6601 0 12.2306 115.3434 0 12.8097
4 16 97.063 0 1.459 101.213 0 1.08 99.821 0 -2.831 94.6714 0 -4.3404
3 16 99.821 0 -2.831 98.406 0 -6.237 94.6714 0 -4.3404
4 16 94.6714 0 -4.3404 98.406 0 -6.237 97.682 -.397 -6.948 94.3224 -.373 -5.1776
4 16 94.1501 -1.341 -5.5735 94.3224 -.373 -5.1776 97.682 -.397 -6.948 96.681 -1.342 -6.9
4 16 96.681 -1.342 -6.9 97.682 -.397 -6.948 97.671 -5.25 -6.933 96.64 -5.25 -6.879
4 16 94.1501 -1.341 -5.5735 96.681 -1.342 -6.9 96.64 -5.25 -6.879 94.138 -5.25 -5.568
1 16 97.053 -2.625 -30.1315 0 1 -.727 2.625 0 0 0 0 -.8915 rect3.dat
1 16 93.5725 -2.625 -25.032 -4.2075 1 0 0 0 2.625 4.208 0 0 rect.dat
4 16 99.638 -5.25 -27.186 103.746 -5.25 -21.386 103.746 0 -21.386 99.638 0 -27.186
4 16 103.746 0 -21.386 103.746 -5.25 -21.386 106.985 -.405 -15.856 106.489 0 -16.702
4 16 107.19 -5.25 -15.505 107.19 -1.384 -15.505 106.985 -.405 -15.856 103.746 -5.25 -21.386
1 16 109.826 -2.625 16 5.979 0 0 0 0 -2.625 0 1 0 rect.dat
1 16 115.5742 -2.625 14.4049 0 1 -.2308 2.625 0 0 0 0 -1.5952 rect3.dat
4 16 101.947 -5.25 4 104 -5.25 8.412 114.2906 -5.25 5.6554 114.105 -5.25 4
3 16 104 -5.25 8.412 101.947 -5.25 4 102.8944 -5.25 8.412
4 16 115.3434 -5.25 12.8097 114.2906 -5.25 5.6554 104 -5.25 8.412 104 -5.25 11.438
3 16 114.2906 -5.25 5.6554 116.0681 -5.25 9.9801 115.6599 -5.25 7.7324
4 16 114.2906 -5.25 5.6554 115.3434 -5.25 12.8097 115.6601 -5.25 12.2306 116.0681 -5.25 9.9801
3 16 103.847 -5.25 16 104 -5.25 11.438 103.3732 -5.25 11.438
4 16 103.847 -5.25 16 115.805 -5.25 16 115.3434 -5.25 12.8097 104 -5.25 11.438
1 16 108.026 -2.625 4 6.079 0 0 0 0 2.625 0 -1 0 rect.dat
4 16 102.8944 -5.25 8.412 101.947 -5.25 4 101.947 0 4 102.8944 -.375 8.412
4 16 102.8944 -.375 8.412 101.947 0 4 103.213 0 9.896 103.213 -.375 9.896
4 16 103.3732 -.375 11.438 103.213 -.375 9.896 103.213 0 9.896 103.847 0 16
4 16 103.847 0 16 103.847 -5.25 16 103.3732 -5.25 11.438 103.3732 -.375 11.438
1 16 114.1978 -2.625 4.8277 0 1 .0928 -2.625 0 0 0 0 .8277 rect3.dat
1 16 96.0875 -2.625 -31.8565 .2385 1 0 0 0 2.625 .8335 0 0 rect2p.dat
4 16 92.689 0 -35.849 92.689 -5.25 -35.849 95.849 -5.25 -32.69 95.849 0 -32.69
4 16 101.213 -5.25 1.08 99.821 -5.25 -2.831 99.821 0 -2.831 101.213 0 1.08
4 16 99.821 0 -2.831 99.821 -5.25 -2.831 98.415 -5.25 -6.216 98.406 0 -6.237
4 16 97.682 -.397 -6.948 98.406 0 -6.237 98.415 -5.25 -6.216 97.671 -5.25 -6.933
4 16 112.1872 -.405 -3.8897 113.571 -5.25 .979 113.571 0 .979 112.452 0 -2.947
4 16 112.0682 -5.25 -4.2774 113.571 -5.25 .979 112.1872 -.405 -3.8897 112.0692 -1.384 -4.2777
2 24 115.3434 0 12.8097 115.6601 0 12.2306
2 24 115.6601 -5.25 12.2306 115.3434 -5.25 12.8097
4 16 115.6601 0 12.2306 115.6601 -5.25 12.2306 115.3434 -5.25 12.8097 115.3434 0 12.8097
5 24 115.6601 -5.25 12.2306 115.6601 0 12.2306 115.3434 0 12.8097 116.0681 0 9.9801
4 16 116.0681 0 9.9801 116.0681 -5.25 9.9801 115.6601 -5.25 12.2306 115.6601 0 12.2306
4 16 115.6599 0 7.7324 115.6599 -5.25 7.7324 116.0681 -5.25 9.9801 116.0681 0 9.9801
2 24 114.2906 -5.25 5.6554 115.6599 -5.25 7.7324
2 24 115.6599 0 7.7324 114.2906 0 5.6554
4 16 115.6599 -5.25 7.7324 115.6599 0 7.7324 114.2906 0 5.6554 114.2906 -5.25 5.6554
1 16 107.392 -2.625 1.0295 0 0 6.179 2.625 0 0 0 1 -.0505 rect.dat
4 16 100 0 20 100 -8 20 116.019 -8 20 120 0 20
4 16 99.638 -5.25 -27.186 88.116 -5.25 -15.753 91.404 -5.25 -10.805 103.746 -5.25 -21.386
4 16 97.671 -5.25 -6.933 103.746 -5.25 -21.386 91.404 -5.25 -10.805 96.64 -5.25 -6.879
3 16 91.404 -5.25 -10.805 94.138 -5.25 -5.568 96.64 -5.25 -6.879
4 16 103.746 -5.25 -21.386 97.671 -5.25 -6.933 98.415 -5.25 -6.216 107.19 -5.25 -15.505
4 16 99.821 -5.25 -2.831 112.0682 -5.25 -4.2774 107.19 -5.25 -15.505 98.415 -5.25 -6.216
4 16 107.19 -5.25 -15.505 112.0682 -5.25 -4.2774 115.6354 -5.25 -5.3608 113.8721 -5.25 -10.5745
3 16 113.8721 -5.25 -10.5745 110.589 -5.25 -17.2029 107.19 -5.25 -15.505
4 16 101.213 -5.25 1.08 113.571 -5.25 .979 112.0682 -5.25 -4.2774 99.821 -5.25 -2.831
4 16 117.272 0 -.704 119.312 0 9.56 119.312 -4.821 9.56 117.272 -4.821 -.704
4 16 116.1393 0 -4.0456 117.272 0 -.704 117.272 -4.821 -.704 115.8235 -.405 -4.977
4 16 117.272 -4.821 -.704 115.6934 -4.821 -5.3608 115.6934 -1.384 -5.3608 115.8235 -.405 -4.977
4 16 99.638 -5.25 -27.186 99.638 0 -27.186 88.116 0 -15.753 88.116 -5.25 -15.753
2 24 99.638 0 -27.186 88.116 0 -15.753
2 24 97.063 0 1.459 94.6714 0 -4.3404
2 24 99.821 -5.25 -2.831 98.415 -5.25 -6.216
2 24 88.116 -8 -15.753 82.426 -8 -22.426
2 24 99.638 -5.25 -27.186 88.116 -5.25 -15.753
2 24 119.656 -37.22 20 118.636 -42.352 20
2 24 120 -32 20 119.656 -37.22 20
2 24 115.202 -8 11.056 113.59 -8 1.91
2 24 94.138 -5.25 -5.568 91.404 -5.25 -10.805
2 24 115.8235 -.405 -4.977 115.6934 -1.384 -5.3608
2 24 109.28 0 -20 103.472 0 -28.704
2 24 110.0216 0 -18.4975 109.28 0 -20
2 24 107.19 -1.384 -15.505 106.985 -.405 -15.856
2 24 65.3591 -1.384 -55.694 64.9764 -.405 -55.8237
2 24 100 0 20 99.261 0 10.614
2 24 94.6714 0 -4.3404 94.3224 -.373 -5.1776
2 24 116.0681 0 9.9801 115.6601 0 12.2306
2 24 115.6599 0 7.7324 116.0681 0 9.9801
2 24 64.3404 0 -34.6724 58.541 0 -37.063
2 24 53.4969 0 -54.821 52.2444 0 -55.6047
2 24 50.44 0 -59.312 40 0 -60
2 24 82.426 0 -22.426 75.754 0 -28.12
2 24 53.4969 -5.25 -54.821 52.2444 -5.25 -55.6047
2 24 94.036 -8 -29.808 85.656 -8 -37.06
2 24 85.279 0 -25.28 80.823 0 -29.365
2 24 47.7915 0 -55.6047 47.7915 -5.25 -55.6047
2 24 66.947 -.397 -37.682 66.932 -5.25 -37.672
2 24 88.116 0 -15.753 88.116 -5.25 -15.753
2 24 97.682 -.397 -6.948 97.671 -5.25 -6.933
2 24 76.701 0 -46.49 75.855 -.405 -46.985
2 24 70.817 -5.25 -31.399 65.568 -5.25 -34.138
2 24 49.386 -8 -39.261 40 -8 -40
2 24 97.671 -5.25 -6.933 96.64 -5.25 -6.879
2 24 50.0192 -5.25 -56.009 47.7915 -5.25 -55.6047
2 24 52.2444 -5.25 -55.6047 50.0192 -5.25 -56.009
2 24 116.956 -47.308 20 114.64 -52 20
2 24 118.636 -42.352 20 116.956 -47.308 20
2 24 92.689 0 -35.849 91.022 0 -36.327
2 24 103.847 -5.25 16 103.3732 -5.25 11.438
2 24 100.744 -8 -22.809 94.036 -8 -29.808
2 24 112.1872 -.405 -3.8897 112.0692 -1.384 -4.2777
2 24 62.83 -5.25 -39.821 58.92 -5.25 -41.213
2 24 82.426 -8 -22.426 75.729 -8 -28.12
2 24 75.729 -8 -28.12 70.817 -8 -31.399
2 24 85.656 -8 -37.06 74.928 -8 -43.24
2 24 75.754 -5.25 -28.12 70.817 -5.25 -31.399
2 24 120 0 20 100 0 20
2 24 70.817 -8 -31.399 65.62 -8 -34.118
2 24 74.928 -8 -43.24 58.804 -8 -48.688
2 24 65.62 -8 -34.118 58.541 -8 -37.063
2 24 58.541 -8 -37.063 49.386 -8 -39.261
2 24 58.804 -8 -48.688 40 -8 -50.667
2 24 66.215 -5.25 -38.415 62.83 -5.25 -39.821
2 24 66.879 -5.25 -36.64 65.568 -5.25 -34.138
2 24 108.5624 -53.9168 20 105.4556 -57.4556 20
2 24 111.176 -50 20 108.5624 -53.9168 20
2 24 91.394 -8 -10.831 88.116 -8 -15.753
2 24 65.3591 -1.384 -55.694 65.3591 -4.821 -55.694
2 24 115.6934 -1.384 -5.3608 115.6934 -4.821 -5.3608
2 24 105.65 -8 -15.986 100.744 -8 -22.809
2 24 116.019 -8 20 100 -8 20
2 24 94.118 -8 -5.62 91.394 -8 -10.831
2 24 120 0 20 119.312 0 9.56
2 24 110.405 -8 -6.825 105.65 -8 -15.986
2 24 97.063 -8 1.459 94.118 -8 -5.62
2 24 77.2569 -1.384 -50.634 77.2569 -4.821 -50.634
2 24 110.6334 -1.384 -17.2581 110.6334 -4.821 -17.2581
2 24 112.452 0 -2.947 112.1872 -.405 -3.8897
2 24 113.59 -8 1.91 110.405 -8 -6.825
2 24 99.261 -8 10.614 97.063 -8 1.459
2 24 100 -8 20 99.261 -8 10.614
2 24 116.019 -8 20 115.202 -8 11.056
2 24 88.116 0 -15.753 82.426 0 -22.426
2 24 89.365 0 -20.824 85.279 0 -25.28
2 24 50.104 0 -43.214 40 0 -44
2 24 50.44 -4.821 -59.312 40 -4.821 -60
2 24 107.19 -1.384 -15.505 107.19 -5.25 -15.505
2 24 75.505 -1.384 -47.191 75.505 -5.25 -47.191
2 24 102.8944 -5.25 8.412 101.947 -5.25 4
2 24 64.9764 -.405 -55.8237 64.0456 0 -56.1393
2 24 120 0 20 120 -32 20
2 24 116 -32 20 116.03 -17.57 20
2 24 64.2713 -1.384 -52.052 63.883 -.405 -52.169
2 24 103.746 0 -21.386 99.638 0 -27.186
2 24 107.19 -5.25 -15.505 103.746 -5.25 -21.386
2 24 65.5726 -1.341 -34.1493 65.1776 -.373 -34.3234
2 24 101.9168 -60.5624 20 98 -63.176 20
2 24 105.4556 -57.4556 20 101.9168 -60.5624 20
2 24 113.2604 -45.7772 20 111.176 -50 20
2 24 114.7724 -41.3168 20 113.2604 -45.7772 20
2 24 91.404 -5.25 -10.805 88.116 -5.25 -15.753
2 24 85.22 -71.656 18.975 80 -72 18.975
2 24 90.352 -70.636 18.975 85.22 -71.656 18.975
2 24 75.855 -.405 -46.985 75.505 -1.384 -47.191
2 24 113.8721 -5.25 -10.5745 110.589 -5.25 -17.2029
2 24 115.6354 -5.25 -5.3608 113.8721 -5.25 -10.5745
2 24 70.6996 -5.25 -53.4529 65.262 -5.25 -55.302
2 24 77.0722 -5.2532 -50.318 70.6996 -5.25 -53.4529
2 24 77.2569 -4.821 -50.634 77.0722 -5.2532 -50.318
2 24 65.3591 -4.821 -55.694 65.262 -5.25 -55.302
2 24 103.472 0 -28.704 96.569 0 -36.569
2 24 113.571 -5.25 .979 112.0682 -5.25 -4.2774
2 24 115.6934 -4.821 -5.3608 115.6354 -5.25 -5.3608
2 24 110.6334 -4.821 -17.2581 110.589 -5.25 -17.2029
5 24 106.985 -.405 -15.856 110.4544 -.405 -17.6208 106.489 0 -16.702 107.19 -1.384 -15.505
2 24 116.019 -8 20 116.03 -17.57 20
2 24 101.213 -5.25 1.08 99.821 -5.25 -2.831
2 24 115.6904 -36.698 20 114.7724 -41.3168 20
2 24 116 -32 20 115.6904 -36.698 20
5 24 63.883 -.405 -52.169 64.9764 -.405 -55.8237 62.9439 0 -52.4425 64.2713 -1.384 -52.052
2 24 111.736 -56.352 20 108.284 -60.284 20
2 24 114.64 -52 20 111.736 -56.352 20
2 24 85.22 -71.656 20 80 -72 20
2 24 90.352 -70.636 20 85.22 -71.656 20
2 24 104.352 -63.736 20 100 -66.64 20
2 24 108.284 -60.284 20 104.352 -63.736 20
2 24 95.308 -68.956 20 90.352 -70.636 20
2 24 100 -66.64 20 95.308 -68.956 20
2 24 62.9439 0 -52.4425 59.02 0 -53.572
2 24 81.385 0 -43.746 76.701 0 -46.49
2 24 78.4975 0 -50.0216 77.6204 -.405 -50.4546
2 24 66.947 -.397 -37.682 66.237 0 -38.406
2 24 116.1393 0 -4.0456 115.8235 -.405 -4.977
2 24 96.569 0 -36.569 88.704 0 -43.472
2 24 80 0 -49.28 78.4975 0 -50.0216
2 24 88.704 0 -43.472 80 0 -49.28
2 24 65.1776 -.373 -34.3234 64.3404 0 -34.6724
2 24 95.849 -5.25 -32.69 92.689 -5.25 -35.849
2 24 77.6204 -.405 -50.4546 77.2569 -1.384 -50.634
2 24 110.4544 -.405 -17.6208 110.0216 0 -18.4975
2 24 95.849 0 -32.69 92.689 0 -35.849
2 24 110.6334 -1.384 -17.2581 110.4544 -.405 -17.6208
2 24 117.272 0 -.704 116.1393 0 -4.0456
2 24 119.312 0 9.56 117.272 0 -.704
2 24 99.821 0 -2.831 98.406 0 -6.237
2 24 60.704 0 -57.272 50.44 0 -59.312
2 24 64.0456 0 -56.1393 60.704 0 -57.272
2 24 106.489 0 -16.702 103.746 0 -21.386
2 24 106.985 -.405 -15.856 106.489 0 -16.702
5 24 112.1872 -.405 -3.8897 115.8235 -.405 -4.977 112.0692 -1.384 -4.2777 112.452 0 -2.947
2 24 110.589 -5.25 -17.2029 107.19 -5.25 -15.505
2 24 115.6354 -5.25 -5.3608 112.0682 -5.25 -4.2774
2 24 99.261 0 10.614 97.063 0 1.459
2 24 99.638 0 -27.186 99.638 -5.25 -27.186
2 24 81.385 -5.25 -43.746 75.505 -5.25 -47.191
2 24 92.689 -5.25 -35.849 91.022 -5.25 -36.327
2 24 103.213 0 9.896 101.947 0 4
2 24 84.1195 -5.25 -26.343 80.823 -5.25 -29.365
2 24 94.1501 -1.341 -5.5735 94.138 -5.25 -5.568
2 24 89.365 -5.25 -20.824 86.2596 -5.25 -24.2106
2 24 48.475 -5.25 -43.3407 40 -5.25 -44
2 24 56 0 -41.947 50.104 0 -43.214
2 24 56 -5.25 -41.947 51.501 -5.25 -42.9138
2 24 47.7915 0 -55.6047 40 0 -56
2 24 66.932 -5.25 -37.672 66.215 -5.25 -38.415
2 24 47.7915 -5.25 -55.6047 40 -5.25 -56
2 24 50.0192 0 -56.009 47.7915 0 -55.6047
2 24 52.2444 0 -55.6047 50.0192 0 -56.009
2 24 49.386 0 -39.261 40 0 -40
2 24 100 0 20 100 -8 20
2 24 66.932 -5.25 -37.672 66.879 -5.25 -36.64
2 24 58.541 0 -37.063 49.386 0 -39.261
2 24 62.83 0 -39.821 58.92 0 -41.213
2 24 63.883 -.405 -52.169 62.9439 0 -52.4425
2 24 64.2713 -1.384 -52.052 64.2681 -5.25 -52.0414
2 24 65.262 -5.25 -55.302 64.2681 -5.25 -52.0414
2 24 66.237 0 -38.406 62.83 0 -39.821
2 24 77.0722 -5.2532 -50.318 75.505 -5.25 -47.191
2 24 116.0681 -5.25 9.9801 115.6601 -5.25 12.2306
2 24 115.6599 -5.25 7.7324 116.0681 -5.25 9.9801
2 24 65.5726 -1.341 -34.1493 65.568 -5.25 -34.138
2 24 64.2681 -5.25 -52.0414 59.02 -5.25 -53.572
2 24 94.3224 -.373 -5.1776 94.1501 -1.341 -5.5735
5 24 75.855 -.405 -46.985 77.6204 -.405 -50.4546 76.701 0 -46.49 75.505 -1.384 -47.191
2 24 113.571 0 .979 112.452 0 -2.947
2 24 103.847 0 16 103.213 0 9.896
2 24 101.213 0 1.08 99.821 0 -2.831
2 24 98.406 0 -6.237 97.682 -.397 -6.948
2 24 96.64 -5.25 -6.879 94.138 -5.25 -5.568
2 24 103.746 -5.25 -21.386 99.638 -5.25 -27.186
2 24 98.415 -5.25 -6.216 97.671 -5.25 -6.933
2 24 98 -63.176 20 93.7772 -65.2604 20
2 24 93.7772 -65.2604 20 89.3168 -66.7724 20
2 24 89.3168 -66.7724 20 84.698 -67.6904 20
2 24 84.698 -67.6904 20 80 -68 20
2 24 90.352 -70.636 18.975 95.308 -68.956 18.975
2 24 95.308 -68.956 18.975 100 -66.64 18.975
2 24 100 -66.64 18.975 104.352 -63.736 18.975
2 24 104.352 -63.736 18.975 108.284 -60.284 18.975
2 24 108.284 -60.284 18.975 111.736 -56.352 18.975
2 24 111.736 -56.352 18.975 114.64 -52 18.975
2 24 114.64 -52 18.975 116.956 -47.308 18.975
2 24 116.956 -47.308 18.975 118.636 -42.352 18.975
2 24 118.636 -42.352 18.975 119.656 -37.22 19.4875
2 24 119.656 -37.22 19.4875 120 -32 20
5 24 88.704 0 -43.472 88.704 -4.821 -43.472 80 0 -49.28 96.569 -4.821 -36.569
5 24 116 -32 20 113.59 -8 1.91 115.6904 -36.698 20 115.202 -8 11.056
5 24 100 -66.64 20 100 -66.64 18.975 104.352 -63.736 18.975 95.308 -68.956 20
5 24 112.452 0 -2.947 116.1393 0 -4.0456 113.571 0 .979 112.1872 -.405 -3.8897
5 24 58.541 0 -37.063 58.541 -8 -37.063 64.3404 0 -34.6724 49.386 0 -39.261
5 24 90.352 -70.636 18.975 90.352 -70.636 20 85.22 -71.656 20 95.308 -68.956 18.975
2 24 112.0692 -1.384 -4.2777 112.0682 -5.25 -4.2774
5 24 116.0681 -5.25 9.9801 116.0681 0 9.9801 115.6601 -5.25 12.2306 115.6599 0 7.7324
5 24 110.0216 0 -18.4975 106.489 0 -16.702 106.985 -.405 -15.856 109.28 0 -20
5 24 65.3591 -1.384 -55.694 64.2713 -1.384 -52.052 65.3591 -4.821 -55.694 64.9764 -.405 -55.8237
5 24 95.849 -5.25 -32.69 95.849 0 -32.69 92.689 0 -35.849 96.326 -5.25 -31.023
5 24 96.569 0 -36.569 96.569 -4.821 -36.569 88.704 0 -43.472 103.472 0 -28.704
5 24 70.817 -8 -31.399 70.817 -5.25 -31.399 75.729 -8 -28.12 65.62 -8 -34.118
5 24 114.7724 -41.3168 20 113.59 -8 1.91 115.6904 -36.698 20 110.405 -8 -6.825
5 24 115.6904 -36.698 20 113.59 -8 1.91 114.7724 -41.3168 20 116 -32 20
5 24 66.947 -.397 -37.682 66.899 -1.342 -36.682 65.1776 -.373 -34.3234 66.932 -5.25 -37.672
5 24 76.701 0 -46.49 78.4975 0 -50.0216 81.385 0 -43.746 75.855 -.405 -46.985
5 24 50.0192 -5.25 -56.009 50.0192 0 -56.009 52.2444 -5.25 -55.6047 47.7915 0 -55.6047
5 24 116 -32 20 115.202 -8 11.056 116.03 -17.57 20 113.59 -8 1.91
5 24 85.279 -.375 -25.28 85.279 0 -25.28 84.1195 -.375 -26.343 89.365 0 -20.824
5 24 80 -4.821 -49.28 80 0 -49.28 88.704 -4.821 -43.472 78.4975 0 -50.0216
5 24 58.804 -8 -48.688 84.698 -67.6904 20 89.3168 -66.7724 20 80 -68 20
5 24 105.4556 -57.4556 20 94.036 -8 -29.808 85.656 -8 -37.06 108.5624 -53.9168 20
2 24 96.569 -4.821 -36.569 103.472 -4.821 -28.704
5 24 93.7772 -65.2604 20 74.928 -8 -43.24 89.3168 -66.7724 20 98 -63.176 20
5 24 115.6599 -5.25 7.7324 115.6599 0 7.7324 116.0681 -5.25 9.9801 114.2906 0 5.6554
5 24 66.899 -1.342 -36.682 65.5726 -1.341 -34.1493 66.879 -5.25 -36.64 65.1776 -.373 -34.3234
5 24 49.386 -8 -39.261 49.386 0 -39.261 58.541 -8 -37.063 40 -8 -40
5 24 108.284 -60.284 18.975 108.284 -60.284 20 104.352 -63.736 20 111.736 -56.352 18.975
5 24 105.4556 -57.4556 20 85.656 -8 -37.06 94.036 -8 -29.808 101.9168 -60.5624 20
5 24 108.5624 -53.9168 20 94.036 -8 -29.808 111.176 -50 20 105.4556 -57.4556 20
5 24 94.138 -5.25 -5.568 97.063 -8 1.459 94.1501 -1.341 -5.5735 94.118 -8 -5.62
5 24 110.6334 -1.384 -17.2581 107.19 -1.384 -15.505 110.4544 -.405 -17.6208 110.6334 -4.821 -17.2581
5 24 103.746 -5.25 -21.386 103.746 0 -21.386 106.489 0 -16.702 99.638 -5.25 -27.186
5 24 99.261 -8 10.614 99.261 0 10.614 97.063 -8 1.459 100 0 20
5 24 77.2569 -1.384 -50.634 75.505 -1.384 -47.191 77.6204 -.405 -50.4546 77.2569 -4.821 -50.634
5 24 111.176 -50 20 94.036 -8 -29.808 108.5624 -53.9168 20 100.744 -8 -22.809
5 24 94.6714 0 -4.3404 98.406 0 -6.237 99.821 0 -2.831 97.682 -.397 -6.948
5 24 85.22 -71.656 20 85.22 -71.656 18.975 80 -72 20 90.352 -70.636 18.975
5 24 114.64 -52 20 114.64 -52 18.975 116.956 -47.308 18.975 111.736 -56.352 20
5 24 80 -72 18.975 80 -72 20 85.22 -71.656 18.975 60.9 -72 20
5 24 80 -68 20 40 -8 -50.667 58.804 -8 -48.688 60.9 -68 20
5 24 74.928 -8 -43.24 98 -63.176 20 85.656 -8 -37.06 93.7772 -65.2604 20
5 24 97.063 -8 1.459 97.063 0 1.459 94.6714 0 -4.3404 99.261 0 10.614
5 24 64.3404 0 -34.6724 66.237 0 -38.406 62.83 0 -39.821 66.947 -.397 -37.682
5 24 62.83 -5.25 -39.821 62.83 0 -39.821 58.92 0 -41.213 66.215 -5.25 -38.415
5 24 105.65 -8 -15.986 114.7724 -41.3168 20 113.2604 -45.7772 20 110.405 -8 -6.825
5 24 98.406 0 -6.237 98.415 -5.25 -6.216 97.682 -.397 -6.948 99.821 0 -2.831
5 24 99.821 0 -2.831 99.821 -5.25 -2.831 98.415 -5.25 -6.216 101.213 -5.25 1.08
5 24 62.9439 0 -52.4425 64.0456 0 -56.1393 59.02 0 -53.572 63.883 -.405 -52.169
5 24 88.116 -8 -15.753 88.116 -5.25 -15.753 91.394 -8 -10.831 82.426 -8 -22.426
5 24 113.2604 -45.7772 20 105.65 -8 -15.986 114.7724 -41.3168 20 111.176 -50 20
5 24 94.1501 -1.341 -5.5735 96.681 -1.342 -6.9 94.3224 -.373 -5.1776 96.64 -5.25 -6.879
5 24 115.202 -8 11.056 116.03 -17.57 20 116.019 -8 20 116 -32 20
5 24 111.736 -56.352 20 111.736 -56.352 18.975 108.284 -60.284 20 114.64 -52 18.975
2 24 80 -4.821 -49.28 88.704 -4.821 -43.472
2 24 109.28 -4.821 -20 103.472 -4.821 -28.704
5 24 65.62 -8 -34.118 65.568 -5.25 -34.138 58.541 -8 -37.063 70.817 -5.25 -31.399
5 24 66.237 0 -38.406 66.215 -5.25 -38.415 62.83 0 -39.821 66.947 -.397 -37.682
5 24 92.689 -5.25 -35.849 92.689 0 -35.849 91.022 0 -36.327 95.849 -5.25 -32.69
5 24 119.312 0 9.56 119.312 -4.821 9.56 117.272 0 -.704 120 0 20
5 24 65.568 -5.25 -34.138 58.541 -8 -37.063 65.62 -8 -34.118 65.5726 -1.341 -34.1493
5 24 96.681 -1.342 -6.9 97.682 -.397 -6.948 94.3224 -.373 -5.1776 97.671 -5.25 -6.933
2 24 60.704 -4.821 -57.272 65.3591 -4.821 -55.694
5 24 75.729 -8 -28.12 75.754 -5.25 -28.12 70.817 -5.25 -31.399 82.426 -8 -22.426
5 24 97.682 -.397 -6.948 94.3224 -.373 -5.1776 96.681 -1.342 -6.9 94.6714 0 -4.3404
5 24 117.272 0 -.704 117.272 -4.821 -.704 116.1393 0 -4.0456 119.312 -4.821 9.56
5 24 116.956 -47.308 18.975 116.956 -47.308 20 118.636 -42.352 18.975 114.64 -52 20
5 24 104.352 -63.736 18.975 104.352 -63.736 20 108.284 -60.284 18.975 100 -66.64 20
5 24 91.394 -8 -10.831 91.404 -5.25 -10.805 88.116 -5.25 -15.753 94.118 -8 -5.62
5 24 94.118 -8 -5.62 94.138 -5.25 -5.568 97.063 -8 1.459 91.404 -5.25 -10.805
5 24 80 -68 20 58.804 -8 -48.688 40 -8 -50.667 84.698 -67.6904 20
2 24 80 -4.821 -49.28 77.2569 -4.821 -50.634
5 24 81.385 -5.25 -43.746 81.385 0 -43.746 76.701 0 -46.49 87.186 -5.25 -39.639
5 24 50.44 0 -59.312 50.44 -4.821 -59.312 60.704 0 -57.272 40 0 -60
5 24 50.104 0 -43.214 50.104 -.375 -43.214 56 0 -41.947 48.475 -.375 -43.3407
5 24 85.656 -8 -37.06 101.9168 -60.5624 20 105.4556 -57.4556 20 98 -63.176 20
5 24 103.213 -.375 9.896 103.213 0 9.896 103.847 0 16 102.8944 -.375 8.412
5 24 82.426 0 -22.426 82.426 -8 -22.426 75.754 -5.25 -28.12 88.116 -5.25 -15.753
2 24 109.28 -4.821 -20 110.6334 -4.821 -17.2581
5 24 112.0692 -1.384 -4.2777 115.6934 -1.384 -5.3608 112.0682 -5.25 -4.2774 115.8235 -.405 -4.977
5 24 60.704 -4.821 -57.272 60.704 0 -57.272 64.0456 0 -56.1393 50.44 -4.821 -59.312
5 24 110.405 -8 -6.825 114.7724 -41.3168 20 105.65 -8 -15.986 113.59 -8 1.91
5 24 95.308 -68.956 20 95.308 -68.956 18.975 100 -66.64 18.975 90.352 -70.636 20
5 24 103.472 -4.821 -28.704 103.472 0 -28.704 109.28 0 -20 96.569 -4.821 -36.569
5 24 118.636 -42.352 18.975 118.636 -42.352 20 116.956 -47.308 20 119.656 -37.22 19.4875
5 24 52.2444 -5.25 -55.6047 52.2444 0 -55.6047 50.0192 0 -56.009 53.4969 -5.25 -54.821
5 24 65.1776 -.373 -34.3234 66.947 -.397 -37.682 64.3404 0 -34.6724 66.899 -1.342 -36.682
5 24 58.804 -8 -48.688 89.3168 -66.7724 20 84.698 -67.6904 20 74.928 -8 -43.24
5 24 119.656 -37.22 20 119.656 -37.22 19.4875 118.636 -42.352 20 120 -32 20
2 24 50.44 -4.821 -59.312 60.704 -4.821 -57.272
5 24 96.681 -1.342 -6.9 96.64 -5.25 -6.879 97.671 -5.25 -6.933 94.1501 -1.341 -5.5735
5 24 111.176 -50 20 100.744 -8 -22.809 105.65 -8 -15.986 94.036 -8 -29.808
5 24 109.28 0 -20 109.28 -4.821 -20 103.472 -4.821 -28.704 110.0216 0 -18.4975
2 24 96.569 -4.821 -36.569 88.704 -4.821 -43.472
5 24 66.899 -1.342 -36.682 66.879 -5.25 -36.64 66.932 -5.25 -37.672 65.5726 -1.341 -34.1493
5 24 40 -5.25 -44 40 0 -44 48.475 -5.25 -43.3407 -40 -5.25 -44
5 24 40 0 -40 40 -8 -40 -40 0 -40 49.386 0 -39.261
5 24 40 0 -56 40 -5.25 -56 47.7915 0 -55.6047 -40 0 -56
5 24 40 -4.821 -60 40 0 -60 50.44 -4.821 -59.312 -40 -4.821 -60
5 24 75.754 -5.25 -28.12 82.426 0 -22.426 75.729 -8 -28.12 75.754 0 -28.12

3 16 80 -4.821 -49.28 88.704 -4.821 -43.472 104.352 -63.736 18.975
4 16 111.736 -56.352 18.975 96.569 -4.821 -36.569 103.472 -4.821 -28.704 114.64 -52 18.975
3 16 111.736 -56.352 18.975 108.284 -60.284 18.975 96.569 -4.821 -36.569
3 16 108.284 -60.284 18.975 88.704 -4.821 -43.472 96.569 -4.821 -36.569
3 16 108.284 -60.284 18.975 104.352 -63.736 18.975 88.704 -4.821 -43.472
3 16 104.352 -63.736 18.975 100 -66.64 18.975 80 -4.821 -49.28
3 16 103.472 -4.821 -28.704 109.28 -4.821 -20 116.956 -47.308 18.975
3 16 116.956 -47.308 18.975 114.64 -52 18.975 103.472 -4.821 -28.704
3 16 109.28 -4.821 -20 110.589 -5.25 -17.2029 118.636 -42.352 18.975
3 16 110.589 -5.25 -17.2029 113.8721 -5.25 -10.5745 118.636 -42.352 18.975
3 16 118.636 -42.352 18.975 116.956 -47.308 18.975 109.28 -4.821 -20
3 16 113.8721 -5.25 -10.5745 115.6354 -5.25 -5.3608 119.656 -37.22 19.4875
3 16 119.656 -37.22 19.4875 118.636 -42.352 18.975 113.8721 -5.25 -10.5745
4 16 115.6354 -5.25 -5.3608 115.6934 -4.821 -5.3608 117.272 -4.821 -.704 119.656 -37.22 19.4875
4 16 119.312 -4.821 9.56 120 -32 20 119.656 -37.22 19.4875 117.272 -4.821 -.704
4 16 85.22 -71.656 18.975 80 -72 18.975 40 -4.821 -60 50.44 -4.821 -59.312
4 16 90.352 -70.636 18.975 85.22 -71.656 18.975 50.44 -4.821 -59.312 60.704 -4.821 -57.272
3 16 90.352 -70.636 18.975 60.704 -4.821 -57.272 65.262 -5.25 -55.302
4 16 95.308 -68.956 18.975 90.352 -70.636 18.975 65.262 -5.25 -55.302 70.6996 -5.25 -53.4529
4 16 100 -66.64 18.975 95.308 -68.956 18.975 70.6996 -5.25 -53.4529 77.0722 -5.2532 -50.318
4 16 77.2569 -4.821 -50.634 80 -4.821 -49.28 100 -66.64 18.975 77.0722 -5.2532 -50.318
5 24 65.262 -5.25 -55.302 60.704 -4.821 -57.272 65.3591 -4.821 -55.694 90.352 -70.636 18.975
5 24 111.736 -56.352 18.975 96.569 -4.821 -36.569 108.284 -60.284 18.975 114.64 -52 18.975
5 24 96.569 -4.821 -36.569 108.284 -60.284 18.975 88.704 -4.821 -43.472 111.736 -56.352 18.975
5 24 80 -72 18.975 40 -4.821 -60 50.44 -4.821 -59.312 60.9 -72 18.975
5 24 113.8721 -5.25 -10.5745 118.636 -42.352 18.975 119.656 -37.22 19.4875 110.589 -5.25 -17.2029
5 24 117.272 -4.821 -.704 119.312 -4.821 9.56 117.272 0 -.704 120 -32 20
5 24 119.312 -4.821 9.56 120 -32 20 119.312 0 9.56 117.272 -4.821 -.704
5 24 77.2569 -4.821 -50.634 75.505 -5.25 -47.191 75.505 -1.384 -47.191 77.0722 -5.2532 -50.318
5 24 109.28 -4.821 -20 118.636 -42.352 18.975 110.589 -5.25 -17.2029 116.956 -47.308 18.975
5 24 117.272 -4.821 -.704 115.6934 -4.821 -5.3608 119.656 -37.22 19.4875 115.6934 -1.384 -5.3608
5 24 104.352 -63.736 18.975 88.704 -4.821 -43.472 80 -4.821 -49.28 108.284 -60.284 18.975
5 24 88.704 -4.821 -43.472 108.284 -60.284 18.975 96.569 -4.821 -36.569 104.352 -63.736 18.975
5 24 80 -4.821 -49.28 104.352 -63.736 18.975 100 -66.64 18.975 88.704 -4.821 -43.472
5 24 60.704 -4.821 -57.272 90.352 -70.636 18.975 85.22 -71.656 18.975 65.262 -5.25 -55.302
5 24 50.44 -4.821 -59.312 85.22 -71.656 18.975 80 -72 18.975 60.704 -4.821 -57.272
5 24 112.0682 -5.25 -4.2774 115.6934 -4.821 -5.3608 112.0692 -1.384 -4.2777 115.6354 -5.25 -5.3608
5 24 103.472 -4.821 -28.704 114.64 -52 18.975 96.569 -4.821 -36.569 116.956 -47.308 18.975
5 24 70.6996 -5.25 -53.4529 95.308 -68.956 18.975 90.352 -70.636 18.975 77.0722 -5.2532 -50.318
5 24 119.656 -37.22 19.4875 113.8721 -5.25 -10.5745 115.6354 -5.25 -5.3608 118.636 -42.352 18.975
5 24 116.956 -47.308 18.975 109.28 -4.821 -20 103.472 -4.821 -28.704 118.636 -42.352 18.975
5 24 119.656 -37.22 19.4875 117.272 -4.821 -.704 115.6354 -5.25 -5.3608 120 -32 20
5 24 90.352 -70.636 18.975 65.262 -5.25 -55.302 60.704 -4.821 -57.272 70.6996 -5.25 -53.4529
5 24 116.956 -47.308 18.975 103.472 -4.821 -28.704 114.64 -52 18.975 109.28 -4.821 -20
5 24 110.589 -5.25 -17.2029 118.636 -42.352 18.975 113.8721 -5.25 -10.5745 109.28 -4.821 -20
5 24 110.589 -5.25 -17.2029 109.28 -4.821 -20 110.6334 -4.821 -17.2581 118.636 -42.352 18.975
5 24 80 -4.821 -49.28 100 -66.64 18.975 104.352 -63.736 18.975 77.0722 -5.2532 -50.318
5 24 112.1872 -.405 -3.8897 113.571 -5.25 .979 112.0692 -1.384 -4.2777 113.571 0 .979
5 24 97.063 -8 1.459 94.3224 -.373 -5.1776 94.1501 -1.341 -5.5735 97.063 0 1.459
5 24 58.541 -8 -37.063 65.1776 -.373 -34.3234 65.568 -5.25 -34.138 64.3404 0 -34.6724
5 24 110.6334 -4.821 -17.2581 107.19 -5.25 -15.505 110.6334 -1.384 -17.2581 110.589 -5.25 -17.2029
5 24 115.6354 -5.25 -5.3608 119.656 -37.22 19.4875 115.6934 -4.821 -5.3608 113.8721 -5.25 -10.5745
5 24 77.0722 -5.2532 -50.318 100 -66.64 18.975 77.2569 -4.821 -50.634 95.308 -68.956 18.975
5 24 65.3591 -4.821 -55.694 64.2681 -5.25 -52.0414 65.262 -5.25 -55.302 65.3591 -1.384 -55.694