0 ~Minifig Head with White Eyebrows, Beard and Round Black Glasses Pattern - Half
0 Name: s\3626cph5s01.dat
0 Author: Evert-Jan Boer [ejboer]
0 !LDRAW_ORG Subpart UPDATE 2026-01
0 !LICENSE Licensed under CC BY 4.0 : see CAreadme.txt

0 BFC CERTIFY CCW

0 !HISTORY 2026-01-29 [OrionP] Official Update 2026-01


4 16 -12.9999 17 -.0005 -12.0107 17 -4.9751 -12.0107 4 -4.9751 -12.9999 4 -.0005
4 0 -9.1924 10.4053 -9.1922 -9.1924 9.4436 -9.1922 -11.6283 8.7 -5.5473 -11.6283 9.55 -5.5473
4 15 -10.9202 6.25 -6.6068 -11.6283 6 -5.5473 -11.6283 8.7 -5.5473 -10.2971 6.6 -7.5392
4 15 -9.7872 8.3 -8.3021 -10.2971 6.6 -7.5392 -11.6283 8.7 -5.5473 -9.8155 8.55 -8.2598
4 15 -9.7872 8.3 -8.3021 -9.4473 8.35 -8.8107 -9.5323 7.35 -8.6836 -10.2971 6.6 -7.5392
4 15 -9.1924 8.05 -9.1922 -9.5323 7.35 -8.6836 -9.4473 8.35 -8.8107 -9.1924 8.5231 -9.1922
4 15 -9.3907 12.05 -8.8954 -9.1924 10.4053 -9.1922 -11.6283 9.55 -5.5473 -9.6456 12.45 -8.514
3 15 -9.1924 10.4053 -9.1922 -9.3907 12.05 -8.8954 -9.1924 11.9042 -9.1922
4 15 -11.6283 17 -5.5473 -9.6173 13.7 -8.5564 -9.6456 12.45 -8.514 -11.6283 9.55 -5.5473
4 16 -10.9202 6.25 -6.6068 -9.1924 4 -9.1922 -12.0107 4 -4.9751 -11.6283 6 -5.5473
3 16 -9.1924 4 -9.1922 -10.9202 6.25 -6.6068 -10.2971 6.6 -7.5392
3 16 -9.1924 4 -9.1922 -10.2971 6.6 -7.5392 -9.5323 7.35 -8.6836
3 16 -11.6283 8.7 -5.5473 -12.0107 17 -4.9751 -11.6283 9.55 -5.5473
4 16 -11.6283 6 -5.5473 -12.0107 4 -4.9751 -12.0107 17 -4.9751 -11.6283 8.7 -5.5473
3 16 -11.6283 9.55 -5.5473 -12.0107 17 -4.9751 -11.6283 17 -5.5473
4 15 -9.1924 17 -9.1922 -9.504 13.9 -8.7259 -9.6173 13.7 -8.5564 -11.6283 17 -5.5473
4 15 -9.5323 12.65 -8.6836 -9.6456 12.45 -8.514 -9.6173 13.7 -8.5564 -9.3057 13.3 -9.0226
3 15 -9.8155 8.55 -8.2598 -11.6283 8.7 -5.5473 -9.1924 9.4436 -9.1922
4 15 -9.1924 9.1167 -9.1922 -9.504 8.75 -8.7259 -9.8155 8.55 -8.2598 -9.1924 9.4436 -9.1922
3 16 -9.1924 4 -9.1922 -9.5323 7.35 -8.6836 -9.1924 8.05 -9.1922
4 16 -9.504 8.75 -8.7259 -9.4473 8.35 -8.8107 -9.7872 8.3 -8.3021 -9.8155 8.55 -8.2598
4 16 -9.1924 9.1167 -9.1922 -9.1924 8.5231 -9.1922 -9.4473 8.35 -8.8107 -9.504 8.75 -8.7259
4 16 -9.5323 12.65 -8.6836 -9.1924 12.4111 -9.1922 -9.3907 12.05 -8.8954 -9.6456 12.45 -8.514
3 16 -9.1924 11.9042 -9.1922 -9.3907 12.05 -8.8954 -9.1924 12.4111 -9.1922
4 16 -9.504 13.9 -8.7259 -9.3057 13.75 -9.0226 -9.3057 13.3 -9.0226 -9.6173 13.7 -8.5564
4 16 -9.3057 13.75 -9.0226 -9.1924 13.675 -9.1922 -9.1924 13.2273 -9.1922 -9.3057 13.3 -9.0226
4 15 -9.3057 13.3 -9.0226 -9.1924 13.2273 -9.1922 -9.1924 12.4111 -9.1922 -9.5323 12.65 -8.6836
4 15 -9.504 13.9 -8.7259 -9.1924 17 -9.1922 -9.1924 13.675 -9.1922 -9.3057 13.75 -9.0226
4 72 -6.1 10.35 -11.2589 -6.35 10.05 -11.0918 -6.7 10.25 -10.8579 -6.55 10.45 -10.9582
4 72 -5.55 10.4 -11.6265 -5.65 10 -11.5597 -6.35 10.05 -11.0918 -6.1 10.35 -11.2589
4 72 -5.1 10.5 -11.9272 -5.05 10.2 -11.9606 -5.65 10 -11.5597 -5.55 10.4 -11.6265
4 72 -5.65 11.2 -11.5597 -5.95 10.95 -11.3592 -6.4 11.2 -11.0584 -6.15 11.4 -11.2255
4 72 -5.95 10.95 -11.3592 -5.65 11.2 -11.5597 -5.25 11.15 -11.827 -5.4 10.85 -11.7267
3 72 -4.9751 11.7751 -12.0107 -5.2 12 -11.8604 -4.9751 12.1499 -12.0107
4 0 -7.2882 8.7636 -10.4648 -7.8358 8.5033 -10.0989 -8.1005 9.187 -9.922 -7.463 9.3697 -10.348
4 0 -7.2882 8.7636 -10.4648 -7.0043 8.205 -10.6546 -7.5371 7.8272 -10.2985 -7.8358 8.5033 -10.0989
4 0 -6.6222 7.7153 -10.9099 -7.1679 7.2345 -10.5452 -7.5371 7.8272 -10.2985 -7.0043 8.205 -10.6546
4 0 -6.6222 7.7153 -10.9099 -6.1567 7.3135 -11.221 -6.6462 6.7481 -10.8939 -7.1679 7.2345 -10.5452
4 0 -6.6462 6.7481 -10.8939 -6.1567 7.3135 -11.221 -5.6256 7.0149 -11.576 -5.9939 6.3867 -11.3298
4 0 -5.9939 6.3867 -11.3298 -5.6256 7.0149 -11.576 -5.0493 6.8311 -11.9611 -5.2861 6.1641 -11.8029
4 0 -7.463 10.6303 -10.348 -8.1005 10.963 -9.922 -7.8358 11.4967 -10.0989 -7.2882 11.2365 -10.4648
4 0 -7.2882 11.2365 -10.4648 -7.8358 11.4967 -10.0989 -7.5371 12.1728 -10.2985 -7.0043 11.7951 -10.6546
4 0 -7.1679 12.7655 -10.5452 -6.6222 12.2847 -10.9099 -7.0043 11.7951 -10.6546 -7.5371 12.1728 -10.2985
4 0 -6.1567 12.6865 -11.221 -6.6222 12.2847 -10.9099 -7.1679 12.7655 -10.5452 -6.6462 13.2519 -10.8939
4 0 -6.6462 13.2519 -10.8939 -5.9939 13.6133 -11.3298 -5.6256 12.9851 -11.576 -6.1567 12.6865 -11.221
4 0 -5.0493 13.1689 -11.9611 -5.6256 12.9851 -11.576 -5.9939 13.6133 -11.3298 -5.2861 13.8359 -11.8029
3 0 -7.522 10 -10.3086 -8.1005 10.963 -9.922 -7.463 10.6303 -10.348
4 0 -9.0001 10.45 -9.3207 -8.6001 10.8 -9.5881 -7.463 9.3697 -10.348 -8.1005 9.187 -9.922
4 0 -7.522 10 -10.3086 -7.463 9.3697 -10.348 -8.6001 10.8 -9.5881 -8.1005 10.963 -9.922
4 15 -6.4 11.2 -11.0584 -5.95 10.95 -11.3592 -6.1 10.35 -11.2589 -6.55 10.45 -10.9582
4 15 -6.1 10.35 -11.2589 -5.95 10.95 -11.3592 -5.4 10.85 -11.7267 -5.55 10.4 -11.6265
4 15 -4.9751 10.8925 -12.0107 -5.1 10.5 -11.9272 -5.55 10.4 -11.6265 -5.4 10.85 -11.7267
4 15 -5.25 11.15 -11.827 -5.65 11.2 -11.5597 -6.15 11.4 -11.2255 -5.2 12 -11.8604
4 15 -5.6256 12.9851 -11.576 -5.2 12 -11.8604 -6.6222 12.2847 -10.9099 -6.1567 12.6865 -11.221
3 15 -6.15 11.4 -11.2255 -6.6222 12.2847 -10.9099 -5.2 12 -11.8604
4 15 -6.6222 12.2847 -10.9099 -6.15 11.4 -11.2255 -6.4 11.2 -11.0584 -7.0043 11.7951 -10.6546
3 15 -6.4 11.2 -11.0584 -7.2882 11.2365 -10.4648 -7.0043 11.7951 -10.6546
4 15 -6.4 11.2 -11.0584 -6.55 10.45 -10.9582 -7.463 10.6303 -10.348 -7.2882 11.2365 -10.4648
4 15 -6.35 10.05 -11.0918 -7.463 9.3697 -10.348 -7.522 10 -10.3086 -6.7 10.25 -10.8579
4 15 -6.55 10.45 -10.9582 -6.7 10.25 -10.8579 -7.522 10 -10.3086 -7.463 10.6303 -10.348
4 15 -6.95 5.8 -10.6909 -6.95 6.15 -10.6909 -6.65 6.35 -10.8914 -6.2 6.2 -11.1921
4 15 -6.2 6.2 -11.1921 -5.85 5.8 -11.426 -6.65 5.1 -10.8914 -6.95 5.8 -10.6909
4 15 -6 4.7 -11.3258 -6.65 5.1 -10.8914 -5.85 5.8 -11.426 -5.3 5.45 -11.7936
4 15 -5.725 4 -11.5095 -5.95 4.05 -11.3592 -5.95 4.55 -11.3592 -4.9751 4 -12.0107
3 15 -4.9751 4 -12.0107 -5.95 4.55 -11.3592 -5.6 4.55 -11.5931
4 15 -6.2 4.3 -11.1921 -6.25 4.5 -11.1587 -5.95 4.55 -11.3592 -5.95 4.05 -11.3592
4 92 -7.5 13.8 -10.3233 -7.7001 13.25 -10.1896 -7.9501 13.25 -10.0225 -7.9501 13.75 -10.0225
4 92 -7.15 14.55 -10.5572 -7.5 13.8 -10.3233 -7.9501 13.75 -10.0225 -7.7501 14.45 -10.1561
3 92 -7.7501 14.45 -10.1561 -7.2 15.2 -10.5238 -7.15 14.55 -10.5572
4 92 -7.15 14.55 -10.5572 -7.2 15.2 -10.5238 -6.55 15.65 -10.9582 -6.6 15.15 -10.9248
3 92 -7.8 12.85 -10.1228 -7.9501 13.25 -10.0225 -7.7001 13.25 -10.1896
3 92 -5.9 15.55 -11.3926 -6 15.8 -11.3258 -5.55 15.7 -11.6265
4 92 -6.6 15.15 -10.9248 -6.55 15.65 -10.9582 -6 15.8 -11.3258 -5.9 15.55 -11.3926
4 16 -7.1679 12.7655 -10.5452 -7.7001 13.25 -10.1896 -7.5 13.8 -10.3233 -6.6462 13.2519 -10.8939
4 16 -7.5 13.8 -10.3233 -7.15 14.55 -10.5572 -5.9939 13.6133 -11.3298 -6.6462 13.2519 -10.8939
4 16 -7.15 14.55 -10.5572 -6.6 15.15 -10.9248 -5.9 15.55 -11.3926 -5.9939 13.6133 -11.3298
4 16 -5.55 15.7 -11.6265 -5.2861 13.8359 -11.8029 -5.9939 13.6133 -11.3298 -5.9 15.55 -11.3926
4 16 -5.9939 6.3867 -11.3298 -6.2 6.2 -11.1921 -6.65 6.35 -10.8914 -6.6462 6.7481 -10.8939
4 16 -6.2 6.2 -11.1921 -5.9939 6.3867 -11.3298 -5.2861 6.1641 -11.8029 -5.85 5.8 -11.426
3 16 -4.9751 5.3417 -12.0107 -5.3 5.45 -11.7936 -5.85 5.8 -11.426
4 16 -5.2861 6.1641 -11.8029 -4.9751 6.1324 -12.0107 -4.9751 5.3417 -12.0107 -5.85 5.8 -11.426
4 16 -6.65 5.1 -10.8914 -6 4.7 -11.3258 -5.95 4.55 -11.3592 -6.25 4.5 -11.1587
3 16 -5.6 4.55 -11.5931 -5.95 4.55 -11.3592 -6 4.7 -11.3258
4 16 -6.2 4.3 -11.1921 -9.1924 4 -9.1922 -6.65 5.1 -10.8914 -6.25 4.5 -11.1587
3 16 -9.1924 4 -9.1922 -6.95 5.8 -10.6909 -6.65 5.1 -10.8914
4 16 -7.1679 7.2345 -10.5452 -6.6462 6.7481 -10.8939 -6.65 6.35 -10.8914 -6.95 6.15 -10.6909
4 16 -6.95 5.8 -10.6909 -9.1924 4 -9.1922 -7.1679 7.2345 -10.5452 -6.95 6.15 -10.6909
3 15 -4.9751 4 -12.0107 -5.6 4.55 -11.5931 -4.9751 5.3417 -12.0107
4 15 -5.6 4.55 -11.5931 -6 4.7 -11.3258 -5.3 5.45 -11.7936 -4.9751 5.3417 -12.0107
3 16 -9.1924 4 -9.1922 -6.2 4.3 -11.1921 -5.95 4.05 -11.3592
3 16 -5.725 4 -11.5095 -9.1924 4 -9.1922 -5.95 4.05 -11.3592
4 0 -4.9751 6.1324 -12.0107 -5.2861 6.1641 -11.8029 -5.0493 6.8311 -11.9611 -4.9751 6.8234 -12.0107
4 0 -8.1005 9.187 -9.922 -8.5001 9.3 -9.6549 -8.9001 9.5 -9.3876 -9.0001 10.45 -9.3207
4 0 -9.1924 9.4436 -9.1922 -9.1924 10.4053 -9.1922 -9.0001 10.45 -9.3207 -8.9001 9.5 -9.3876
4 0 -4.9751 13.1766 -12.0107 -5.0493 13.1689 -11.9611 -5.2861 13.8359 -11.8029 -4.9751 13.8676 -12.0107
4 72 -4.9751 11.1958 -12.0107 -4.9751 10.8925 -12.0107 -5.4 10.85 -11.7267 -5.25 11.15 -11.827
4 15 -4.9751 12.1499 -12.0107 -5.2 12 -11.8604 -5.6256 12.9851 -11.576 -5.0493 13.1689 -11.9611
3 15 -4.9751 12.1499 -12.0107 -5.0493 13.1689 -11.9611 -4.9751 13.1766 -12.0107
4 15 -4.9751 11.1958 -12.0107 -5.25 11.15 -11.827 -5.2 12 -11.8604 -4.9751 11.7751 -12.0107
3 15 -5.05 10.2 -11.9606 -5.1 10.5 -11.9272 -4.9751 10.8925 -12.0107
4 15 -4.9751 10.8925 -12.0107 -4.9751 6.8234 -12.0107 -5.0493 6.8311 -11.9611 -5.05 10.2 -11.9606
4 15 -5.05 10.2 -11.9606 -5.0493 6.8311 -11.9611 -5.6256 7.0149 -11.576 -5.65 10 -11.5597
4 15 -5.6256 7.0149 -11.576 -6.1567 7.3135 -11.221 -6.6222 7.7153 -10.9099 -5.65 10 -11.5597
4 15 -6.6222 7.7153 -10.9099 -7.0043 8.205 -10.6546 -6.35 10.05 -11.0918 -5.65 10 -11.5597
4 15 -7.463 9.3697 -10.348 -6.35 10.05 -11.0918 -7.0043 8.205 -10.6546 -7.2882 8.7636 -10.4648
3 15 -9.1924 8.05 -9.1922 -9.1924 8.5231 -9.1922 -9.0228 8.6 -9.3056
3 15 -9.1924 9.1167 -9.1922 -9.1924 9.4436 -9.1922 -8.9001 9.5 -9.3876
4 15 -8.9805 11.8 -9.3338 -8.8533 11.1 -9.4189 -9.1924 10.4053 -9.1922 -9.1924 11.9042 -9.1922
3 15 -9.1924 10.4053 -9.1922 -8.8533 11.1 -9.4189 -9.0001 10.45 -9.3207
4 15 -8.6414 12.75 -9.5605 -8.8533 12.5 -9.4189 -8.8957 13.1 -9.3905 -8.5142 13.05 -9.6455
4 15 -8.599 14.4 -9.5888 -8.599 13.65 -9.5888 -9.0228 13.6 -9.3056 -9.0228 14.85 -9.3056
4 15 -8.599 14.4 -9.5888 -8.1327 14.1 -9.9004 -8.3447 13.8 -9.7588 -8.599 13.65 -9.5888
3 15 -7.7501 14.45 -10.1561 -8.0904 14.7 -9.9287 -7.2 15.2 -10.5238
4 15 -7.2003 16.75 -10.5236 -7.1579 16.25 -10.5519 -7.497 16 -10.3253 -7.836 16.4 -10.0987
4 15 -7.1579 16.25 -10.5519 -7.0307 15.95 -10.6369 -7.2003 15.8 -10.5236 -7.497 16 -10.3253
4 15 -9.1924 17 -9.1922 -7.2003 16.75 -10.5236 -7.836 16.4 -10.0987 -8.048 16.3 -9.957
3 15 -7.2003 16.75 -10.5236 -9.1924 17 -9.1922 -7.0731 17 -10.6086
4 15 -5.3777 16.3 -11.7416 -5.8015 17 -11.4584 -4.9751 17 -12.0107 -4.9751 15.8327 -12.0107
4 15 -8.599 14.85 -9.5888 -9.1924 17 -9.1922 -8.048 16.3 -9.957 -7.6665 15.8 -10.212
4 15 -8.0904 14.7 -9.9287 -8.599 14.85 -9.5888 -7.6665 15.8 -10.212 -7.2 15.2 -10.5238
3 16 -9.1924 8.5231 -9.1922 -9.1924 9.1167 -9.1922 -9.0228 8.6 -9.3056
4 16 -9.1924 9.1167 -9.1922 -8.9001 9.5 -9.3876 -8.5001 9.3 -9.6549 -9.0228 8.6 -9.3056
3 16 -7.8358 8.5033 -10.0989 -8.5001 9.3 -9.6549 -8.1005 9.187 -9.922
4 16 -8.5001 9.3 -9.6549 -7.8358 8.5033 -10.0989 -9.1924 8.05 -9.1922 -9.0228 8.6 -9.3056
3 16 -7.5371 7.8272 -10.2985 -9.1924 8.05 -9.1922 -7.8358 8.5033 -10.0989
4 16 -9.1924 8.05 -9.1922 -7.5371 7.8272 -10.2985 -7.1679 7.2345 -10.5452 -9.1924 4 -9.1922
4 16 -9.1924 11.9042 -9.1922 -9.1924 12.4111 -9.1922 -8.8533 12.5 -9.4189 -8.9805 11.8 -9.3338
4 16 -8.8533 12.5 -9.4189 -7.8358 11.4967 -10.0989 -8.8533 11.1 -9.4189 -8.9805 11.8 -9.3338
4 16 -7.8358 11.4967 -10.0989 -8.1005 10.963 -9.922 -8.6001 10.8 -9.5881 -8.8533 11.1 -9.4189
3 16 -9.0001 10.45 -9.3207 -8.8533 11.1 -9.4189 -8.6001 10.8 -9.5881
4 16 -7.5371 12.1728 -10.2985 -7.8358 11.4967 -10.0989 -8.8533 12.5 -9.4189 -8.6414 12.75 -9.5605
3 16 -7.5371 12.1728 -10.2985 -8.6414 12.75 -9.5605 -7.8 12.85 -10.1228
4 16 -7.7001 13.25 -10.1896 -7.1679 12.7655 -10.5452 -7.5371 12.1728 -10.2985 -7.8 12.85 -10.1228
4 16 -7.8 12.85 -10.1228 -8.6414 12.75 -9.5605 -8.5142 13.05 -9.6455 -7.9501 13.25 -10.0225
4 16 -9.1924 13.675 -9.1922 -9.0228 13.6 -9.3056 -8.8957 13.1 -9.3905 -9.1924 13.2273 -9.1922
4 16 -9.0228 13.6 -9.3056 -8.599 13.65 -9.5888 -8.5142 13.05 -9.6455 -8.8957 13.1 -9.3905
4 16 -7.9501 13.25 -10.0225 -8.5142 13.05 -9.6455 -8.599 13.65 -9.5888 -8.3447 13.8 -9.7588
4 16 -7.9501 13.25 -10.0225 -8.3447 13.8 -9.7588 -8.1327 14.1 -9.9004 -7.9501 13.75 -10.0225
4 16 -9.0228 14.85 -9.3056 -8.599 14.85 -9.5888 -8.0904 14.7 -9.9287 -8.599 14.4 -9.5888
3 16 -8.1327 14.1 -9.9004 -8.599 14.4 -9.5888 -8.0904 14.7 -9.9287
4 16 -7.9501 13.75 -10.0225 -8.1327 14.1 -9.9004 -8.0904 14.7 -9.9287 -7.7501 14.45 -10.1561
4 15 -8.8957 13.1 -9.3905 -8.8533 12.5 -9.4189 -9.1924 12.4111 -9.1922 -9.1924 13.2273 -9.1922
4 15 -9.0228 13.6 -9.3056 -9.1924 13.675 -9.1922 -9.1924 17 -9.1922 -9.0228 14.85 -9.3056
3 15 -8.599 14.85 -9.5888 -9.0228 14.85 -9.3056 -9.1924 17 -9.1922
4 16 -8.048 16.3 -9.957 -7.836 16.4 -10.0987 -7.497 16 -10.3253 -7.6665 15.8 -10.212
4 16 -7.497 16 -10.3253 -7.2003 15.8 -10.5236 -7.2 15.2 -10.5238 -7.6665 15.8 -10.212
4 16 -7.0307 15.95 -10.6369 -6.55 15.65 -10.9582 -7.2 15.2 -10.5238 -7.2003 15.8 -10.5236
4 16 -7.1579 16.25 -10.5519 -6 15.8 -11.3258 -6.55 15.65 -10.9582 -7.0307 15.95 -10.6369
4 16 -4.9751 15.8327 -12.0107 -5.55 15.7 -11.6265 -6 15.8 -11.3258 -5.3777 16.3 -11.7416
4 16 -7.0731 17 -10.6086 -5.8015 17 -11.4584 -7.1579 16.25 -10.5519 -7.2003 16.75 -10.5236
4 16 -6 15.8 -11.3258 -7.1579 16.25 -10.5519 -5.8015 17 -11.4584 -5.3777 16.3 -11.7416
4 16 -4.9751 13.8676 -12.0107 -5.2861 13.8359 -11.8029 -5.55 15.7 -11.6265 -4.9751 15.8327 -12.0107
4 15 -3.809 9.7031 -12.2426 -3.3913 9.3483 -12.3256 -3.9304 9.2499 -12.2184 -3.9091 9.4871 -12.2227
4 15 -3.4429 9.9485 -12.3154 -3.3913 9.3483 -12.3256 -3.809 9.7031 -12.2426 -3.6453 9.8651 -12.2751
3 15 -3.3913 9.3483 -12.3256 -3.4429 9.9485 -12.3154 -3.2327 9.9405 -12.3572
4 15 -3.2327 9.9405 -12.3572 -3.0466 9.8423 -12.3942 -2.9131 9.6689 -12.4207 -3.3913 9.3483 -12.3256
3 15 -3.3913 9.3483 -12.3256 -2.9131 9.6689 -12.4207 -2.8523 9.4468 -12.4328
4 15 -2.8523 9.4468 -12.4328 -2.8736 9.2096 -12.4286 -2.9737 8.9936 -12.4087 -3.3913 9.3483 -12.3256
4 15 -2.9737 8.9936 -12.4087 -3.1374 8.8316 -12.3761 -3.3398 8.7482 -12.3359 -3.3913 9.3483 -12.3256
4 15 -3.3398 8.7482 -12.3359 -3.55 8.7562 -12.2941 -3.7361 8.8544 -12.2571 -3.3913 9.3483 -12.3256
4 15 -3.9304 9.2499 -12.2184 -3.3913 9.3483 -12.3256 -3.7361 8.8544 -12.2571 -3.8696 9.0278 -12.2305
4 0 -3.9247 8.345 -12.2196 -4.3695 8.6981 -12.1311 -3.8696 9.0278 -12.2305 -3.7361 8.8544 -12.2571
4 0 -3.4 8.221 -12.3239 -3.9247 8.345 -12.2196 -3.7361 8.8544 -12.2571 -3.55 8.7562 -12.2941
3 0 -3.4 8.221 -12.3239 -3.55 8.7562 -12.2941 -3.3398 8.7482 -12.3359
4 0 -3.4 8.221 -12.3239 -3.3398 8.7482 -12.3359 -3.1374 8.8316 -12.3761 -2.8753 8.345 -12.4283
4 0 -2.8753 8.345 -12.4283 -3.1374 8.8316 -12.3761 -2.9737 8.9936 -12.4087 -2.4305 8.6981 -12.5167
4 0 -2.4305 8.6981 -12.5167 -2.9737 8.9936 -12.4087 -2.8736 9.2096 -12.4286 -2.1333 9.2266 -12.5758
3 0 -2.8736 9.2096 -12.4286 -2.8523 9.4468 -12.4328 -2.1333 9.2266 -12.5758
4 0 -2.9131 9.6689 -12.4207 -2.029 9.85 -12.5965 -2.1333 9.2266 -12.5758 -2.8523 9.4468 -12.4328
4 0 -3.0466 9.8423 -12.3942 -2.1333 10.4734 -12.5758 -2.029 9.85 -12.5965 -2.9131 9.6689 -12.4207
4 0 -3.0466 9.8423 -12.3942 -3.2327 9.9405 -12.3572 -3.4 11.479 -12.3239 -2.1333 10.4734 -12.5758
4 0 -2.8753 11.355 -12.4283 -2.4305 11.0019 -12.5167 -2.1333 10.4734 -12.5758 -3.4 11.479 -12.3239
4 0 -3.2327 9.9405 -12.3572 -3.4429 9.9485 -12.3154 -3.9247 11.355 -12.2196 -3.4 11.479 -12.3239
4 0 -3.4429 9.9485 -12.3154 -3.6453 9.8651 -12.2751 -4.3695 11.0019 -12.1311 -3.9247 11.355 -12.2196
4 0 -4.3695 11.0019 -12.1311 -3.6453 9.8651 -12.2751 -3.809 9.7031 -12.2426 -4.6667 10.4734 -12.072
4 0 -4.6667 10.4734 -12.072 -3.809 9.7031 -12.2426 -3.9091 9.4871 -12.2227 -4.771 9.85 -12.0513
3 0 -4.6667 9.2266 -12.072 -4.771 9.85 -12.0513 -3.9091 9.4871 -12.2227
4 0 -3.9091 9.4871 -12.2227 -3.9304 9.2499 -12.2184 -4.3695 8.6981 -12.1311 -4.6667 9.2266 -12.072
3 0 -4.3695 8.6981 -12.1311 -3.9304 9.2499 -12.2184 -3.8696 9.0278 -12.2305
4 72 -4.9751 12.1499 -12.0107 -4.55 11.85 -12.0952 -4.95 11.75 -12.0157 -4.9751 11.7751 -12.0107
4 72 -4.9751 12.1499 -12.0107 -4.9001 12.2 -12.0256 -3.7 12.25 -12.2643 -4.55 11.85 -12.0952
3 72 -4.9001 12.2 -12.0256 -4.45 12.3 -12.1151 -3.7 12.25 -12.2643
4 72 -3.7 12.25 -12.2643 -3.05 12 -12.3935 -3.95 11.85 -12.2145 -4.55 11.85 -12.0952
4 72 -3.55 11.75 -12.2941 -3.95 11.85 -12.2145 -3.05 12 -12.3935 -2.6 11.65 -12.483
4 72 -3.15 11.55 -12.3736 -3.55 11.75 -12.2941 -2.6 11.65 -12.483 -2.45 11.3 -12.5128
3 72 -2.45 11.3 -12.5128 -2.8753 11.355 -12.4283 -3.15 11.55 -12.3736
3 72 -2.4305 11.0019 -12.5167 -2.8753 11.355 -12.4283 -2.45 11.3 -12.5128
4 0 -3.8507 6.8311 -12.2343 -3.8139 6.1641 -12.2416 -4.55 6.089 -12.0952 -4.45 6.769 -12.1151
4 0 -3.8139 6.1641 -12.2416 -3.8507 6.8311 -12.2343 -3.2744 7.0149 -12.3489 -3.1061 6.3867 -12.3824
4 0 -3.1061 6.3867 -12.3824 -3.2744 7.0149 -12.3489 -2.7433 7.3135 -12.4545 -2.4537 6.7481 -12.5121
4 0 -2.2777 7.7153 -12.5471 -1.882 7.2345 -12.6258 -2.4537 6.7481 -12.5121 -2.7433 7.3135 -12.4545
4 0 -1.8957 8.205 -12.623 -1.4128 7.8272 -12.7191 -1.882 7.2345 -12.6258 -2.2777 7.7153 -12.5471
4 0 -.8494 9.237 -12.8311 -1.4369 9.3697 -12.7143 -1.3779 10 -12.726 -.7769 10 -12.8455
4 0 -1.8957 11.7951 -12.623 -1.4128 12.1728 -12.7191 -1.0141 11.45 -12.7984 -1.6117 11.2365 -12.6795
4 0 -1.8957 11.7951 -12.623 -2.2777 12.2847 -12.5471 -1.882 12.7655 -12.6258 -1.4128 12.1728 -12.7191
4 0 -2.2777 12.2847 -12.5471 -2.7433 12.6865 -12.4545 -2.4537 13.2519 -12.5121 -1.882 12.7655 -12.6258
4 0 -3.1061 13.6133 -12.3824 -2.4537 13.2519 -12.5121 -2.7433 12.6865 -12.4545 -3.2744 12.9851 -12.3489
4 0 -3.8139 13.8359 -12.2416 -3.1061 13.6133 -12.3824 -3.2744 12.9851 -12.3489 -3.8507 13.1689 -12.2343
4 0 -3.8507 13.1689 -12.2343 -4.45 13.231 -12.1151 -4.55 13.911 -12.0952 -3.8139 13.8359 -12.2416
4 15 -4.95 11.2 -12.0157 -4.3695 11.0019 -12.1311 -4.6667 10.4734 -12.072 -4.9001 10.9 -12.0256
4 15 -4.55 11.85 -12.0952 -3.95 11.85 -12.2145 -4.3695 11.0019 -12.1311 -4.95 11.75 -12.0157
3 15 -4.3695 11.0019 -12.1311 -3.95 11.85 -12.2145 -3.9247 11.355 -12.2196
4 15 -3.95 11.85 -12.2145 -3.55 11.75 -12.2941 -3.4 11.479 -12.3239 -3.9247 11.355 -12.2196
4 15 -2.8753 11.355 -12.4283 -3.4 11.479 -12.3239 -3.55 11.75 -12.2941 -3.15 11.55 -12.3736
4 15 -4.9751 11.7751 -12.0107 -4.95 11.75 -12.0157 -4.95 11.2 -12.0157 -4.9751 11.1958 -12.0107
3 15 -4.3695 11.0019 -12.1311 -4.95 11.2 -12.0157 -4.95 11.75 -12.0157
4 15 -3.9247 8.345 -12.2196 -3.4 8.221 -12.3239 -3.2744 7.0149 -12.3489 -3.8507 6.8311 -12.2343
4 15 -2.8753 8.345 -12.4283 -2.7433 7.3135 -12.4545 -3.2744 7.0149 -12.3489 -3.4 8.221 -12.3239
4 15 -2.7433 7.3135 -12.4545 -2.8753 8.345 -12.4283 -2.4305 8.6981 -12.5167 -2.2777 7.7153 -12.5471
4 15 -2.2777 7.7153 -12.5471 -2.4305 8.6981 -12.5167 -1.6117 8.7636 -12.6795 -1.8957 8.205 -12.623
4 15 -2.4305 8.6981 -12.5167 -2.1333 9.2266 -12.5758 -1.4369 9.3697 -12.7143 -1.6117 8.7636 -12.6795
4 15 -1.4369 10.6303 -12.7143 -1.3779 10 -12.726 -2.029 9.85 -12.5965 -2.1333 10.4734 -12.5758
4 15 -2.1333 9.2266 -12.5758 -2.029 9.85 -12.5965 -1.3779 10 -12.726 -1.4369 9.3697 -12.7143
4 15 -1.4369 10.6303 -12.7143 -2.1333 10.4734 -12.5758 -2.4305 11.0019 -12.5167 -1.6117 11.2365 -12.6795
4 15 -2.4305 11.0019 -12.5167 -2.45 11.3 -12.5128 -1.8957 11.7951 -12.623 -1.6117 11.2365 -12.6795
4 15 -2.45 11.3 -12.5128 -2.6 11.65 -12.483 -2.2777 12.2847 -12.5471 -1.8957 11.7951 -12.623
4 15 -2.2777 12.2847 -12.5471 -2.6 11.65 -12.483 -3.05 12 -12.3935 -2.7433 12.6865 -12.4545
4 15 -2.7433 12.6865 -12.4545 -3.05 12 -12.3935 -3.7 12.25 -12.2643 -3.2744 12.9851 -12.3489
4 15 -4.9001 12.2 -12.0256 -4.45 13.231 -12.1151 -3.8507 13.1689 -12.2343 -4.45 12.3 -12.1151
4 15 -3.2744 12.9851 -12.3489 -3.7 12.25 -12.2643 -4.45 12.3 -12.1151 -3.8507 13.1689 -12.2343
4 0 -3.4 16.65 -12.3239 -3.05 16.75 -12.3935 -2.8 16.5 -12.4432 -3.15 16.3 -12.3736
4 0 -3.15 16.3 -12.3736 -2.8 16.5 -12.4432 -2.3 16.75 -12.5426 -2.6499 15.9 -12.4731
4 0 -2.6499 15.9 -12.4731 -2.3 16.75 -12.5426 -1.6499 16.9 -12.6719 -2 15.6 -12.6023
4 0 -2 15.6 -12.6023 -1.6499 16.9 -12.6719 -.7499 16.95 -12.8509 -1.0499 15.4 -12.7912
4 0 -1.0499 15.4 -12.7912 -.7499 16.95 -12.8509 0 17 -13 0 15.3 -13
4 0 -3.625 17 -12.2792 -3.2125 17 -12.3612 -3.05 16.75 -12.3935 -3.4 16.65 -12.3239
4 92 -1.6999 4.6 -12.662 -1.0999 5 -12.7813 -1.3856 4 -12.7245 -2.1 4.25 -12.5824
4 92 -.5499 5.25 -12.8907 0 5.35 -13 -.5499 4.55 -12.8907 -.9999 4.3 -12.8012
4 92 -.9999 4.3 -12.8012 -1.3856 4 -12.7245 -1.0999 5 -12.7813 -.5499 5.25 -12.8907
3 92 -.5499 4.55 -12.8907 0 5.35 -13 -.1499 4.65 -12.9702
3 92 0 4.65 -13 -.1499 4.65 -12.9702 0 5.35 -13
4 15 -4 5.3 -12.2046 -3.95 4.15 -12.2145 -4.9751 4 -12.0107 -4.7 5.25 -12.0654
4 15 -3.95 4.15 -12.2145 -4 5.3 -12.2046 -3.25 5.55 -12.3537 -2.95 4.5 -12.4134
4 15 -2.95 4.5 -12.4134 -3.25 5.55 -12.3537 -2.7 5.9 -12.4631 -2.35 4.85 -12.5327
4 15 -1.8999 5.3 -12.6222 -2.35 4.85 -12.5327 -2.7 5.9 -12.4631 -1.6499 5.8 -12.6719
4 15 -1.8999 6.25 -12.6222 -1.6 6.15 -12.6818 -2.7 5.9 -12.4631 -2.2 6.2 -12.5625
3 15 -1.6499 5.8 -12.6719 -2.7 5.9 -12.4631 -1.6 6.15 -12.6818
4 15 -1.95 14.25 -12.6122 -2.1499 14.25 -12.5725 -2 15.6 -12.6023 -1.0499 15.4 -12.7912
4 15 -1.0499 15.4 -12.7912 0 15.3 -13 -1.4499 13.5 -12.7117 -1.75 13.85 -12.652
4 15 -1.4499 13.5 -12.7117 0 15.3 -13 0 13.3 -13 -.6999 13.35 -12.8608
4 15 -4.9751 15.8327 -12.0107 -3.4 16.65 -12.3239 -3.15 16.3 -12.3736 -4.6 15.25 -12.0853
4 15 -4.05 14.6 -12.1947 -4.6 15.25 -12.0853 -2.6499 15.9 -12.4731 -2 15.6 -12.6023
3 15 -4.6 15.25 -12.0853 -3.15 16.3 -12.3736 -2.6499 15.9 -12.4731
4 15 -2 15.6 -12.6023 -2.1499 14.25 -12.5725 -3.2 14 -12.3637 -4.05 14.6 -12.1947
3 15 -2.1 13.9 -12.5824 -3.2 14 -12.3637 -2.1499 14.25 -12.5725
3 15 -1.75 13.85 -12.652 -1.95 14.25 -12.6122 -1.0499 15.4 -12.7912
3 15 -1.95 13.55 -12.6122 -3.2 14 -12.3637 -2.1 13.9 -12.5824
4 16 -3.2125 17 -12.3612 -2.3 16.75 -12.5426 -2.8 16.5 -12.4432 -3.05 16.75 -12.3935
4 16 -1.75 13.85 -12.652 -2.1 13.9 -12.5824 -2.1499 14.25 -12.5725 -1.95 14.25 -12.6122
4 16 -2.1 13.9 -12.5824 -1.75 13.85 -12.652 -1.4499 13.5 -12.7117 -1.95 13.55 -12.6122
4 16 -2.4537 13.2519 -12.5121 -1.95 13.55 -12.6122 -1.4499 13.5 -12.7117 -1.882 12.7655 -12.6258
4 16 -1.882 12.7655 -12.6258 -1.4499 13.5 -12.7117 -.6999 13.35 -12.8608 -1.4128 12.1728 -12.7191
4 16 -1.4128 12.1728 -12.7191 -.6999 13.35 -12.8608 0 13.3 -13 -1.0141 11.45 -12.7984
3 16 0 11.45 -13 -1.0141 11.45 -12.7984 0 13.3 -13
4 16 -3.2 14 -12.3637 -3.8139 13.8359 -12.2416 -4.55 13.911 -12.0952 -4.05 14.6 -12.1947
3 16 -2.4537 13.2519 -12.5121 -3.1061 13.6133 -12.3824 -1.95 13.55 -12.6122
4 16 -3.8139 13.8359 -12.2416 -3.2 14 -12.3637 -1.95 13.55 -12.6122 -3.1061 13.6133 -12.3824
4 16 -4.9751 13.8676 -12.0107 -4.6 15.25 -12.0853 -4.05 14.6 -12.1947 -4.55 13.911 -12.0952
4 0 -1.6117 8.7636 -12.6795 -1.169 8.3 -12.7675 -1.4128 7.8272 -12.7191 -1.8957 8.205 -12.623
4 0 -1.4369 9.3697 -12.7143 -.8494 9.237 -12.8311 -.948 8.9 -12.8115 -1.6117 8.7636 -12.6795
4 0 -1.6117 11.2365 -12.6795 -1.0141 11.45 -12.7984 -.8895 10.9 -12.8231 -1.4369 10.6303 -12.7143
4 16 -.8949 4 -12.8221 -1.3856 4 -12.7245 -.9999 4.3 -12.8012 -.5499 4.55 -12.8907
4 16 0 4 -13 -.8949 4 -12.8221 -.5499 4.55 -12.8907 0 4.65 -13
3 16 -.5499 4.55 -12.8907 -.1499 4.65 -12.9702 0 4.65 -13
3 16 -2.1 4.25 -12.5824 -2.95 4.5 -12.4134 -2.35 4.85 -12.5327
4 16 -2.95 4.5 -12.4134 -2.1 4.25 -12.5824 -2.5166 4 -12.4996 -3.95 4.15 -12.2145
4 16 -1.6999 4.6 -12.662 -2.1 4.25 -12.5824 -2.35 4.85 -12.5327 -1.8999 5.3 -12.6222
4 16 -1.6499 5.8 -12.6719 -1.0999 5 -12.7813 -1.6999 4.6 -12.662 -1.8999 5.3 -12.6222
4 16 -1.6 6.15 -12.6818 -.5499 5.25 -12.8907 -1.0999 5 -12.7813 -1.6499 5.8 -12.6719
4 16 -1.882 7.2345 -12.6258 0 5.35 -13 -.5499 5.25 -12.8907 -1.6 6.15 -12.6818
4 16 0 8.3 -13 0 5.35 -13 -1.882 7.2345 -12.6258 -1.4128 7.8272 -12.7191
3 16 -1.4128 7.8272 -12.7191 -1.169 8.3 -12.7675 0 8.3 -13
3 16 -4 5.3 -12.2046 -2.7 5.9 -12.4631 -3.25 5.55 -12.3537
4 16 -4.55 6.089 -12.0952 -3.8139 6.1641 -12.2416 -2.7 5.9 -12.4631 -4 5.3 -12.2046
4 16 -2.7 5.9 -12.4631 -3.8139 6.1641 -12.2416 -3.1061 6.3867 -12.3824 -2.2 6.2 -12.5625
3 16 -2.2 6.2 -12.5625 -3.1061 6.3867 -12.3824 -2.4537 6.7481 -12.5121
4 16 -1.8999 6.25 -12.6222 -2.2 6.2 -12.5625 -2.4537 6.7481 -12.5121 -1.882 7.2345 -12.6258
3 16 -1.6 6.15 -12.6818 -1.8999 6.25 -12.6222 -1.882 7.2345 -12.6258
4 0 -1.6117 8.7636 -12.6795 -.948 8.9 -12.8115 -.5 8.9 -12.9006 -1.169 8.3 -12.7675
4 0 0 8.9 -13 0 8.3 -13 -1.169 8.3 -12.7675 -.5 8.9 -12.9006
4 0 -.8895 10.9 -12.8231 -1.0141 11.45 -12.7984 0 11.45 -13 -.45 10.9 -12.9105
3 0 0 10.9 -13 -.45 10.9 -12.9105 0 11.45 -13
4 0 -1.4369 10.6303 -12.7143 -.8895 10.9 -12.8231 -.7769 10 -12.8455 -1.3779 10 -12.726
3 15 -4.9751 4 -12.0107 -4.9751 5.3417 -12.0107 -4.7 5.25 -12.0654
3 92 -1.3856 4 -12.7245 -2.5166 4 -12.4996 -2.1 4.25 -12.5824
3 16 -2.5166 4 -12.4996 -4.9751 4 -12.0107 -3.95 4.15 -12.2145
3 16 -4.9751 5.3417 -12.0107 -4.9751 6.1324 -12.0107 -4.55 6.089 -12.0952
4 16 -4 5.3 -12.2046 -4.7 5.25 -12.0654 -4.9751 5.3417 -12.0107 -4.55 6.089 -12.0952
4 0 -4.9751 6.8234 -12.0107 -4.45 6.769 -12.1151 -4.55 6.089 -12.0952 -4.9751 6.1324 -12.0107
4 0 -4.45 13.231 -12.1151 -4.9751 13.1766 -12.0107 -4.9751 13.8676 -12.0107 -4.55 13.911 -12.0952
4 72 -4.95 11.2 -12.0157 -4.9001 10.9 -12.0256 -4.9751 10.8925 -12.0107 -4.9751 11.1958 -12.0107
4 15 -4.9751 12.1499 -12.0107 -4.9751 13.1766 -12.0107 -4.45 13.231 -12.1151 -4.9001 12.2 -12.0256
4 15 -3.8507 6.8311 -12.2343 -4.45 6.769 -12.1151 -4.3695 8.6981 -12.1311 -3.9247 8.345 -12.2196
4 15 -4.3695 8.6981 -12.1311 -4.45 6.769 -12.1151 -4.9751 6.8234 -12.0107 -4.6667 9.2266 -12.072
4 15 -4.9751 10.8925 -12.0107 -4.771 9.85 -12.0513 -4.6667 9.2266 -12.072 -4.9751 6.8234 -12.0107
4 15 -4.9751 10.8925 -12.0107 -4.9001 10.9 -12.0256 -4.6667 10.4734 -12.072 -4.771 9.85 -12.0513
4 15 -3.625 17 -12.2792 -3.4 16.65 -12.3239 -4.9751 15.8327 -12.0107 -4.9751 17 -12.0107
3 16 -2.3 16.75 -12.5426 -3.2125 17 -12.3612 -1.6499 16.9 -12.6719
4 16 -1.6499 16.9 -12.6719 -3.2125 17 -12.3612 0 17 -13 -.7499 16.95 -12.8509
3 16 -4.9751 13.8676 -12.0107 -4.9751 15.8327 -12.0107 -4.6 15.25 -12.0853
4 16 -3.0616 0 -7.3912 -3.7935 .3046 -9.1591 0 .3046 -9.9135 0 0 -8
4 16 0 1.1718 -11.5352 0 .3046 -9.9135 -3.7935 .3046 -9.1591 -4.4144 1.1718 -10.6576
4 92 -3.1001 2.35 -11.9034 -3.1398 2.4691 -11.9951 -1.8927 2.4691 -12.243 -2.5001 2.35 -12.0227
4 16 -4.4144 1.1718 -10.6576 -4.8296 2.4691 -11.6592 -3.1398 2.4691 -11.9951 -3.1001 2.35 -11.9034
4 16 -3.1001 2.35 -11.9034 -2.5001 2.35 -12.0227 0 1.1718 -11.5352 -4.4144 1.1718 -10.6576
4 16 -2.5001 2.35 -12.0227 -1.8927 2.4691 -12.243 0 2.4691 -12.6192 0 1.1718 -11.5352
4 16 -5.6569 0 -5.6567 -7.0099 .3046 -7.009 -3.7935 .3046 -9.1591 -3.0616 0 -7.3912
4 16 -4.4144 1.1718 -10.6576 -3.7935 .3046 -9.1591 -7.0099 .3046 -7.009 -8.1566 1.1718 -8.1569
4 16 -4.8296 2.4691 -11.6592 -4.4144 1.1718 -10.6576 -8.1566 1.1718 -8.1569 -8.9231 2.4691 -8.9233
4 16 -7.0099 .3046 -7.009 -5.6569 0 -5.6567 -7.3912 0 -3.0616 -9.1591 .3046 -3.7934
4 16 -9.1591 .3046 -3.7934 -10.6576 1.1718 -4.4142 -8.1566 1.1718 -8.1569 -7.0099 .3046 -7.009
4 16 -10.6576 1.1718 -4.4142 -11.6592 2.4691 -4.8296 -8.9231 2.4691 -8.9233 -8.1566 1.1718 -8.1569
4 16 -7.9999 0 -.0005 -9.913 .3046 -.002 -9.1591 .3046 -3.7934 -7.3912 0 -3.0616
4 16 -10.6576 1.1718 -4.4142 -9.1591 .3046 -3.7934 -9.913 .3046 -.002 -11.5354 1.1718 .0013
4 16 -11.6592 2.4691 -4.8296 -10.6576 1.1718 -4.4142 -11.5354 1.1718 .0013 -12.6193 2.4691 .0006
4 16 -9.9132 20.6954 -.002 -7.9999 21 -.0005 -7.3912 21 -3.0616 -9.1592 20.6954 -3.7936
4 16 -9.1592 20.6954 -3.7936 -10.6576 19.8282 -4.4144 -11.5354 19.8282 .001 -9.9132 20.6954 -.002
4 16 -10.6576 19.8282 -4.4144 -11.6593 18.5309 -4.8293 -12.6193 18.5309 .0005 -11.5354 19.8282 .001
4 16 -9.1592 20.6954 -3.7936 -7.3912 21 -3.0616 -5.6569 21 -5.6567 -7.01 20.6954 -7.0092
4 16 -7.01 20.6954 -7.0092 -8.1566 19.8282 -8.157 -10.6576 19.8282 -4.4144 -9.1592 20.6954 -3.7936
3 15 -9.045 18.9 -8.1967 -9.2926 19.2 -7.3838 -8.6965 19.25 -8.202
3 15 -10.1485 18.95 -6.4719 -10.3715 19.1 -5.917 -9.8308 19.2 -6.5786
4 16 -10.3715 19.1 -5.917 -11.0526 18.5309 -5.7372 -11.6593 18.5309 -4.8293 -10.6576 19.8282 -4.4144
3 16 -10.3715 19.1 -5.917 -10.6576 19.8282 -4.4144 -9.8308 19.2 -6.5786
3 16 -9.9231 18.9 -6.8829 -9.8308 19.2 -6.5786 -9.2926 19.2 -7.3838
4 16 -9.8308 19.2 -6.5786 -10.6576 19.8282 -4.4144 -8.1566 19.8282 -8.157 -9.2926 19.2 -7.3838
3 16 -9.2926 19.2 -7.3838 -8.1566 19.8282 -8.157 -8.6965 19.25 -8.202
4 16 -9.2868 18.5309 -8.3792 -9.045 18.9 -8.1967 -8.773 18.8809 -8.6318 -9.1099 18.5309 -8.6439
4 16 -8.6875 18.9298 -8.6875 -8.773 18.8809 -8.6318 -9.045 18.9 -8.1967 -8.6965 19.25 -8.202
4 16 -9.8308 19.2 -6.5786 -9.9231 18.9 -6.8829 -10.5199 18.5309 -6.5342 -10.1485 18.95 -6.4719
3 16 -10.3521 18.5309 -6.7853 -10.5199 18.5309 -6.5342 -9.9231 18.9 -6.8829
4 15 -10.1485 18.95 -6.4719 -10.5199 18.5309 -6.5342 -11.0526 18.5309 -5.7372 -10.3715 19.1 -5.917
4 15 -9.2926 19.2 -7.3838 -9.2868 18.5309 -8.3792 -10.3521 18.5309 -6.7853 -9.9231 18.9 -6.8829
3 15 -9.2868 18.5309 -8.3792 -9.2926 19.2 -7.3838 -9.045 18.9 -8.1967
4 15 -8.6875 18.9298 -8.6875 -8.9232 18.5309 -8.9232 -9.1099 18.5309 -8.6439 -8.773 18.8809 -8.6318
3 16 -8.6875 18.9298 -8.6875 -8.6965 19.25 -8.202 -8.1566 19.8282 -8.157
4 16 -7.01 20.6954 -7.0092 -5.6569 21 -5.6567 -3.0616 21 -7.3912 -3.7936 20.6954 -9.1592
4 16 -8.1566 19.8282 -8.157 -7.01 20.6954 -7.0092 -3.7936 20.6954 -9.1592 -4.4144 19.8282 -10.6576
4 15 -8.303 19.15 -8.7275 -7.0238 19.4 -9.3361 -4.5514 19.4 -10.9882 -4.8296 18.5309 -11.6592
4 16 -4.5514 19.4 -10.9882 -7.0238 19.4 -9.3361 -8.1566 19.8282 -8.157 -4.4144 19.8282 -10.6576
3 16 -8.303 19.15 -8.7275 -8.1566 19.8282 -8.157 -7.0238 19.4 -9.3361
4 15 -8.6875 18.9298 -8.6875 -8.303 19.15 -8.7275 -4.8296 18.5309 -11.6592 -8.9232 18.5309 -8.9232
3 16 -8.6875 18.9298 -8.6875 -8.1566 19.8282 -8.157 -8.303 19.15 -8.7275
4 16 -3.7936 20.6954 -9.1592 -3.0616 21 -7.3912 0 21 -8 0 20.6954 -9.9136
4 16 -4.4144 19.8282 -10.6576 -3.7936 20.6954 -9.1592 0 20.6954 -9.9136 0 19.8282 -11.5352
4 15 -4.8296 18.5309 -11.6592 -4.5514 19.4 -10.9882 0 19.4 -11.893 0 18.5309 -12.6192
4 16 -4.4144 19.8282 -10.6576 0 19.8282 -11.5352 0 19.4 -11.893 -4.5514 19.4 -10.9882
4 16 -12.9999 4 -.0005 -12.0107 4 -4.9751 -11.6592 2.4691 -4.8296 -12.6193 2.4691 .0006
4 16 -8.9231 2.4691 -8.9233 -11.6592 2.4691 -4.8296 -12.0107 4 -4.9751 -9.1924 4 -9.1922
3 16 -4.8296 2.4691 -11.6592 -5.25 3.15 -11.5778 -4.8909 3.1141 -11.8073
4 16 -5.4999 3.95 -11.6453 -4.9751 4 -12.0107 -4.917 3.3883 -11.8702 -5.3 3.35 -11.603
4 16 -5.725 4 -11.5095 -5.4999 3.95 -11.6453 -5.3 3.35 -11.603 -5.25 3.15 -11.5778
3 16 -5.25 3.15 -11.5778 -9.1924 4 -9.1922 -5.725 4 -11.5095
4 16 -4.8296 2.4691 -11.6592 -8.9231 2.4691 -8.9233 -9.1924 4 -9.1922 -5.25 3.15 -11.5778
3 15 -5.4999 3.95 -11.6453 -5.725 4 -11.5095 -4.9751 4 -12.0107
4 92 -4.8909 3.1141 -11.8073 -5.25 3.15 -11.5778 -5.3 3.35 -11.603 -4.917 3.3883 -11.8702
4 92 -4.0501 3.5 -12.0703 -4.2501 3.1 -11.9312 -4.75 3.1 -11.8318 -4.8001 3.4 -11.8964
4 92 -3.2 3.7 -12.2891 -3.4001 3.2 -12.125 -4.2501 3.1 -11.9312 -4.0501 3.5 -12.0703
4 92 -2.5166 4 -12.4996 -2.5001 3.4 -12.3536 -3.4001 3.2 -12.125 -3.2 3.7 -12.2891
4 92 -1.2501 3.05 -12.5151 -1.3501 2.65 -12.3958 -1.8927 2.4691 -12.243 -1.9001 2.8 -12.3237
4 92 -1.2501 3.05 -12.5151 -.65 3.3 -12.6966 -.9501 2.8 -12.5126 -1.3501 2.65 -12.3958
4 92 -.65 3.3 -12.6966 -.25 3.4 -12.801 -.55 2.95 -12.6295 -.9501 2.8 -12.5126
3 92 0 3 -12.7513 -.2 3 -12.7115 0 3.4 -12.8508
4 92 -.2 3 -12.7115 -.55 2.95 -12.6295 -.25 3.4 -12.801 0 3.4 -12.8508
3 16 0 2.4691 -12.6192 -1.8927 2.4691 -12.243 -1.3501 2.65 -12.3958
3 16 0 2.4691 -12.6192 -1.3501 2.65 -12.3958 -.9501 2.8 -12.5126
4 16 -.9501 2.8 -12.5126 -.55 2.95 -12.6295 -.2 3 -12.7115 0 2.4691 -12.6192
3 16 0 2.4691 -12.6192 -.2 3 -12.7115 0 3 -12.7513
4 16 -3.1398 2.4691 -11.9951 -4.8296 2.4691 -11.6592 -4.8909 3.1141 -11.8073 -4.75 3.1 -11.8318
4 16 -2.5001 3.4 -12.3536 -2.5001 2.6 -12.1548 -3.1501 2.5 -12.0007 -3.4001 3.2 -12.125
4 16 -2 3.6 -12.5028 -1.9001 2.8 -12.3237 -2.5001 2.6 -12.1548 -2.5001 3.4 -12.3536
4 16 -1.3856 4 -12.7245 -1.2501 3.05 -12.5151 -1.9001 2.8 -12.3237 -2 3.6 -12.5028
4 16 -.8949 4 -12.8221 -.65 3.3 -12.6966 -1.2501 3.05 -12.5151 -1.3856 4 -12.7245
4 16 -.25 3.4 -12.801 -.65 3.3 -12.6966 -.8949 4 -12.8221 0 4 -13
3 16 0 3.4 -12.8508 -.25 3.4 -12.801 0 4 -13
4 16 -4.0501 3.5 -12.0703 -4.8001 3.4 -11.8964 -4.917 3.3883 -11.8702 -4.9751 4 -12.0107
4 92 -4.75 3.1 -11.8318 -4.8909 3.1141 -11.8073 -4.917 3.3883 -11.8702 -4.8001 3.4 -11.8964
4 92 -3.1501 2.5 -12.0007 -2.5001 2.6 -12.1548 -1.8927 2.4691 -12.243 -3.1398 2.4691 -11.9951
3 92 -1.8927 2.4691 -12.243 -2.5001 2.6 -12.1548 -1.9001 2.8 -12.3237
4 16 -2.5166 4 -12.4996 -3.2 3.7 -12.2891 -4.0501 3.5 -12.0703 -4.9751 4 -12.0107
4 92 -2.5001 3.4 -12.3536 -2.5166 4 -12.4996 -1.3856 4 -12.7245 -2 3.6 -12.5028
4 16 -4.75 3.1 -11.8318 -4.2501 3.1 -11.9312 -3.1501 2.5 -12.0007 -3.1398 2.4691 -11.9951
3 16 -3.1501 2.5 -12.0007 -4.2501 3.1 -11.9312 -3.4001 3.2 -12.125
4 16 -12.9999 17 -.0005 -12.6193 18.5309 .0005 -11.6593 18.5309 -4.8293 -12.0107 17 -4.9751
3 15 -11.6283 17 -5.5473 -10.5199 18.5309 -6.5342 -10.3521 18.5309 -6.7853
4 15 -9.2868 18.5309 -8.3792 -9.1924 17 -9.1922 -11.6283 17 -5.5473 -10.3521 18.5309 -6.7853
4 16 -11.0526 18.5309 -5.7372 -11.6283 17 -5.5473 -12.0107 17 -4.9751 -11.6593 18.5309 -4.8293
3 15 -11.6283 17 -5.5473 -11.0526 18.5309 -5.7372 -10.5199 18.5309 -6.5342
3 15 -9.1924 17 -9.1922 -9.1099 18.5309 -8.6439 -8.9232 18.5309 -8.9232
3 15 -9.1924 17 -9.1922 -9.2868 18.5309 -8.3792 -9.1099 18.5309 -8.6439
4 16 -6.5629 17.25 -10.8763 -6.1054 17.2 -11.1967 -5.8015 17 -11.4584 -7.0731 17 -10.6086
4 15 -4.9751 17 -12.0107 -5.8015 17 -11.4584 -6.1054 17.2 -11.1967 -4.8296 18.5309 -11.6592
3 15 -6.1054 17.2 -11.1967 -6.5629 17.25 -10.8763 -4.8296 18.5309 -11.6592
4 15 -7.0731 17 -10.6086 -9.1924 17 -9.1922 -4.8296 18.5309 -11.6592 -6.5629 17.25 -10.8763
3 15 -9.1924 17 -9.1922 -8.9232 18.5309 -8.9232 -4.8296 18.5309 -11.6592
4 0 -3.75 17.2 -12.2046 -3.4 17.3 -12.2493 -3.2125 17 -12.3612 -3.625 17 -12.2792
4 92 -2.15 17.1 -12.5476 -2.3 17.3 -12.468 -1.9579 17.4579 -12.4968 -1.6499 17.2 -12.6222
4 92 -1 17.3 -12.7265 -.8 17.75 -12.6544 0 17.8 -12.801 -.2999 17.35 -12.8533
3 92 0 17.35 -12.9129 -.2999 17.35 -12.8533 0 17.8 -12.801
3 15 -3.625 17 -12.2792 -4.9751 17 -12.0107 -3.75 17.2 -12.2046
3 15 -3.75 17.2 -12.2046 -3.5001 17.6 -12.1548 -3.4 17.3 -12.2493
3 15 -3.75 17.2 -12.2046 -3.5501 17.9 -12.0703 -3.5001 17.6 -12.1548
4 15 -4.9751 17 -12.0107 -4.8296 18.5309 -11.6592 -3.5501 17.9 -12.0703 -3.75 17.2 -12.2046
3 15 -3.5501 17.9 -12.0703 -4.8296 18.5309 -11.6592 -3.1501 18 -12.125
3 15 -2.2001 17.7 -12.3884 -2.4002 18.05 -12.2616 -1.7501 17.95 -12.4157
4 15 -2.2001 17.7 -12.3884 -1.7501 17.95 -12.4157 -1.6001 17.6 -12.5326 -1.9579 17.4579 -12.4968
3 15 -1.3097 17.6689 -12.5732 -1.4501 18 -12.4629 -.8 17.75 -12.6544
4 92 -1 17.3 -12.7265 -1.6499 17.2 -12.6222 -1.3097 17.6689 -12.5732 -.8 17.75 -12.6544
4 92 -1.6001 17.6 -12.5326 -1.3097 17.6689 -12.5732 -1.6499 17.2 -12.6222 -1.9579 17.4579 -12.4968
3 16 -3.5501 17.9 -12.0703 -3.1501 18 -12.125 -2.4002 18.05 -12.2616
4 16 -2.2001 17.7 -12.3884 -2.3 17.3 -12.468 -3.5501 17.9 -12.0703 -2.4002 18.05 -12.2616
3 16 -2.3 17.3 -12.468 -2.2001 17.7 -12.3884 -1.9579 17.4579 -12.4968
4 16 -3.5501 17.9 -12.0703 -2.3 17.3 -12.468 -3.4 17.3 -12.2493 -3.5001 17.6 -12.1548
4 16 -2.15 17.1 -12.5476 -3.2125 17 -12.3612 -3.4 17.3 -12.2493 -2.3 17.3 -12.468
4 16 -1.7501 17.95 -12.4157 -1.4501 18 -12.4629 -1.3097 17.6689 -12.5732 -1.6001 17.6 -12.5326
4 15 0 18.5309 -12.6192 -2.4002 18.05 -12.2616 -3.1501 18 -12.125 -4.8296 18.5309 -11.6592
4 15 0 18.5309 -12.6192 -1.4501 18 -12.4629 -1.7501 17.95 -12.4157 -2.4002 18.05 -12.2616
4 15 -.8 17.75 -12.6544 -1.4501 18 -12.4629 0 18.5309 -12.6192 0 17.8 -12.801
3 16 0 17 -13 -3.2125 17 -12.3612 -2.15 17.1 -12.5476
3 16 0 17 -13 -2.15 17.1 -12.5476 -1.6499 17.2 -12.6222
4 16 -1.6499 17.2 -12.6222 -1 17.3 -12.7265 -.2999 17.35 -12.8533 0 17 -13
3 16 0 17 -13 -.2999 17.35 -12.8533 0 17.35 -12.9129
