0 ~Technic Chain Link - Common Areas Across the Family
0 Name: s\3711s02.dat
0 Author: Fredrik Hareide [fhareide]
0 !LDRAW_ORG Subpart UPDATE 2025-06
0 !LICENSE Licensed under CC BY 4.0 : see CAreadme.txt

0 BFC CERTIFY CCW

0 !HISTORY 2024-10-25 [GeraldLasser] Renamed and added surfaces
0 !HISTORY 2025-05-26 [MagFors] added missing condlines
0 !HISTORY 2025-06-26 [OrionP] Official Update 2025-06

0 // Narrow Side
1 16 9.5 0 16 0 -2.5 0 1.5 0 0 0 0 1.5 4-4cylc.dat
1 16 5.5 0 16 0 1.5 0 -5 0 0 0 0 5 2-4cylo.dat
1 16 7 0 16 0 -1 0 -5 0 0 0 0 5 2-4chrd.dat
1 16 5 0 16 0 1 0 -3.75 0 0 0 0 3.75 2-4chrd.dat
1 16 5 0 16 0 1 0 -3.75 0 0 0 0 3.75 2-4edge.dat
1 16 5.5 0 16 0 -.5 0 -1.25 0 0 0 0 1.25 2-4con3.dat

0 // Clip Side
1 16 9.75 0 0 0 -2.5784 0 0 0 -5 -5 0 0 3-16cylo.dat
1 16 9.75 0 0 0 -2.5784 0 0 0 5 -5 0 0 1-16cylo.dat
0 BFC INVERTNEXT
1 16 9.75 0 0 0 -2.5784 0 -1.5 0 0 0 0 1.5 5-16cylo.dat
0 BFC INVERTNEXT
1 16 9.75 0 0 0 -2.5784 0 -1.5 0 0 0 0 -1.5 3-8cylo.dat

1 16 7.1716 0 0 0 1 0 0 0 -5 -5 0 0 3-16chrd.dat
1 16 7.1716 0 0 0 1 0 0 0 5 -5 0 0 1-16chrd.dat
1 16 9.75 0 0 0 -1 0 0 0 -5 -5 0 0 3-16chrd.dat
1 16 9.75 0 0 0 -1 0 0 0 5 -5 0 0 1-16chrd.dat

1 16 7.1716 0 0 0 1 0 0 0 -1.5 1.5 0 0 2-4ndis.dat
1 16 7.1716 0 0 0 1 0 0 0 1.5 -1.5 0 0 1-8tndis.dat
1 16 9.75 0 0 0 -1 0 0 0 1.5 -1.5 0 0 1-8tndis.dat
1 16 9.75 0 0 0 -1 0 0 0 1.5 1.5 0 0 1-16tndis.dat
1 16 7.1716 0 0 0 1 0 0 0 1.5 1.5 0 0 1-16tndis.dat
4 16 7.1716 1.258 1.125 7.1716 .5741 1.3859 7.1716 .5741 1.5 7.1716 2.145 1.151
4 16 7.1716 5 2 7.1716 2.145 1.151 7.1716 .5741 1.5 7.1716 5 5.526
4 16 9.75 .5741 1.3859 9.75 1.258 1.125 9.75 5 7.75 9.75 .5741 1.5
3 16 9.75 0 1.5 9.75 .5741 1.5 9.75 5 7.75
3 16 9.75 0 1.5 9.75 5 7.75 9.75 -1.5 1.5

3 16 7.1716 .5741 1.5 7.1716 0 1.5 7.1716 5 5.526
4 16 9.75 5 2 7.1716 5 2 7.1716 5 5.526 9.75 5 7.75
1 16 9.75 0 0 0 -1 0 0 0 -1.5 1.5 0 0 2-4ndis.dat
2 24 9.75 5 2 9.75 5 7.75

4 16 7.1716 -5 5.526 7.1716 -1.5 1.5 7.1716 -1.5 0 7.1716 -5 -.5
3 16 7.1716 -5 -.5 7.1716 -1.5 0 7.1716 -1.5 -1.5
3 16 7.1716 -5 -.5 7.1716 -1.5 -1.5 7.1716 1.9135 -4.6195
3 16 7.1716 0 -1.5 7.1716 1.9135 -4.6195 7.1716 -1.5 -1.5
4 16 7.1716 1.0607 -1.5 7.1716 2.5 -4.3301 7.1716 1.9135 -4.6195 7.1716 0 -1.5
4 16 7.1716 -1.5 1.5 7.1716 -5 5.526 7.1716 5 5.526 7.1716 0 1.5

3 16 9.75 -2 -.5 9.75 -5 -.5 9.75 -1.5 -1.5
3 16 9.75 -1.5 0 9.75 -2 -.5 9.75 -1.5 -1.5
4 16 9.75 -4.6195 -1.9135 9.75 -1.5 -1.5 9.75 -5 -.5 9.75 -4.8295 -1.294
3 16 9.75 -1.5 -1.5 9.75 1.9135 -4.6195 9.75 0 -1.5
4 16 9.75 1.0607 -1.5 9.75 0 -1.5 9.75 1.9135 -4.6195 9.75 2.5 -4.3301
3 16 9.75 1.0606 -1.0607 9.75 1.0607 -1.5 9.75 2.5 -4.3301
3 16 7.1716 1.0607 -1.5 7.1716 1.0606 -1.0607 7.1716 2.5 -4.3301
4 16 9.75 -1.5 -1.5 9.75 -4.6195 -1.9135 9.75 0 -5 9.75 1.9135 -4.6195
4 16 7.1716 1.9135 -4.6195 7.1716 0 -5 7.1716 -4.6195 -1.9135 7.1716 -4.8295 -1.294
3 16 7.1716 1.9135 -4.6195 7.1716 -4.8295 -1.294 7.1716 -5 -.5
2 24 7.1716 -4.8295 -1.294 7.1716 -4.6195 -1.9135
2 24 7.1716 -4.8295 -1.294 7.1716 -5 -.5
2 24 9.75 -4.8295 -1.294 9.75 -4.6195 -1.9135
2 24 9.75 -4.8295 -1.294 9.75 -5 -.5
2 24 7.1716 -5 5.526 7.1716 -5 -.5

1 16 9.75 1.7803 -2.6954 0 -2.5784 0 .719735 0 1.634677 -1.634732 0 .719711 2-4cylo.dat
1 16 7.1716 1.7803 -2.6954 0 1 0 .719735 0 1.634677 -1.634732 0 .719711 2-4chrd.dat
1 16 9.75 1.7803 -2.6954 0 -1 0 .719735 0 1.634677 -1.634732 0 .719711 2-4chrd.dat
4 16 9.75 5 2 9.75 2.145 1.151 7.1716 2.145 1.151 7.1716 5 2
4 16 9.75 2.145 1.151 9.75 1.258 1.125 7.1716 1.258 1.125 7.1716 2.145 1.151
4 16 9.75 1.258 1.125 9.75 .5741 1.3859 7.1716 .5741 1.3859 7.1716 1.258 1.125
2 24 9.75 5 2 7.1716 5 2
2 24 7.1716 5 2 7.1716 5 5.526
2 24 7.1716 5 2 7.1716 2.145 1.151
2 24 7.1716 2.145 1.151 7.1716 1.258 1.125
2 24 7.1716 1.258 1.125 7.1716 .5741 1.3859
2 24 9.75 .5741 1.3859 9.75 1.258 1.125
2 24 9.75 1.258 1.125 9.75 2.145 1.151
2 24 9.75 2.145 1.151 9.75 5 2
4 16 9.75 1.9135 -4.6195 7.1716 1.9135 -4.6195 7.1716 2.5 -4.3301 9.75 2.5 -4.3301
2 24 7.1716 1.9135 -4.6195 7.1716 2.5 -4.3301
2 24 9.75 1.9135 -4.6195 9.75 2.5 -4.3301
4 16 9.75 -4.8295 -1.294 9.75 -5 -.5 7.1716 -5 -.5 7.1716 -4.8295 -1.294
4 16 9.75 -4.6195 -1.9135 9.75 -4.8295 -1.294 7.1716 -4.8295 -1.294 7.1716 -4.6195 -1.9135
4 16 9.75 5 2 9.75 5 7.75 9.75 1.258 1.125 9.75 2.145 1.151
5 24 7.1716 2.5 -4.3301 9.75 2.5 -4.3301 7.1716 3.0709 -3.9303 7.1716 1.9135 -4.6195
5 24 7.1716 1.9135 -4.6195 9.75 1.9135 -4.6195 7.1716 2.5 -4.3301 7.1716 0 -5
5 24 7.1716 -4.6195 -1.9135 9.75 -4.6195 -1.9135 7.1716 -4.8295 -1.294 7.1716 -3.5355 -3.5355
5 24 7.1716 -4.8295 -1.294 9.75 -4.8295 -1.294 7.1716 -4.6195 -1.9135 7.1716 -5 -.5
5 24 9.75 1.258 1.125 7.1716 1.258 1.125 7.1716 .5741 1.3859 7.1716 2.145 1.151
5 24 9.75 2.145 1.151 7.1716 2.145 1.151 7.1716 5 2 7.1716 1.258 1.125
5 24 9.75 .5741 1.3859 7.1716 .5741 1.3859 7.1716 1.258 1.125 7.1716 0 1.5
5 24 7.1716 1.0606 -1.0607 9.75 1.0606 -1.0607 9.75 1.7409 -.9096 9.75 .5741 -1.3859
5 24 7.1716 -5 -.5 9.75 -5 -.5 7.1716 -4.8295 -1.294 7.1716 -5 5.526