0 ~Technic Chain Tread 2.5 Wide - Tread Half
0 Name: s\3873s02.dat
0 Author: Gerald Lasser [GeraldLasser]
0 !LDRAW_ORG Subpart UPDATE 2025-06
0 !LICENSE Licensed under CC BY 4.0 : see CAreadme.txt

0 BFC CERTIFY CCW

0 !HISTORY 2025-06-26 [OrionP] Official Update 2025-06

1 16 17.875 -2 -4.1642 0 0 8.125 0 -1 0 1.3358 0 0 rect.dat

4 16 26 -8 -5.5 26 -2 -5.5 26 -2 -2.8284 26 -5 -2.8284
3 16 24 -5 -2.8284 26 -5 -2.8284 26 -2 -2.8284
3 16 24 -5 -2.8284 26 -2 -2.8284 22.8284 -5 -2.8284
3 16 22.8284 -5 -2.8284 26 -2 -2.8284 17.1716 -5 -2.8284
4 16 16 -5 -2.8284 17.1716 -5 -2.8284 26 -2 -2.8284 9.75 -2 -2.8284
3 16 9.75 -2 -2.8284 14 -5 -2.8284 16 -5 -2.8284
3 16 9.75 -2 -2.8284 12.8284 -5 -2.8284 14 -5 -2.8284
3 16 9.75 -5 -2.8284 12.8284 -5 -2.8284 9.75 -2 -2.8284
2 24 17.1716 -5 -2.8284 22.8284 -5 -2.8284
2 24 12.8284 -5 -2.8284 9.75 -5 -2.8284
2 24 26 -8 -5.5 26 -2 -5.5
2 24 22.8284 -5 -2.8284 24 -5 -2.8284
2 24 16 -5 -2.8284 17.1716 -5 -2.8284
2 24 26 -5 -2.8284 24 -5 -2.8284
2 24 12.8284 -5 -2.8284 14 -5 -2.8284
2 24 26 -5 -2.8284 26 -2 -2.8284
2 24 9.75 -5 -2.8284 9.75 -2 -2.8284
2 24 16 -5 -2.8284 14 -5 -2.8284

4 16 14 -5 0 16 -5 0 16 -5 -2.8284 14 -5 -2.8284
3 16 26 -5 -2.8284 24 -5 -2.8284 24 -5 0
3 16 9.75 -5 -2.8284 7.1716 -5 -2.8284 10 -5 -4
3 16 12.8284 -5 -2.8284 9.75 -5 -2.8284 10 -5 -4
3 16 20 -5 -4 22.8284 -5 -2.8284 17.1716 -5 -2.8284

1 16 20 -5 0 0 0 4 0 1 0 -4 0 0 1-8chrd.dat
1 16 20 -5 0 0 0 -4 0 1 0 -4 0 0 1-8chrd.dat
1 16 10 -5 0 0 0 4 0 1 0 -4 0 0 1-8chrd.dat
1 16 10 -5 0 0 0 -4 0 1 0 -4 0 0 1-8chrd.dat
1 16 20 -5 0 -4 0 0 0 -1 0 0 0 -4 1-8tndis.dat
1 16 20 -5 0 4 0 0 0 -1 0 0 0 -4 1-8tndis.dat
1 16 10 -5 0 4 0 0 0 -1 0 0 0 -4 1-8tndis.dat
1 16 10 -5 0 -4 0 0 0 -1 0 0 0 -4 1-8tndis.dat
1 16 0 -5 0 0 0 4 0 -1 0 -4 0 0 1-4ndis.dat

0 BFC INVERTNEXT
1 16 20 -8 0 -4 0 0 0 3 0 0 0 -4 2-4cylo.dat
0 BFC INVERTNEXT
1 16 10 -8 0 -4 0 0 0 3 0 0 0 -4 2-4cylo.dat
0 BFC INVERTNEXT
1 16 0 -8 0 0 0 4 0 3 0 -4 0 0 1-4cylo.dat

1 16 20 -8 0 -4 0 0 0 1 0 0 0 -4 2-4ndis.dat
1 16 10 -8 0 -4 0 0 0 1 0 0 0 -4 2-4ndis.dat
1 16 0 -8 0 0 0 4 0 1 0 -4 0 0 1-4ndis.dat

4 16 14 -8 -4 16 -8 -4 16 -8 0 14 -8 0
4 16 6 -8 -4 6 -8 0 4 -8 0 4 -8 -4
3 16 24 -8 -4 26 -8 -5.5 24 -8 0
3 16 26 -8 -5.5 24 -8 -4 20 -8 -4
3 16 26 -8 -5.5 20 -8 -4 16 -8 -4
3 16 26 -8 -5.5 16 -8 -4 14 -8 -4
4 16 14 -8 -4 10 -8 -4 0 -8 -5.5 26 -8 -5.5
3 16 0 -8 -5.5 10 -8 -4 6 -8 -4
3 16 0 -8 -5.5 6 -8 -4 4 -8 -4
3 16 0 -8 -5.5 4 -8 -4 0 -8 -4
2 24 0 -8 -5.5 26 -8 -5.5
