0 ~Duplo Wand 7 Point Star - One Fourteenth
0 Name: s\42077s02.dat
0 Author: Peter Blomberg [WUIt]
0 !LDRAW_ORG Subpart UPDATE 2025-08
0 !LICENSE Licensed under CC BY 4.0 : see CAreadme.txt

0 BFC CERTIFY CCW

0 !HISTORY 2025-08-31 [OrionP] Official Update 2025-08

1 16 0 -36 0 0 0 4 -4 0 0 0 12.5 0 3-16cylo.dat
1 16 0 -36 0 0 0 4 -4 0 0 0 1 0 3-16disc.dat
1 16 0 -36 12.5 0 0 4 -4 0 0 0 -1 0 3-16disc.dat
1 16 0 -23.0516 0 0 0 7.1846 7.1846 0 0 0 1 0 3-16tndis.dat
1 16 0 -23.0516 0 0 0 7.1846 7.1846 0 0 0 1 0 3-16edge.dat
1 16 0 -23.0516 0 0 0 7.1846 7.1846 0 0 0 1 0 3-16ering.dat

4 16 3.6955 -37.5307 12.5 3.6955 -37.5307 0 10.4136 -21.624 0 10.4136 -21.624 12.5
4 16 0 -36 6.25 0 -36 12.5 6.6377 -20.3022 12.5 6.6377 -20.3022 6.25
4 16 6.6377 -20.3022 0 10.4136 -21.624 0 3.6955 -37.5307 0 0 -36 0
4 16 0 -36 0 0 -26.1253 1.5 2.25 -20.8 1.5 6.6377 -20.3022 0
4 16 3.6955 -37.5307 12.5 10.4136 -21.624 12.5 6.6377 -20.3022 12.5 0 -36 12.5
3 16 2.25 -20.8 1.5 5.0804 -17.9712 0 6.6377 -20.3022 0
4 16 1.2187 -20.1093 1.5 2.7494 -16.414 0 5.0804 -17.9712 0 2.25 -20.8 1.5
4 16 1.2187 -20.1093 1.5 0 -19.867 1.5 0 -15.8668 0 2.7494 -16.414 0
4 16 0 -19.867 1.5 1.2187 -20.1093 1.5 2.25 -20.8 1.5 0 -26.1253 1.5

2 24 0 -19.867 1.5 1.2187 -20.1093 1.5
2 24 1.2187 -20.1093 1.5 2.25 -20.8 1.5
2 24 10.4136 -21.624 0 3.6955 -37.5307 0
2 24 0 -36 0 6.6377 -20.3022 0
2 24 2.25 -20.8 1.5 0 -26.1253 1.5
2 24 0 -36 12.5 6.6377 -20.3022 12.5
2 24 0 -36 6.25 6.6377 -20.3022 6.25
2 24 3.6955 -37.5307 12.5 10.4136 -21.624 12.5

5 24 3.6955 -37.5307 0 3.6955 -37.5307 12.5 2.8284 -38.8284 12.5 10.4136 -21.624 12.5
5 24 1.2187 -20.1093 1.5 2.7494 -16.414 0 0 -15.867 0 5.0802 -17.9714 0
5 24 2.25 -20.8 1.5 5.0802 -17.9714 0 2.7494 -16.414 0 6.6377 -20.3022 0
5 24 2.25 -20.8 1.5 6.6377 -20.3022 0 5.0802 -17.9714 0 0 -36 0