0 ~Duplo Train Cabin  3.2 x  3 x  3 with Narrow Front Windows and without Patternable Surfaces
0 Name: s\4544bs01.dat
0 Author: Gerald Lasser [GeraldLasser]
0 !LDRAW_ORG Subpart UPDATE 2025-08
0 !LICENSE Licensed under CC BY 4.0 : see CAreadme.txt

0 BFC CERTIFY CCW

0 !HISTORY 2025-08-31 [OrionP] Official Update 2025-08

1 16 0 0 0 1 0 0 0 1 0 0 0 1 s\4544as02.dat

0 // Front
4 16 60 0 -56 -60 0 -56 -34.5 -63 -56 34.5 -63 -56
4 16 34.5 -69 -56 34.5 -63 -56 -34.5 -63 -56 -34.5 -69 -56
4 16 34.5 -69 -56 -34.5 -69 -56 -34.5 -89 -56 34.5 -89 -56
4 16 34.5 -95 -56 34.5 -89 -56 -34.5 -89 -56 -34.5 -95 -56
4 16 34.5 -95 -56 -34.5 -95 -56 -60 -115 -56 60 -115 -56
4 16 -64 4 -60 64 4 -60 34.5 -63 -60 -34.5 -63 -60
4 16 -34.5 -69 -60 -34.5 -63 -60 34.5 -63 -60 34.5 -69 -60
4 16 -34.5 -69 -60 34.5 -69 -60 34.5 -89 -60 -34.5 -89 -60
4 16 -34.5 -95 -60 -34.5 -89 -60 34.5 -89 -60 34.5 -95 -60
4 16 -64 -115 -60 -34.5 -95 -60 34.5 -95 -60 64 -115 -60

0 BFC INVERTNEXT
1 16 40.5 -89 -60 -6 0 0 0 0 -6 0 4 0 1-4cylo.dat
0 BFC INVERTNEXT
1 16 40.5 -69 -60 -6 0 0 0 0 6 0 4 0 1-4cylo.dat
1 16 34.5 -79 -58 0 -1 0 10 0 0 0 0 -2 rect2p.dat
1 16 40.5 -89 -56 -6 0 0 0 0 -6 0 -1 0 1-4ndis.dat
1 16 40.5 -69 -56 -6 0 0 0 0 6 0 -1 0 1-4ndis.dat
1 16 40.5 -89 -60 -6 0 0 0 0 -6 0 1 0 1-4ndis.dat
1 16 40.5 -69 -60 -6 0 0 0 0 6 0 1 0 1-4ndis.dat
3 16 40.5 -63 -60 34.5 -63 -60 64 4 -60
3 16 40.5 -95 -60 64 -115 -60 34.5 -95 -60
3 16 34.5 -95 -56 60 -115 -56 40.5 -95 -56
3 16 40.5 -63 -56 60 0 -56 34.5 -63 -56

0 BFC INVERTNEXT
1 16 -40.5 -89 -60 6 0 0 0 0 -6 0 4 0 1-4cylo.dat
0 BFC INVERTNEXT
1 16 -40.5 -69 -60 6 0 0 0 0 6 0 4 0 1-4cylo.dat
1 16 -34.5 -79 -58 0 1 0 10 0 0 0 0 -2 rect2p.dat
1 16 -40.5 -89 -56 6 0 0 0 0 -6 0 -1 0 1-4ndis.dat
1 16 -40.5 -69 -56 6 0 0 0 0 6 0 -1 0 1-4ndis.dat
1 16 -40.5 -89 -60 6 0 0 0 0 -6 0 1 0 1-4ndis.dat
1 16 -40.5 -69 -60 6 0 0 0 0 6 0 1 0 1-4ndis.dat
3 16 -34.5 -63 -60 -40.5 -63 -60 -64 4 -60
3 16 -64 -115 -60 -40.5 -95 -60 -34.5 -95 -60
3 16 -60 -115 -56 -34.5 -95 -56 -40.5 -95 -56
3 16 -60 0 -56 -40.5 -63 -56 -34.5 -63 -56
