0 ~Duplo Train Tipper Holder  2 x  6 - Quarter
0 Name: s\4549s01.dat
0 Author: Gerald Lasser [GeraldLasser]
0 !LDRAW_ORG Subpart UPDATE 2026-01
0 !LICENSE Licensed under CC BY 4.0 : see CAreadme.txt

0 BFC CERTIFY CCW

0 !HISTORY 2026-01-29 [OrionP] Official Update 2026-01

1 16 34 -12 -100 0 0 -2 0 11 0 1.5 0 0 box4-1.dat
1 16 34 -12 -60 0 0 -2 0 11 0 1.5 0 0 box4-1.dat
1 16 34 -12 -20 0 0 -2 0 11 0 1.5 0 0 box4-1.dat
1 16 20 -12 -114 1.5 0 0 0 11 0 0 0 2 box4-1.dat

3 16 40 -16 -120 35.8578 -16 -120 40 0 -120
3 16 40 0 -120 35.8578 -16 -120 1.827 -16 -120
3 16 40 -16 -105 40 -16 -120 40 0 -120
2 24 40 -16 -120 40 0 -120

0 BFC INVERTNEXT
1 16 18.8424 -51.0602 -116.5 0 0 -17.0154 0 35.0602 0 3.5 0 0 box2-5.dat
1 16 0 -100 -113 14 0 0 0 0 14 0 1 0 48\11-48ndis.dat
1 16 16.5 -102 -113 0 0 4 -4 0 0 0 1 0 3-16chrd.dat
4 16 35.8578 -16 -113 14 -86 -113 1.827 -86.1204 -113 1.827 -16 -113
4 16 14 -100 -113 14 -86 -113 35.8578 -16 -113 20.1956 -103.5308 -113
4 16 16.5 -106 -113 14 -106 -113 14 -100 -113 20.1956 -103.5308 -113
1 16 28.0267 -59.7654 -116.5 7.8311 0 0 43.7654 -1 0 0 0 -3.5 rect2p.dat
0 BFC INVERTNEXT
1 16 15.25 -103 -116.5 0 0 -1.25 0 -3 0 3.5 0 0 box2-7.dat
0 BFC INVERTNEXT
1 16 16.5 -102 -120 0 0 4 -4 0 0 0 7 0 3-16cylo.dat
1 16 0 -100 -120 14 0 0 0 0 14 0 7 0 48\11-48cylo.dat
5 24 20.1956 -103.5308 -113 20.1956 -103.5308 -120 19.3284 -104.8284 -120 35.8578 -16 -120

1 16 0 -100 -120 14 0 0 0 0 14 0 1 0 48\1-8chrd.dat
1 16 0 -100 -120 9.89949 0 -9.89949 9.89949 0 9.89949 0 1 0 48\5-48chrd.dat
1 16 0 -100 -120 10 0 0 0 0 10 0 1 0 1-8tndis.dat
1 16 0 -100 -120 0 0 10 10 0 0 0 1 0 1-8tndis.dat
3 16 0 -90 -120 1.8274 -86.1189 -120 7.071 -90 -120
3 16 7.071 -90 -120 1.8274 -86.1189 -120 9.8994 -90.1006 -120
4 16 9.8994 -90.1006 -120 10 -92.929 -120 7.071 -92.929 -120 7.071 -90 -120
3 16 10 -92.929 -120 9.8994 -90.1006 -120 14 -100 -120
3 16 10 -92.929 -120 14 -100 -120 10 -100 -120
4 16 16.5 -106 -120 16.5 -110 -120 10 -110 -120 14 -106 -120
4 16 20.1956 -103.5308 -120 35.8578 -16 -120 40 -16 -120 23.8912 -105.0616 -120
4 16 14 -106 -120 10 -110 -120 10 -100 -120 14 -100 -120
1 16 16.5 -102 -120 0 0 4 -4 0 0 0 1 0 3-16ring1.dat

0 BFC INVERTNEXT
1 16 0 -100 -120 10 0 0 0 0 10 0 7 0 1-4cylo.dat
1 16 10 -105 -116.5 0 1 0 0 0 -5 -3.5 0 0 rect3.dat
1 16 0 -100 -113 0 0 5.5 5.5 0 0 0 1 0 1-4ndis.dat
1 16 0 -100 -113 5.5 0 0 0 0 -5.5 0 1 0 1-16tndis.dat
1 16 0 -100 -113 10 0 0 0 0 10 0 1 0 1-8chrd.dat
1 16 0 -100 -113 0 0 10 10 0 0 0 1 0 1-8chrd.dat
4 16 6.5 -110 -113 5.0815 -102.1049 -113 5.5 -102.1049 -113 10 -110 -113
4 16 5.5 -102.1049 -113 5.5 -100 -113 10 -100 -113 10 -110 -113
4 16 5.5 -94.5 -113 0 -94.5 -113 0 -90 -113 7.071 -92.929 -113
4 16 5.5 -94.5 -113 7.071 -92.929 -113 10 -100 -113 5.5 -100 -113
0 BFC INVERTNEXT
1 16 0 -100 -113 0 0 5.5 5.5 0 0 0 6 0 5-16cylo.dat
1 16 5.7908 -106.0525 -110 0 0 -.70925 0 1 3.94755 3 0 0 rect.dat
1 16 0 -100 -107 0 0 5.5 5.5 0 0 0 -1 0 1-8tndis.dat
1 16 0 -100 -107 0 0 7.5 7.5 0 0 0 -1 0 1-8chrd.dat
1 16 0 -100 -107 5.5 0 0 0 0 5.5 0 -1 0 1-8tndis.dat
1 16 0 -100 -107 7.5 0 0 0 0 7.5 0 -1 0 1-8chrd.dat
1 16 0 -100 -107 5.5 0 0 0 0 -5.5 0 -1 0 1-16tndis.dat
4 16 5.0815 -102.1049 -107 6.5 -110 -107 7.5 -110 -107 5.5 -102.1049 -107
4 16 5.5 -102.1049 -107 7.5 -110 -107 7.5 -100 -107 5.5 -100 -107
4 16 5.5 -96.111 -107 5.3033 -94.6968 -107 3.8891 -94.5 -107 3.8891 -96.111 -107
3 16 5.5 -100 -107 7.5 -100 -107 5.5 -96.111 -107
3 16 5.5 -96.111 -107 7.5 -100 -107 5.3033 -94.6968 -107
3 16 3.8891 -94.5 -107 5.3033 -94.6968 -107 0 -92.5 -107
3 16 3.8891 -94.5 -107 0 -92.5 -107 0 -94.5 -107
0 BFC INVERTNEXT
1 16 0 -100 -107 0 0 7.5 7.5 0 0 0 2 0 1-4cylo.dat
1 16 7.5 -105 -106 0 1 0 0 0 -5 -1 0 0 rect3.dat

4 16 6.5 -110 -107 6.5 -110 -113 10 -110 -113 7.5 -110 -107
4 16 7.5 -110 -107 10 -110 -113 16.5 -110 -105 7.5 -110 -105
4 16 10 -110 -113 10 -110 -120 16.5 -110 -120 16.5 -110 -105
2 24 6.5 -110 -107 7.5 -110 -107
2 24 10 -110 -113 6.5 -110 -113
2 24 7.5 -110 -105 16.5 -110 -105
2 24 10 -110 -120 16.5 -110 -120
1 16 16.5 -102 -120 0 0 8 -8 0 0 0 15 0 3-16cylo.dat
1 16 31.9456 -60.5308 -112.5 0 0 8.0544 0 1 44.5308 -7.5 0 0 rect3.dat
5 24 23.8912 -105.0616 -120 23.8912 -105.0616 -105 22.1568 -107.6568 -105 40 -16 -105

1 16 0 -100 -105 0 0 7.5 7.5 0 0 0 -1 0 1-4ndis.dat
1 16 16.5 -102 -105 0 0 8 -8 0 0 0 -1 0 3-16chrd.dat
4 16 7.5 -100 -105 7.5 -110 -105 16.5 -110 -105 23.8912 -105.0616 -105
4 16 7.5 -92.5 -105 7.5 -100 -105 23.8912 -105.0616 -105 40 -16 -105
3 16 7.5 -92.5 -105 40 -16 -105 0 -92.5 -105

1 16 29 -16 -105 0 3 0 -28 0 0 0 0 6.5 tri3u1.dat
1 16 12 -16 -105 0 3 0 -36 0 0 0 0 6.5 tri3u1.dat