0 ~Duplo Slope  2 x  4 x  3 without Slope and Side Faces
0 Name: s\49570s01.dat
0 Author: Peter Blomberg [WUIt]
0 !LDRAW_ORG Subpart UPDATE 2025-09
0 !LICENSE Licensed under CC BY 4.0 : see CAreadme.txt

0 BFC CERTIFY CCW

0 !HISTORY 2025-09-29 [OrionP] Official Update 2025-09

1 16 0 0 0 1 0 0 0 2.75 0 0 0 1 stug7-1x2.dat

0 // outer top and back
1 16 0 72 0 40 0 0 0 0 -72 0 20 0 box2-5.dat

0 // front surface
1 16 0 132 -140 40 0 0 0 0 12 0 1 0 rect.dat

0 // bottom hem with long edge lines
4 16 40 144 20 36 144 16 -36 144 16 -40 144 20
4 16 -40 144 20 -36 144 16 -36 144 -136 -40 144 -140
4 16 -40 144 -140 -36 144 -136 36 144 -136 40 144 -140
4 16 40 144 -140 36 144 -136 36 144 16 40 144 20
2 24 -36 144 -136 -36 144 16
2 24 36 144 -136 36 144 16
2 24 -40 144 -140 -40 144 20
2 24 40 144 -140 40 144 20

0 // inner top, back, and front
0 BFC INVERTNEXT
1 16 0 74 -2 36 0 0 0 0 -70 0 18 0 box2-5.dat
1 16 0 132 -136 36 0 0 0 0 12 0 -1 0 rect.dat

0 // sloped surface with side edges
2 24 40 120 -140 40 0 -20
2 24 -40 120 -140 -40 0 -20
4 16 36 120 -136 -36 120 -136 -36 4 -20 36 4 -20
2 24 36 120 -136 36 4 -20
2 24 -36 120 -136 -36 4 -20

0 // first bottom stud
0 BFC INVERTNEXT
1 16 0 98 -100 0 0 14 0 -14 0 -14 0 0 4-4cylse.dat
0 BFC INVERTNEXT
1 16 0 100 -100 0 0 14 0 -2 0 -14 0 0 4-4cyli.dat
1 16 0 100 -100 0 0 16 0 -16 0 -16 0 0 4-4cylse.dat
1 16 0 100 -100 1 0 0 0 -10 0 0 0 -1 stud8a.dat

0 // middle bottom stud
0 BFC INVERTNEXT
1 16 0 58 -60 0 0 14 0 -14 0 -14 0 0 4-4cylse.dat
0 BFC INVERTNEXT
1 16 0 60 -60 0 0 14 0 -2 0 -14 0 0 4-4cyli.dat
1 16 0 60 -60 0 0 16 0 -16 0 -16 0 0 4-4cylse.dat
1 16 0 60 -60 1 0 0 0 -20 0 0 0 -1 stud8a.dat

0 // third bottom stud
0 BFC INVERTNEXT
1 16 0 18 -20 0 0 -14 0 -14 0 -14 0 0 1-4cyls.dat
0 BFC INVERTNEXT
1 16 0 18 -20 0 0 14 0 -14 0 -14 0 0 1-4cyls.dat
0 BFC INVERTNEXT
1 16 0 4 -20 14 0 0 0 14 0 0 0 14 2-4cyli.dat
0 BFC INVERTNEXT
1 16 0 20 -20 0 0 14 0 -2 0 -14 0 0 4-4cyli.dat
1 16 0 20 -20 0 0 -16 0 -16 0 -16 0 0 1-4cyls.dat
1 16 0 4 -20 16 0 0 0 16 0 0 0 16 2-4cyli.dat
1 16 0 20 -20 0 0 16 0 -16 0 -16 0 0 1-4cyls.dat
1 16 0 20 -20 1 0 0 0 -30 0 0 0 1 stud8a.dat
1 16 0 4 -20 -16 0 0 0 1 16 0 0 -16 2-4edge.dat
1 16 0 4 -20 -14 0 0 0 1 14 0 0 -14 2-4edge.dat
1 16 0 4 -20 16 0 0 0 1 0 0 0 16 2-4edge.dat
1 16 0 4 -20 14 0 0 0 1 0 0 0 14 2-4edge.dat

0 // inner sides
4 16 -36 144 -136 -36 144 16 -36 4 -20 -36 120 -136
4 16 36 144 -136 36 120 -136 36 4 -20 36 144 16
3 16 36 144 16 36 4 -20 36 4 16
3 16 -36 144 16 -36 4 16 -36 4 -20

0 // inner notches
1 16 20 4 14 1.5 0 0 0 139 0 0 0 -2 box4-1.dat
1 16 -20 4 14 1.5 0 0 0 139 0 0 0 -2 box4-1.dat
1 16 -34 4 0 0 0 2 0 139 0 -1.5 0 0 box4-1.dat
1 16 34 4 0 0 0 -2 0 139 0 1.5 0 0 box4-1.dat

0 // longest sloped notches
1 16 -34 143 -40 0 0 2 0 -1 0 1.5 0 0 rect.dat
2 24 -32 22.5 -38.5 -32 25.5 -41.5
1 16 -34 82.75 -38.5 -2 0 0 0 0 -60.25 0 -1 0 rect3.dat
4 16 -32 143 -38.5 -32 22.5 -38.5 -32 25.5 -41.5 -32 143 -41.5
1 16 -34 84.25 -41.5 2 0 0 0 0 -58.75 0 1 0 rect3.dat

1 16 34 143 -40 0 0 -2 0 -1 0 1.5 0 0 rect.dat
2 24 32 25.5 -41.5 32 22.5 -38.5
1 16 34 82.75 -38.5 2 0 0 0 0 -60.25 0 -1 0 rect3.dat
4 16 32 25.5 -41.5 32 22.5 -38.5 32 143 -38.5 32 143 -41.5
1 16 34 84.25 -41.5 -2 0 0 0 0 -58.75 0 1 0 rect3.dat

0 // middle sloped notches
1 16 -34 143 -80 0 0 2 0 -1 0 1.5 0 0 rect.dat
2 24 -32 65.5 -81.5 -32 62.5 -78.5
1 16 -34 104.25 -81.5 2 0 0 0 0 -38.75 0 1 0 rect3.dat
4 16 -32 62.5 -78.5 -32 65.5 -81.5 -32 143 -81.5 -32 143 -78.5
1 16 -34 102.75 -78.5 -2 0 0 0 0 -40.25 0 -1 0 rect3.dat

1 16 34 143 -80 0 0 -2 0 -1 0 1.5 0 0 rect.dat
2 24 32 62.5 -78.5 32 65.5 -81.5
1 16 34 104.25 -81.5 -2 0 0 0 0 -38.75 0 1 0 rect3.dat
4 16 32 143 -81.5 32 65.5 -81.5 32 62.5 -78.5 32 143 -78.5
1 16 34 102.75 -78.5 2 0 0 0 0 -40.25 0 -1 0 rect3.dat

0 // shortest sloped notches
1 16 -34 143 -120 0 0 2 0 -1 0 1.5 0 0 rect.dat
2 24 -32 105.5 -121.5 -32 102.5 -118.5
1 16 -34 124.25 -121.5 2 0 0 0 0 -18.75 0 1 0 rect3.dat
4 16 -32 105.5 -121.5 -32 143 -121.5 -32 143 -118.5 -32 102.5 -118.5
1 16 -34 122.75 -118.5 -2 0 0 0 0 -20.25 0 -1 0 rect3.dat

1 16 34 143 -120 0 0 -2 0 -1 0 1.5 0 0 rect.dat
2 24 32 102.5 -118.5 32 105.5 -121.5
1 16 34 124.25 -121.5 -2 0 0 0 0 -18.75 0 1 0 rect3.dat
4 16 32 143 -118.5 32 143 -121.5 32 105.5 -121.5 32 102.5 -118.5
1 16 34 122.75 -118.5 2 0 0 0 0 -20.25 0 -1 0 rect3.dat

0 // small end notches
1 16 -20 129.5 -134 -1.5 0 0 0 13.5 0 0 0 2 box2-5.dat
4 16 -18.5 116 -132 -18.5 120 -136 -18.5 143 -136 -18.5 143 -132
4 16 -21.5 116 -132 -21.5 143 -132 -21.5 143 -136 -21.5 120 -136
2 24 -21.5 120 -136 -21.5 143 -136
2 24 -18.5 120 -136 -18.5 143 -136
2 24 -21.5 116 -132 -21.5 120 -136
2 24 -18.5 116 -132 -18.5 120 -136

1 16 20 129.5 -134 1.5 0 0 0 13.5 0 0 0 2 box2-5.dat
4 16 18.5 143 -136 18.5 120 -136 18.5 116 -132 18.5 143 -132
4 16 21.5 143 -136 21.5 143 -132 21.5 116 -132 21.5 120 -136
2 24 21.5 143 -136 21.5 120 -136
2 24 18.5 143 -136 18.5 120 -136
2 24 21.5 120 -136 21.5 116 -132
2 24 18.5 120 -136 18.5 116 -132