0 ~Duplo Door  1 x  4  x  4 Wooden with Rounded Top and Handle - Handle
0 Name: s\51288s01.dat
0 Author: Peter Blomberg [WUIt]
0 !LDRAW_ORG Subpart UPDATE 2025-08
0 !LICENSE Licensed under CC BY 4.0 : see CAreadme.txt

0 BFC CERTIFY CCW

0 !HISTORY 2025-08-31 [OrionP] Official Update 2025-08

1 16 0 0 0 1 0 0 0 1 0 0 0 1 s\51288s02.dat
1 16 0 0 0 -1 0 0 0 1 0 0 0 1 s\51288s02.dat
1 16 0 0 0 1 0 0 0 -1 0 0 0 1 s\51288s02.dat
1 16 0 0 0 -1 0 0 0 -1 0 0 0 1 s\51288s02.dat

1 16 0 -20 -15 0 0 6 0 40 0 -6 0 0 3-8cyli.dat
1 16 0 -20 -15 0 0 -6 0 40 0 -6 0 0 3-8cyli.dat
5 24 4.2426 -20.1489 -10.7574 4.2426 20.1489 -10.7574 3.2694 20.1182 -10.107 5.5434 20.1183 -12.7038
5 24 -4.2426 -20.1489 -10.7574 -4.2426 20.1489 -10.7574 -3.2694 20.1182 -10.107 -5.5434 20.1183 -12.7038

1 16 0 -1.5 -15 0 0 6 0 3 0 6 0 0 1-16cylo.dat
1 16 0 -1.5 -15 0 0 -6 0 3 0 6 0 0 1-16cylo.dat
4 16 2.2962 1.5 -9.4566 2.2962 -1.5 -9.4566 3.2694 -1.5 -10.107 3.2694 1.5 -10.107
4 16 -3.2694 -1.5 -10.107 -2.2962 -1.5 -9.4566 -2.2962 1.5 -9.4566 -3.2694 1.5 -10.107
3 16 3.2694 1.5 -10.107 3.2694 -1.5 -10.107 4.2426 0 -10.7574
3 16 -3.2694 -1.5 -10.107 -3.2694 1.5 -10.107 -4.2426 0 -10.7574
5 24 2.2962 -1.5 -9.4566 2.2962 1.5 -9.4566 0 1.5 -9 3.2694 1.5 -10.107
5 24 -2.2962 1.5 -9.4566 -2.2962 -1.5 -9.4566 0 1.5 -9 -3.2694 1.5 -10.107