0 ~Duplo Building Wall  1 x  8 x  6 Top Hinge on Right
0 Name: s\51697s03.dat
0 Author: Peter Blomberg [WUIt]
0 !LDRAW_ORG Subpart UPDATE 2025-08
0 !LICENSE Licensed under CC BY 4.0 : see CAreadme.txt

0 BFC CERTIFY CCW

0 !HISTORY 2025-08-31 [OrionP] Official Update 2025-08

1 16 140 50 0 -20 0 0 0 3 0 0 0 20 3-4cyli.dat
1 16 140 53 0 -20 0 0 0 -1 0 0 0 20 7-16disc.dat
1 16 140 53 0 0 0 16 0 -1 0 -16 0 0 3-16disc.dat
0 BFC INVERTNEXT
1 16 140 50 0 -6.5 0 0 0 -2 0 0 0 6.5 4-4cylc.dat
1 16 140 48 0 -6.5 0 0 0 1 0 0 0 6.5 4-4ndis.dat
4 16 146.5 48 6.5 148.4852 48 8.4852 140 48 12 140 48 6.5
4 16 148.4852 48 8.4852 146.5 48 6.5 146.5 48 0 152 48 0

1 16 140 48.75 0 0 0 3 0 -.75 0 3 0 0 1-4con4.dat
1 16 140 50 0 0 0 5 0 -1.25 0 5 0 0 1-4con3.dat
1 16 140 50 0 0 0 20 0 1 0 20 0 0 1-4edge.dat
1 16 140 48 0 12 0 0 0 1 0 0 0 12 1-4edge.dat
1 16 140 48 0 12 0 0 0 1 0 0 0 12 1-8chrd.dat
1 16 140 48 0 0 0 12 0 1 0 12 0 0 1-8chrd.dat

1 16 140 50 0 0 0 -20 0 -6.82826 0 20 0 0 1-8cyls.dat
1 16 140 50 0 20 0 0 0 -6.82826 0 0 0 -20 1-8cyls.dat
1 16 140 43.17174 0 0 0 -20 6.82826 1 0 20 0 0 1-8chrd.dat
1 16 140 43.17174 0 20 0 0 6.82826 1 0 0 0 -20 1-8chrd.dat
1 16 140 43.17174 0 0 0 -20 6.82826 1 0 20 0 0 1-8edge.dat
1 16 140 43.17174 0 20 0 0 6.82826 1 0 0 0 -20 1-8edge.dat

1 16 140 48 0 -20 0 0 0 1 0 0 0 20 1-8chrd.dat
1 16 140 48 0 -20 0 0 0 1 0 0 0 20 1-8edge.dat
1 16 140 48 0 -20 0 0 0 2 0 0 0 20 1-8cyli.dat
1 16 140 48 0 0 0 20 0 1 0 -20 0 0 1-8chrd.dat
1 16 140 48 0 0 0 20 0 1 0 -20 0 0 1-8edge.dat
1 16 140 48 0 0 0 20 0 2 0 -20 0 0 1-8cyli.dat

2 24 120 48 0 120 48 -12
2 24 120 48 -12 120 53 -12
2 24 120 53 0 120 53 -12
2 24 158.478 53 7.654 154.7824 53 6.1232
2 24 120 53 -12 128 53 -12
2 24 128 53 -12 128 53 -16
2 24 128 53 -16 140 53 -16
1 16 140 53 0 0 0 20 0 1 0 20 0 0 3-16edge.dat
1 16 140 53 0 0 0 -20 0 1 0 20 0 0 1-4edge.dat
3 16 140 53 0 154.7824 53 6.1232 154.7824 53 -6.1232
4 16 140 53 0 140 53 -16 128 53 -16 128 53 -12
4 16 140 53 0 128 53 -12 120 53 -12 120 53 0
2 24 120 48 -12 122 48 -12
2 24 136 48 -16 138 48 -16
2 24 134 48 -16 126 48 -16
2 24 128 48 -18 122 48 -12
2 24 140 48 12 125.858 48 14.142
2 24 152 48 0 154.142 48 -14.142
2 24 126 4 -16 128 4 -18
2 24 154.7824 53 -6.1232 154.7824 53 6.1232

1 16 135 48 -15 1 0 0 0 -38 0 0 0 1 box4-1.dat
4 16 128 0 -18 128 4 -18 126 4 -16 122 0 -12
4 16 138 48 -16 136 48 -16 136 10 -16 138 4 -16
4 16 134 48 -16 126 48 -16 126 4 -16 134 10 -16
1 16 138 26 -18 0 -1 0 0 0 -22 2 0 0 rect.dat
4 16 138 4 -16 136 10 -16 134 10 -16 126 4 -16
4 16 138 4 -16 128 4 -18 128 4 -20 138 4 -20
1 16 128 2 -19 0 -1 0 2 0 0 0 0 1 rect.dat
3 16 138 4 -16 126 4 -16 128 4 -18
2 24 138 4 -16 126 4 -16
2 24 140 48 -20 138 48 -20
2 24 128 4 -20 138 4 -20
2 24 126 48 -16 126 4 -16

4 16 126 48 -16 134 48 -16 134 48 -14 122 48 -12
3 16 140 48.75 15 140 50 20 125.858 48 14.142
3 16 125.858 48 14.142 140 48 12 140 48.75 15
3 16 154.142 48 -14.142 160 50 0 155 48.75 0
3 16 154.142 48 -14.142 155 48.75 0 152 48 0
4 16 140 48 6.5 140 48 12 125.858 48 14.142 133.5 48 6.5
3 16 152 48 0 146.5 48 0 146.5 48 -6.5
3 16 152 48 0 146.5 48 -6.5 154.142 48 -14.142
4 16 140 48 -6.5 138 48 -16 138 48 -20 140 48 -20
4 16 138 48 -16 140 48 -6.5 136 48 -14 136 48 -16
4 16 136 48 -14 140 48 -6.5 133.5 48 -6.5 134 48 -14
3 16 134 48 -14 133.5 48 -6.5 122 48 -12
4 16 133.5 48 -6.5 120 48 0 120 48 -12 122 48 -12
3 16 120 48 0 133.5 48 -6.5 133.5 48 0
4 16 133.5 48 0 133.5 48 6.5 125.858 48 14.142 120 48 0
4 16 120 48 0 120 50 0 120 53 -12 120 48 -12
3 16 120 50 0 120 53 0 120 53 -12
4 16 140 48 -6.5 140 48 -20 154.142 48 -14.142 146.5 48 -6.5

5 24 140 48.75 15 140 48 12 144.5924 48 11.0868 125.858 48 14.142
5 24 140 48.75 15 140 50 20 147.654 50 18.478 125.858 48 14.142
5 24 155 48.75 0 152 48 0 151.0868 48 4.5924 154.142 48 -14.142
5 24 160 50 0 155 48.75 0 158.478 50 7.654 154.142 48 -14.142
5 24 125.858 48 14.142 120 48 0 121.522 48.1391 7.654 133.5 48 6.5
5 24 154.142 48 -14.142 160 50 0 158.478 49.4804 -7.654 155 48.75 0
5 24 140 50 20 125.858 48 14.142 132.346 49.4804 18.478 140 48.75 15

3 16 140 48 -20 138 48 -20 140 50 -20
3 16 140 50 -20 138 48 -20 140 53 -20