0 ~Duplo Building Wall  1 x  8 x  6 Hinge on Left with Window Opening - Window
0 Name: s\53916s01.dat
0 Author: Peter Blomberg [WUIt]
0 !LDRAW_ORG Subpart UPDATE 2025-08
0 !LICENSE Licensed under CC BY 4.0 : see CAreadme.txt

0 BFC CERTIFY CCW

0 !HISTORY 2025-08-31 [OrionP] Official Update 2025-08

0 // front large surface
1 16 0 210 -18 0 0 148.5 -148.5 0 0 0 1 0 48\1-12tndis.dat
1 16 0 210 -18 0 0 -148.5 -148.5 0 0 0 1 0 48\1-12tndis.dat

0 // front window outer boundary
1 16 0 81.399 -19 0 0 74.25 0 128.851 0 1 0 0 box3u2p.dat
1 16 0 210 -20 0 0 148.5 -148.5 0 0 0 2 0 48\1-12cylo.dat
1 16 0 210 -20 0 0 -148.5 -148.5 0 0 0 2 0 48\1-12cylo.dat

0 // front window frame
4 16 69.5 205 -20 -69.5 205 -20 -74.25 210.25 -20 74.25 210.25 -20
4 16 -69.5 205 -20 -72 85.296 -20 -74.25 81.399 -20 -74.25 210.25 -20
1 16 0 210 -20 0 0 4.5 -4.5 0 0 0 1 0 48\1-12ring32.dat
1 16 0 210 -20 0 0 -4.5 -4.5 0 0 0 1 0 48\1-12ring32.dat
3 16 69.5 205 -20 74.25 210.25 -20 69.5 180 -20
3 16 69.5 180 -20 74.25 210.25 -20 69.5 174 -20
4 16 69.5 174 -20 74.25 210.25 -20 74.25 81.399 -20 69.5 118 -20
4 16 69.5 112 -20 69.5 118 -20 74.25 81.399 -20 72 85.296 -20
3 16 69.5 112 -20 72 85.296 -20 69.5 84.062 -20
3 16 -72 85.296 -20 -69.5 205 -20 -69.5 84.062 -20

0 // front window middle boundary
1 16 0 205 -17 69.5 0 0 0 1 0 0 0 3 rect.dat
0 BFC INVERTNEXT
1 16 0 210 -20 0 0 144 -144 0 0 0 6 0 48\1-16cylo.dat
0 BFC INVERTNEXT
1 16 0 210 -20 0 0 -144 -144 0 0 0 6 0 48\1-16cylo.dat
4 16 -69.5 84.062 -20 -69.5 84.062 -14 -55.1088 76.9584 -14 -55.1088 76.9584 -20
4 16 55.1088 76.9584 -20 55.1088 76.9584 -14 69.5 84.062 -14 69.5 84.062 -20
2 24 -69.5 84.062 -20 -55.1088 76.9584 -20
2 24 -69.5 84.062 -14 -55.1088 76.9584 -14
2 24 55.1088 76.9584 -20 69.5 84.062 -20
2 24 55.1088 76.9584 -14 69.5 84.062 -14
3 16 69.5 109 -14 69.5 109 -15.8 69.5 84.062 -14
4 16 69.5 84.062 -20 69.5 84.062 -14 69.5 109 -15.8 69.5 112 -20
2 24 69.5 109 -14 69.5 84.062 -14
2 24 69.5 84.062 -14 69.5 84.062 -20
2 24 69.5 84.062 -20 69.5 112 -20
4 16 69.5 121 -15.8 69.5 121 -14 69.5 171 -14 69.5 171 -15.8
4 16 69.5 121 -15.8 69.5 171 -15.8 69.5 174 -20 69.5 118 -20
2 24 69.5 118 -20 69.5 174 -20
2 24 69.5 171 -14 69.5 121 -14
2 24 69.5 180 -20 69.5 205 -20
2 24 69.5 183 -14 69.5 205 -14
4 16 69.5 183 -15.8 69.5 205 -14 69.5 205 -20 69.5 180 -20
3 16 69.5 183 -14 69.5 205 -14 69.5 183 -15.8
2 24 -69.5 205 -14 -69.5 150.5 -14
2 24 -69.5 141.5 -14 -69.5 84.062 -14
2 24 -69.5 205 -20 -69.5 84.062 -20
2 24 -69.5 84.062 -20 -69.5 84.062 -14
4 16 -69.5 205 -20 -69.5 205 -14 -69.5 150.5 -14 -69.5 150.5 -18
4 16 -69.5 205 -20 -69.5 150.5 -18 -69.5 141.5 -18 -69.5 84.062 -20
4 16 -69.5 141.5 -18 -69.5 141.5 -14 -69.5 84.062 -14 -69.5 84.062 -20

0 // front window hinge surface
1 16 -60.5 196 -14 -5 0 0 0 0 5 0 1 0 1-4ndis.dat
1 16 46 196 -14 5 0 0 0 0 5 0 1 0 1-4ndis.dat
1 16 -60.5 94 -14 -5 0 0 0 0 -5 0 1 0 1-4ndis.dat
1 16 46 94 -14 5 0 0 0 0 -5 0 1 0 1-4ndis.dat
1 16 0 210 -14 0 0 144 -144 0 0 0 1 0 48\1-12chrd.dat
1 16 0 210 -14 0 0 -144 -144 0 0 0 1 0 48\1-12chrd.dat
3 16 -69.5 205 -14 -65.5 201 -14 -65.5 196 -14
3 16 -65.5 201 -14 -69.5 205 -14 -60.5 201 -14
4 16 46 201 -14 -60.5 201 -14 -69.5 205 -14 69.5 205 -14
3 16 46 201 -14 69.5 205 -14 51 201 -14
3 16 69.5 205 -14 68 183 -14 63 183 -14
4 16 63 183 -14 57 183 -14 51 201 -14 69.5 205 -14
4 16 51 201 -14 57 183 -14 57 171 -14 51 196 -14
4 16 63 171 -14 68 171 -14 68 121 -14 63 121 -14
4 16 57 171 -14 63 171 -14 63 121 -14 57 121 -14
4 16 63 109 -14 72 85.296 -14 51 89 -14 57 109 -14
3 16 72 85.296 -14 63 109 -14 68 109 -14
4 16 51 89 -14 51 94 -14 57 121 -14 57 109 -14
4 16 57 171 -14 57 121 -14 51 94 -14 51 196 -14
4 16 0 66 -14 -72 85.296 -14 -65.5 89 -14 -60.5 89 -14
3 16 0 66 -14 -60.5 89 -14 46 89 -14
4 16 46 89 -14 51 89 -14 72 85.296 -14 0 66 -14
4 16 68 171 -14 69.5 171 -14 69.5 121 -14 68 121 -14
3 16 68 183 -14 69.5 205 -14 69.5 183 -14
3 16 72 85.296 -14 68 109 -14 69.5 109 -14
3 16 -69.5 205 -14 -65.5 196 -14 -69.5 150.5 -14
4 16 -69.5 141.5 -14 -69.5 150.5 -14 -65.5 196 -14 -65.5 94 -14
4 16 -69.5 141.5 -14 -65.5 94 -14 -65.5 89 -14 -72 85.296 -14

0 // hinges
1 16 65.5 115 -14 -1 0 0 0 1 0 0 0 1 dtruncdoorhingeedge.dat
1 16 65.5 177 -14 -1 0 0 0 1 0 0 0 1 dtruncdoorhingeedge.dat
0 BFC INVERTNEXT
1 16 65.5 115 -10 2.5 0 0 0 0 6 0 -4 0 box4o4a.dat
0 BFC INVERTNEXT
1 16 65.5 177 -10 2.5 0 0 0 0 6 0 -4 0 box4o4a.dat

0 // front window inner boundary
0 BFC INVERTNEXT
1 16 -60.5 196 -14 -5 0 0 0 0 5 0 4 0 1-4cylo.dat
0 BFC INVERTNEXT
1 16 46 196 -14 5 0 0 0 0 5 0 4 0 1-4cylo.dat
0 BFC INVERTNEXT
1 16 -60.5 94 -14 -5 0 0 0 0 -5 0 4 0 1-4cylo.dat
0 BFC INVERTNEXT
1 16 46 94 -14 5 0 0 0 0 -5 0 4 0 1-4cylo.dat
1 16 -7.25 201 -12 53.25 0 0 0 1 0 0 0 2 rect2p.dat
1 16 -7.25 89 -12 53.25 0 0 0 -1 0 0 0 2 rect2p.dat
1 16 -65.5 145 -12 0 -1 0 51 0 0 0 0 2 rect2p.dat
1 16 51 145 -12 0 1 0 51 0 0 0 0 2 rect2p.dat

0 // back window frame
1 16 -60.5 196 -10 -5 0 0 0 0 5 0 -1 0 1-4ndis.dat
1 16 46 196 -10 5 0 0 0 0 5 0 -1 0 1-4ndis.dat
1 16 -60.5 94 -10 -5 0 0 0 0 -5 0 -1 0 1-4ndis.dat
1 16 46 94 -10 5 0 0 0 0 -5 0 -1 0 1-4ndis.dat
4 16 -69.5 150.5 -10 -69.5 141.5 -10 -65.5 94 -10 -65.5 196 -10
4 16 -72.5 209 -10 -72.5 150.5 -10 -69.5 150.5 -10 -65.5 196 -10
4 16 -69.5 141.5 -10 -72.5 141.5 -10 -72.5 80.93 -10 -65.5 94 -10
3 16 -72.5 209 -10 -65.5 196 -10 -65.5 201 -10
3 16 -72.5 209 -10 -65.5 201 -10 -60.5 201 -10
4 16 72.5 209 -10 -72.5 209 -10 -60.5 201 -10 46 201 -10
3 16 72.5 209 -10 46 201 -10 51 201 -10
1 16 0 206.5 -10 0 0 -145 -145 0 0 0 -1 0 48\1-12chrd.dat
1 16 0 206.5 -10 0 0 145 -145 0 0 0 -1 0 48\1-12chrd.dat
4 16 68 121 -10 68 171 -10 63 171 -10 63 121 -10
3 16 72.5 209 -10 68 183 -10 68 171 -10
4 16 63 121 -10 63 171 -10 51 196 -10 51 94 -10
4 16 51 196 -10 63 171 -10 63 183 -10 51 201 -10
4 16 72.5 209 -10 51 201 -10 63 183 -10 68 183 -10
4 16 72.5 209 -10 68 171 -10 68 121 -10 72.5 80.93 -10
3 16 68 121 -10 68 109 -10 72.5 80.93 -10
4 16 63 109 -10 63 121 -10 51 94 -10 51 89 -10
4 16 68 109 -10 63 109 -10 51 89 -10 72.5 80.93 -10
4 16 0 61.5 -10 72.5 80.93 -10 51 89 -10 46 89 -10
3 16 0 61.5 -10 46 89 -10 -60.5 89 -10
4 16 0 61.5 -10 -60.5 89 -10 -65.5 89 -10 -72.5 80.93 -10
3 16 -72.5 80.93 -10 -65.5 89 -10 -65.5 94 -10

0 // lock
1 16 -69.5 146 -16 0 1 0 4.5 0 0 0 0 2 recte4.dat
1 16 -72.5 146 -16 0 -1 0 4.5 0 0 0 0 -2 rect.dat
0 BFC INVERTNEXT
1 16 -72.5 146 -12 0 3 0 0 0 4.5 -2 0 0 box3u5p.dat
0 BFC INVERTNEXT
1 16 -71 146 -14 1.5 0 0 0 0 4.5 0 -4 0 box3u10p.dat

0 // back window outer boundary
1 16 0 206.5 -14 0 0 -145 -145 0 0 0 4 0 48\1-12cylo.dat
1 16 0 206.5 -14 0 0 145 -145 0 0 0 4 0 48\1-12cylo.dat
1 16 0 144.965 -12 0 0 72.5 0 64.035 0 2 0 0 box2-5.dat
1 16 -72.5 111.215 -12 0 1 0 0 0 -30.285 -2 0 0 rect3.dat
1 16 -72.5 179.75 -12 0 1 0 29.25 0 0 0 0 -2 rect2p.dat

0 // back large surface
1 16 0 206.5 -14 0 0 -145 -145 0 0 0 -1 0 48\1-12tndis.dat
1 16 0 206.5 -14 0 0 145 -145 0 0 0 -1 0 48\1-12tndis.dat
4 16 53 21 -14 -65 21 -14 -65 4 -14 53 4 -14
4 16 0 61.5 -14 -72.5 61.5 -14 -69 21 -14 -65 21 -14
4 16 0 61.5 -14 53 21 -14 57 21 -14 72.5 61.5 -14
3 16 0 61.5 -14 -65 21 -14 53 21 -14
3 16 -65 247 -14 -69 247 -14 -72.5 209 -14
4 16 53 247 -14 53 264 -14 -65 264 -14 -65 247 -14
4 16 -65 247 -14 -72.5 209 -14 72.5 209 -14 53 247 -14
3 16 53 247 -14 72.5 209 -14 57 247 -14

0 // back reinforcements
1 16 53 264 -14 0 4 0 -17 0 0 0 0 17 tri3u1.dat
1 16 -69 264 -14 0 4 0 -17 0 0 0 0 17 tri3u1.dat
1 16 53 4 -14 0 4 0 17 0 0 0 0 17 tri3u1.dat
1 16 -69 4 -14 0 4 0 17 0 0 0 0 17 tri3u1.dat

5 24 55.1088 76.9584 -14 55.1088 76.9584 -20 37.2672 70.9104 -20 69.5 84.062 -20
5 24 -55.1088 76.9584 -20 -55.1088 76.9584 -14 -37.2672 70.9104 -20 -69.5 84.062 -20