0 ~Brick  2 x  2 x  1 with Curved Top without Patternable Surfaces
0 Name: s\5842s01.dat
0 Author: Gerald Lasser [GeraldLasser]
0 !LDRAW_ORG Subpart UPDATE 2026-01
0 !LICENSE Licensed under CC BY 4.0 : see CAreadme.txt

0 BFC CERTIFY CCW

0 !HISTORY 2026-01-29 [OrionP] Official Update 2026-01

0 // Bottom and Curved Inside
4 16 40 24 -10 36 24 -14 -36 24 -14 -40 24 -10
4 16 -40 24 -30 -36 24 -26 36 24 -26 40 24 -30
4 16 40 24 -30 36 24 -26 36 24 -14 40 24 -10
4 16 -36 24 -26 -40 24 -30 -40 24 -10 -36 24 -14
2 24 40 24 -30 40 24 -10
2 24 -40 24 -10 -40 24 -30

1 16 0 0 0 36 0 0 0 1 0 0 0 1 s\5854s02.dat

1 16 -20 0 0 1 0 0 0 1 0 0 0 1 s\5854s03.dat
1 16 0 0 0 1 0 0 0 1 0 0 0 1 s\5854s03.dat
1 16 20 0 0 1 0 0 0 1 0 0 0 1 s\5854s03.dat

0 // Plate
3 16 36 16 -10 40 16 -10 40 24 -10
3 16 -40 24 -10 -40 16 -10 -36 16 -10
4 16 -40 24 -10 -36 16 -10 36 16 -10 40 24 -10
2 24 -40 24 -10 -40 16 -10
2 24 40 24 -10 40 16 -10
2 24 -40 24 -10 40 24 -10

4 16 40 16 -10 36 16 -10 36 16 6 40 16 10
4 16 40 16 10 36 16 6 -36 16 6 -40 16 10
4 16 -40 16 10 -36 16 6 -36 16 -10 -40 16 -10
2 24 -40 16 -10 -36 16 -10
2 24 36 16 -10 40 16 -10
1 16 -30 12 -8 2 0 0 0 4 0 0 0 2 box4-1.dat
1 16 -10 12 -8 2 0 0 0 4 0 0 0 2 box4-1.dat
1 16 10 12 -8 2 0 0 0 4 0 0 0 2 box4-1.dat
1 16 30 12 -8 2 0 0 0 4 0 0 0 2 box4-1.dat
1 16 0 12 0 1 0 0 0 -1 0 0 0 1 stug3-1x3.dat
0 BFC INVERTNEXT
1 16 0 16 -2 -36 0 0 0 -4 0 0 0 8 box5-1.dat

1 16 0 16 0 -40 0 0 0 -8 0 0 0 10 box4-4a.dat
1 16 0 8 0 1 0 0 0 1 0 0 0 1 stug-1x4.dat
1 16 0 4 -10 0 0 40 4 0 0 0 -1 0 rect.dat

0 // Outside
1 16 0 22 -30 40 0 0 0 0 2 0 1 0 recte3.dat
3 16 40 8 -10 40 0 -10 40 20 -30
4 16 40 24 -10 40 16 -10 40 20 -30 40 24 -30
3 16 40 16 -10 40 8 -10 40 20 -30
1 16 40 20 -10 0 -1 0 -20 0 0 0 0 -20 1-4chrd.dat
1 16 40 20 -10 0 -1 0 -20 0 0 0 0 -20 1-4edge.dat
4 16 -40 24 -30 -40 20 -30 -40 16 -10 -40 24 -10
3 16 -40 20 -30 -40 8 -10 -40 16 -10
3 16 -40 20 -30 -40 0 -10 -40 8 -10
1 16 -40 20 -10 0 1 0 0 0 -20 -20 0 0 1-4chrd.dat
1 16 -40 20 -10 0 -1 0 -20 0 0 0 0 -20 1-4edge.dat