0 ~Brick  1 x  4 with Curved Top without Understuds without Patternable Surfaces
0 Name: s\5849s01.dat
0 Author: Gerald Lasser [GeraldLasser]
0 !LDRAW_ORG Subpart UPDATE 2026-01
0 !LICENSE Licensed under CC BY 4.0 : see CAreadme.txt

0 BFC CERTIFY CCW

0 !HISTORY 2026-01-15 [GeraldLasser] based on 37352s01 by [Philo]
0 !HISTORY 2026-01-29 [OrionP] Official Update 2026-01

0 // bottom
4 16 40 24 10 36 24 6 -36 24 6 -40 24 10
4 16 -40 24 10 -36 24 6 -36 24 -6 -40 24 -10
4 16 -40 24 -10 -36 24 -6 36 24 -6 40 24 -10
4 16 40 24 -10 36 24 -6 36 24 6 40 24 10

1 16 0 15 6 36 0 0 0 0 9 0 1 0 rect.dat
1 16 0 21 -6 36 0 0 0 0 3 0 -1 0 rect3.dat
4 16 36 6 6 36 24 6 36 24 -6 36 18 -6
4 16 -36 18 -6 -36 24 -6 -36 24 6 -36 6 6
2 24 36 24 6 36 24 -6
2 24 -36 24 -6 -36 24 6

4 16 36 11 -3.5 36 18 -6 -36 18 -6 -36 11 -3.5
4 16 36 11 -3.5 -36 11 -3.5 -36 7 1 36 7 1
4 16 36 6 6 36 7 1 -36 7 1 -36 6 6
4 16 36 11 -3.5 36 7 1 36 6 6 36 18 -6
4 16 -36 7 1 -36 11 -3.5 -36 18 -6 -36 6 6
2 24 36 7 1 36 6 6
2 24 36 11 -3.5 36 18 -6
2 24 36 11 -3.5 36 7 1
2 24 -36 7 1 -36 6 6
2 24 -36 11 -3.5 -36 18 -6
2 24 -36 11 -3.5 -36 7 1
5 24 36 7 1 -36 7 1 36 6 6 -36 11 -3.5
5 24 36 11 -3.5 -36 11 -3.5 36 7 1 -36 18 -6
5 24 -36 18 -6 36 18 -6 36 11 -3.5 36 24 -6

0 // Fillets
1 16 5 23.8 6 1 0 0 0 17.8 0 0 0 -1 ridgea.dat
1 16 15 23.8 6 1 0 0 0 17.8 0 0 0 -1 ridgea.dat
1 16 25 23.8 6 1 0 0 0 17.8 0 0 0 -1 ridgea.dat
1 16 -5 23.8 6 1 0 0 0 17.8 0 0 0 -1 ridgea.dat
1 16 -15 23.8 6 1 0 0 0 17.8 0 0 0 -1 ridgea.dat
1 16 -25 23.8 6 1 0 0 0 17.8 0 0 0 -1 ridgea.dat
1 16 5 6 6 1 0 0 0 1 .2 0 0 -1 ridgee.dat
1 16 15 6 6 1 0 0 0 1 .2 0 0 -1 ridgee.dat
1 16 25 6 6 1 0 0 0 1 .2 0 0 -1 ridgee.dat
1 16 -5 6 6 1 0 0 0 1 .2 0 0 -1 ridgee.dat
1 16 -15 6 6 1 0 0 0 1 .2 0 0 -1 ridgee.dat
1 16 -25 6 6 1 0 0 0 1 .2 0 0 -1 ridgee.dat

1 16 5 23.8 -6 1 0 0 0 5.8 0 0 0 1 ridgea.dat
1 16 15 23.8 -6 1 0 0 0 5.8 0 0 0 1 ridgea.dat
1 16 25 23.8 -6 1 0 0 0 5.8 0 0 0 1 ridgea.dat
1 16 -5 23.8 -6 1 0 0 0 5.8 0 0 0 1 ridgea.dat
1 16 -15 23.8 -6 1 0 0 0 5.8 0 0 0 1 ridgea.dat
1 16 -25 23.8 -6 1 0 0 0 5.8 0 0 0 1 ridgea.dat
1 16 5 18 -6 1 0 0 0 7 0 0 0 1 ridgesu.dat
1 16 15 18 -6 1 0 0 0 7 0 0 0 1 ridgesu.dat
1 16 25 18 -6 1 0 0 0 7 0 0 0 1 ridgesu.dat
1 16 -5 18 -6 1 0 0 0 7 0 0 0 1 ridgesu.dat
1 16 -15 18 -6 1 0 0 0 7 0 0 0 1 ridgesu.dat
1 16 -25 18 -6 1 0 0 0 7 0 0 0 1 ridgesu.dat

0 // Centre Reinforcement
4 16 1.25 18 -1.25 1.25 18 -6 -1.25 18 -6 -1.25 18 -1.25
4 16 1.6 18 -.7 1.25 18 -1.25 -1.25 18 -1.25 -1.6 18 -.7
4 16 -1.75 18 0 1.75 18 0 1.6 18 -.7 -1.6 18 -.7
4 16 1.6 18 .7 1.75 18 0 -1.75 18 0 -1.6 18 .7
4 16 -1.6 18 .7 -1.25 18 1.25 1.25 18 1.25 1.6 18 .7
4 16 1.25 18 6 1.25 18 1.25 -1.25 18 1.25 -1.25 18 6
2 24 -1.25 18 6 1.25 18 6
2 24 -1.25 18 -6 1.25 18 -6

4 16 1.75 18 0 1.6 18 .7 1.6 7.2667 .7 1.75 7.8889 0
4 16 1.25 18 1.25 1.4091 7 1 1.6 7.2667 .7 1.6 18 .7
3 16 1.25 6.95 1.25 1.4091 7 1 1.25 18 1.25
4 16 1.25 18 -1.25 1.6 18 -.7 1.6 8.5111 -.7 1.25 9 -1.25
4 16 1.6 18 -.7 1.75 18 0 1.75 7.8889 0 1.6 8.5111 -.7
4 16 1.25 6.95 1.25 1.25 18 1.25 1.25 18 6 1.25 6 6
4 16 1.25 18 -1.25 1.25 9 -1.25 1.25 11 -3.5 1.25 18 -6
2 24 1.25 18 1.25 1.25 18 6
2 24 1.25 18 1.25 1.25 6.95 1.25
2 24 1.25 18 -1.25 1.25 9 -1.25
2 24 1.25 9 -1.25 1.6 8.5111 -.7
2 24 1.6 8.5111 -.7 1.75 7.8889 0
2 24 1.75 7.8889 0 1.6 7.2667 .7
2 24 1.4091 7 1 1.25 6.95 1.25
2 24 1.6 7.2667 .7 1.4091 7 1
2 24 1.25 18 1.25 1.6 18 .7
2 24 1.6 18 .7 1.75 18 0
2 24 1.25 18 -1.25 1.6 18 -.7
2 24 1.6 18 -.7 1.75 18 0
2 24 1.25 18 -6 1.25 18 -1.25
2 24 1.25 6 6 1.25 18 6
2 24 1.25 6.95 1.25 1.25 6 6
2 24 1.25 11 -3.5 1.25 9 -1.25
2 24 1.25 18 -6 1.25 11 -3.5
5 24 1.6 7.2667 .7 1.6 18 .7 1.75 7.8889 0 1.25 18 1.25
5 24 1.6 18 -.7 1.6 8.5111 -.7 1.25 9 -1.25 1.75 18 0
5 24 1.75 18 0 1.75 7.8889 0 1.6 18 .7 1.6 8.5111 -.7

4 16 -1.6 7.2667 .7 -1.6 18 .7 -1.75 18 0 -1.75 7.8889 0
4 16 -1.6 7.2667 .7 -1.4091 7 1 -1.25 18 1.25 -1.6 18 .7
3 16 -1.4091 7 1 -1.25 6.95 1.25 -1.25 18 1.25
4 16 -1.6 8.5111 -.7 -1.6 18 -.7 -1.25 18 -1.25 -1.25 9 -1.25
4 16 -1.75 7.8889 0 -1.75 18 0 -1.6 18 -.7 -1.6 8.5111 -.7
4 16 -1.25 18 6 -1.25 18 1.25 -1.25 6.95 1.25 -1.25 6 6
4 16 -1.25 11 -3.5 -1.25 9 -1.25 -1.25 18 -1.25 -1.25 18 -6
2 24 -1.25 18 6 -1.25 18 1.25
2 24 -1.25 6.95 1.25 -1.25 18 1.25
2 24 -1.25 9 -1.25 -1.25 18 -1.25
2 24 -1.6 8.5111 -.7 -1.25 9 -1.25
2 24 -1.75 7.8889 0 -1.6 8.5111 -.7
2 24 -1.6 7.2667 .7 -1.75 7.8889 0
2 24 -1.25 6.95 1.25 -1.4091 7 1
2 24 -1.4091 7 1 -1.6 7.2667 .7
2 24 -1.6 18 .7 -1.25 18 1.25
2 24 -1.75 18 0 -1.6 18 .7
2 24 -1.6 18 -.7 -1.25 18 -1.25
2 24 -1.75 18 0 -1.6 18 -.7
2 24 -1.25 18 -1.25 -1.25 18 -6
2 24 -1.25 18 6 -1.25 6 6
2 24 -1.25 6 6 -1.25 6.95 1.25
2 24 -1.25 9 -1.25 -1.25 11 -3.5
2 24 -1.25 11 -3.5 -1.25 18 -6
5 24 -1.6 18 .7 -1.6 7.2667 .7 -1.75 7.8889 0 -1.25 18 1.25
5 24 -1.6 8.5111 -.7 -1.6 18 -.7 -1.25 9 -1.25 -1.75 18 0
5 24 -1.75 7.8889 0 -1.75 18 0 -1.6 18 .7 -1.6 8.5111 -.7

0 // Outside
1 16 40 20 10 0 -1 0 0 0 -20 -20 0 0 1-4chrde.dat
1 16 -40 20 10 0 1 0 0 0 -20 -20 0 0 1-4chrde.dat
4 16 -40 24 10 -40 24 -10 -40 20 -10 -40 0 10
4 16 40 24 -10 40 24 10 40 0 10 40 20 -10

2 24 -40 24 10 -40 24 -10
2 24 40 24 -10 40 24 10
1 16 0 12 10 -40 0 0 0 0 -12 0 -1 0 rect.dat
2 24 -40 24 -10 40 24 -10
2 24 -40 24 -10 -40 20 -10
2 24 40 24 -10 40 20 -10