0 ~Brick  2 x  2 x  1 with Curved Top without Patternable Surfaces
0 Name: s\5854s01.dat
0 Author: Gerald Lasser [GeraldLasser]
0 !LDRAW_ORG Subpart UPDATE 2026-01
0 !LICENSE Licensed under CC BY 4.0 : see CAreadme.txt

0 BFC CERTIFY CCW

0 !HISTORY 2026-01-29 [OrionP] Official Update 2026-01

0 // Bottom and Curved Inside
4 16 20 24 -10 16 24 -14 -16 24 -14 -20 24 -10
4 16 -20 24 -30 -16 24 -26 16 24 -26 20 24 -30
4 16 20 24 -30 16 24 -26 16 24 -14 20 24 -10
4 16 -16 24 -26 -20 24 -30 -20 24 -10 -16 24 -14
2 24 20 24 -30 20 24 -10
2 24 -20 24 -10 -20 24 -30

1 16 0 0 0 16 0 0 0 1 0 0 0 1 s\5854s02.dat

1 16 0 0 0 1 0 0 0 1 0 0 0 1 s\5854s03.dat

0 // Plate
3 16 16 16 -10 20 16 -10 20 24 -10
3 16 -20 24 -10 -20 16 -10 -16 16 -10
4 16 -20 24 -10 -16 16 -10 16 16 -10 20 24 -10
2 24 -20 24 -10 -20 16 -10
2 24 20 24 -10 20 16 -10
2 24 -20 24 -10 20 24 -10

4 16 20 16 -10 16 16 -10 16 16 6 20 16 10
4 16 20 16 10 16 16 6 -16 16 6 -20 16 10
4 16 -20 16 10 -16 16 6 -16 16 -10 -20 16 -10
2 24 -20 16 -10 -16 16 -10
2 24 16 16 -10 20 16 -10
1 16 -10 12 -8 2 0 0 0 4 0 0 0 2 box4-1.dat
1 16 10 12 -8 2 0 0 0 4 0 0 0 2 box4-1.dat
1 16 0 12 0 1 0 0 0 -1 0 0 0 1 stud3.dat
0 BFC INVERTNEXT
1 16 0 16 -2 -16 0 0 0 -4 0 0 0 8 box5-1.dat

1 16 0 16 0 -20 0 0 0 -8 0 0 0 10 box4-4a.dat
1 16 0 8 0 0 0 1 0 1 0 -1 0 0 stug-2x1.dat
1 16 0 4 -10 0 0 20 4 0 0 0 -1 0 rect.dat

0 // Outside
1 16 0 22 -30 20 0 0 0 0 2 0 1 0 recte3.dat
3 16 20 8 -10 20 0 -10 20 20 -30
4 16 20 24 -10 20 16 -10 20 20 -30 20 24 -30
3 16 20 16 -10 20 8 -10 20 20 -30
1 16 20 20 -10 0 -1 0 -20 0 0 0 0 -20 1-4chrd.dat
1 16 20 20 -10 0 -1 0 -20 0 0 0 0 -20 1-4edge.dat
4 16 -20 24 -30 -20 20 -30 -20 16 -10 -20 24 -10
3 16 -20 20 -30 -20 8 -10 -20 16 -10
3 16 -20 20 -30 -20 0 -10 -20 8 -10
1 16 -20 20 -10 0 1 0 0 0 -20 -20 0 0 1-4chrd.dat
1 16 -20 20 -10 0 -1 0 -20 0 0 0 0 -20 1-4edge.dat