0 ~Brick  2 x  2 x  1 with Curved Top - Curved Cavity
0 Name: s\5854s02.dat
0 Author: Gerald Lasser [GeraldLasser]
0 !LDRAW_ORG Subpart UPDATE 2026-01
0 !LICENSE Licensed under CC BY 4.0 : see CAreadme.txt

0 BFC CERTIFY CCW

0 !HISTORY 2026-01-29 [OrionP] Official Update 2026-01

1 16 0 14.5 -14 1 0 0 0 0 -9.5 0 1 0 rect.dat
4 16 1 24 -26 1 20 -26 1 5 -14 1 24 -14
4 16 1 20 -26 1 13.9 -25 1 7.4 -20 1 5 -14
4 16 -1 5 -14 -1 20 -26 -1 24 -26 -1 24 -14
4 16 -1 7.4 -20 -1 13.9 -25 -1 20 -26 -1 5 -14
1 16 0 22 -26 1 0 0 0 0 2 0 -1 0 rect3.dat
2 24 -1 20 -26 -1 13.9 -25
2 24 -1 13.9 -25 -1 7.4 -20
2 24 -1 7.4 -20 -1 5 -14
2 24 1 13.9 -25 1 20 -26
2 24 1 7.4 -20 1 13.9 -25
2 24 1 7.4 -20 1 5 -14
2 24 -1 24 -26 -1 24 -14
2 24 1 24 -14 1 24 -26

4 16 -1 20 -26 -1 13.9 -25 1 13.9 -25 1 20 -26
4 16 -1 7.4 -20 1 7.4 -20 1 13.9 -25 -1 13.9 -25
4 16 -1 7.4 -20 -1 5 -14 1 5 -14 1 7.4 -20
5 24 -1 20 -26 1 20 -26 1 13.9 -25 1 24 -26
5 24 -1 13.9 -25 1 13.9 -25 1 20 -26 1 7.4 -20
5 24 1 7.4 -20 -1 7.4 -20 -1 13.9 -25 -1 5 -14