0 ~Brick  2 x  4 x  1.333 with Curved Top without Patternable Surface
0 Name: s\6081s01.dat
0 Author: Takeshi Takahashi [RainbowDolphin]
0 !LDRAW_ORG Subpart UPDATE 2026-01
0 !LICENSE Licensed under CC BY 4.0 : see CAreadme.txt

0 BFC CERTIFY CCW

0 !HISTORY 2024-10-05 [RainbowDolphin] Split patternable surface from 6081 by James Jessiman, reduced T-junctions
0 !HISTORY 2025-11-14 [MagFors] reworked sloped studs
0 !HISTORY 2026-01-29 [OrionP] Official Update 2026-01

4 16 40 32 -10 36 32 -14 -36 32 -14 -40 32 -10
4 16 -40 32 -10 -36 32 -14 -36 32 -26 -40 32 -30
4 16 -40 32 -30 -36 32 -26 36 32 -26 40 32 -30
4 16 40 32 -30 36 32 -26 36 32 -14 40 32 -10
1 16 0 32 -20 40 0 0 0 -1 0 0 0 -10 recte4.dat

2 24 -40 16 -10 -36 16 -10
2 24 36 16 -10 40 16 -10
0 BFC INVERTNEXT
1 16 0 16 -2 36 0 0 0 -4 0 0 0 8 box5-1.dat
1 16 0 16 0 40 0 0 0 -8 0 0 0 10 box4-4a.dat
1 16 40 20 -10 0 1 0 -20 0 0 0 0 -20 1-4edge.dat
1 16 -40 20 -10 0 1 0 -20 0 0 0 0 -20 1-4edge.dat
4 16 40 16 -10 36 16 -10 36 16 6 40 16 10
4 16 40 16 10 36 16 6 -36 16 6 -40 16 10
4 16 -40 16 10 -36 16 6 -36 16 -10 -40 16 -10
3 16 36 16 -10 40 16 -10 40 32 -10
4 16 40 32 -10 -40 32 -10 -36 16 -10 36 16 -10
3 16 -40 32 -10 -40 16 -10 -36 16 -10
1 16 0 4 -10 40 0 0 0 0 -4 0 -1 0 rect.dat
1 16 0 8 0 0 0 1 0 1 0 -1 0 0 stug-4x1.dat
1 16 0 12 0 1 0 0 0 -1 0 0 0 1 stug3-1x3.dat
1 16 30 12 -8 2 0 0 0 4 0 0 0 2 box4-1.dat
1 16 10 12 -8 2 0 0 0 4 0 0 0 2 box4-1.dat
1 16 -10 12 -8 2 0 0 0 4 0 0 0 2 box4-1.dat
1 16 -30 12 -8 2 0 0 0 4 0 0 0 2 box4-1.dat

0 BFC INVERTNEXT
1 16 36 20 -14 0 -72 0 -15 0 0 0 0 -12 1-4cylo.dat
1 16 -36 20 -14 0 -1 0 -15 0 0 0 0 -12 1-4chrd.dat
1 16 36 20 -14 0 1 0 -15 0 0 0 0 -12 1-4chrd.dat
2 24 -36 32 -14 -36 32 -26
2 24 36 32 -26 36 32 -14
1 16 0 18.5 -14 -36 0 0 0 0 13.5 0 1 0 rect.dat
4 16 -36 32 -14 -36 5 -14 -36 20 -26 -36 32 -26
1 16 0 26 -26 36 0 0 0 0 6 0 -1 0 rect3.dat
4 16 36 32 -26 36 20 -26 36 5 -14 36 32 -14

2 24 40 32 -10 40 16 -10
2 24 -40 32 -10 -40 16 -10
2 24 40 32 -30 40 20 -30
2 24 -40 32 -30 -40 20 -30
4 16 -40 32 -10 -40 32 -30 -40 20 -30 -40 16 -10
4 16 40 32 -30 40 32 -10 40 16 -10 40 20 -30
3 16 -40 8 -10 -40 16 -10 -40 20 -30
3 16 -40 8 -10 -40 20 -30 -40 0 -10
3 16 40 0 -10 40 20 -30 40 8 -10
3 16 40 8 -10 40 20 -30 40 16 -10
1 16 40 20 -10 0 -1 0 -20 0 0 0 0 -20 1-4chrd.dat
1 16 -40 20 -10 0 1 0 -20 0 0 0 0 -20 1-4chrd.dat

1 16 0 10 -20 1 0 0 0 -5.5 0 0 0 1 stud3a.dat
1 16 0 10 -20 0 0 -4 0 -4 0 -4 0 0 1-4cyls.dat
1 16 0 10 -20 0 0 4 0 -4 0 -4 0 0 1-4cyls.dat
1 16 0 10 -20 4 0 0 0 -4 0 0 0 4 2-4cyli.dat
1 16 0 6 -20 0 0 -4 0 -.8 0 4 0 0 3-16cyli.dat
1 16 0 6 -20 0 0 4 0 -.8 0 4 0 0 3-16cyli.dat
2 24 3.6956 8.5962 -21.5308 4 7.3174 -20
2 24 2.8284 10.0354 -22.8284 3.0578 9.3935 -22.4852
2 24 3.0578 9.3935 -22.4852 3.6956 8.5962 -21.5308
2 24 0 5.497 -16 1.5308 5.5728 -16.3044
2 24 1.5308 5.5728 -16.3044 2.8284 5.7883 -17.1716
2 24 3.6956 6.1109 -18.4692 2.8284 5.7883 -17.1716
2 24 3.7201 6.1415 -18.5924 3.6956 6.1109 -18.4692
2 24 -3.7201 6.1415 -18.5924 -3.6956 6.1109 -18.4692
2 24 -2.8284 5.7883 -17.1716 -3.6956 6.1109 -18.4692
2 24 -2.8284 5.7883 -17.1716 -1.5308 5.5728 -16.3044
2 24 -1.5308 5.5728 -16.3044 0 5.497 -16
2 24 3.7201 6.1415 -18.5924 4 7.3174 -20
2 24 -4 7.3174 -20 -3.7201 6.1415 -18.5924
2 24 -1.5308 11.6574 -23.6956 -2.8284 10.0354 -22.8284
2 24 -3.0578 9.3935 -22.4852 -2.8284 10.0354 -22.8284
2 24 0 12.2268 -24 1.5308 11.6574 -23.6956
2 24 0 12.2268 -24 -1.5308 11.6574 -23.6956
2 24 2.8284 10.0354 -22.8284 1.5308 11.6574 -23.6956
2 24 -3.6956 8.5962 -21.5308 -4 7.3174 -20
2 24 -3.0578 9.3935 -22.4852 -3.6956 8.5962 -21.5308
1 16 -20 10 -20 1 0 0 0 -5.5 0 0 0 1 stud3a.dat
1 16 -20 10 -20 0 0 -4 0 -4 0 -4 0 0 1-4cyls.dat
1 16 -20 10 -20 0 0 4 0 -4 0 -4 0 0 1-4cyls.dat
1 16 -20 10 -20 4 0 0 0 -4 0 0 0 4 2-4cyli.dat
1 16 -20 6 -20 0 0 -4 0 -.8 0 4 0 0 3-16cyli.dat
1 16 -20 6 -20 0 0 4 0 -.8 0 4 0 0 3-16cyli.dat
2 24 -16.3044 8.5962 -21.5308 -16 7.3174 -20
2 24 -17.1716 10.0354 -22.8284 -16.9422 9.3935 -22.4852
2 24 -16.9422 9.3935 -22.4852 -16.3044 8.5962 -21.5308
2 24 -20 5.497 -16 -18.4692 5.5728 -16.3044
2 24 -18.4692 5.5728 -16.3044 -17.1716 5.7883 -17.1716
2 24 -16.3044 6.1109 -18.4692 -17.1716 5.7883 -17.1716
2 24 -16.2799 6.1415 -18.5924 -16.3044 6.1109 -18.4692
2 24 -23.7201 6.1415 -18.5924 -23.6956 6.1109 -18.4692
2 24 -22.8284 5.7883 -17.1716 -23.6956 6.1109 -18.4692
2 24 -22.8284 5.7883 -17.1716 -21.5308 5.5728 -16.3044
2 24 -21.5308 5.5728 -16.3044 -20 5.497 -16
2 24 -16.2799 6.1415 -18.5924 -16 7.3174 -20
2 24 -24 7.3174 -20 -23.7201 6.1415 -18.5924
2 24 -21.5308 11.6574 -23.6956 -22.8284 10.0354 -22.8284
2 24 -23.0578 9.3935 -22.4852 -22.8284 10.0354 -22.8284
2 24 -20 12.2268 -24 -18.4692 11.6574 -23.6956
2 24 -20 12.2268 -24 -21.5308 11.6574 -23.6956
2 24 -17.1716 10.0354 -22.8284 -18.4692 11.6574 -23.6956
2 24 -23.6956 8.5962 -21.5308 -24 7.3174 -20
2 24 -23.0578 9.3935 -22.4852 -23.6956 8.5962 -21.5308
1 16 20 10 -20 1 0 0 0 -5.5 0 0 0 1 stud3a.dat
1 16 20 10 -20 0 0 -4 0 -4 0 -4 0 0 1-4cyls.dat
1 16 20 10 -20 0 0 4 0 -4 0 -4 0 0 1-4cyls.dat
1 16 20 10 -20 4 0 0 0 -4 0 0 0 4 2-4cyli.dat
1 16 20 6 -20 0 0 -4 0 -.8 0 4 0 0 3-16cyli.dat
1 16 20 6 -20 0 0 4 0 -.8 0 4 0 0 3-16cyli.dat
2 24 23.6956 8.5962 -21.5308 24 7.3174 -20
2 24 22.8284 10.0354 -22.8284 23.0578 9.3935 -22.4852
2 24 23.0578 9.3935 -22.4852 23.6956 8.5962 -21.5308
2 24 20 5.497 -16 21.5308 5.5728 -16.3044
2 24 21.5308 5.5728 -16.3044 22.8284 5.7883 -17.1716
2 24 23.6956 6.1109 -18.4692 22.8284 5.7883 -17.1716
2 24 23.7201 6.1415 -18.5924 23.6956 6.1109 -18.4692
2 24 16.2799 6.1415 -18.5924 16.3044 6.1109 -18.4692
2 24 17.1716 5.7883 -17.1716 16.3044 6.1109 -18.4692
2 24 17.1716 5.7883 -17.1716 18.4692 5.5728 -16.3044
2 24 18.4692 5.5728 -16.3044 20 5.497 -16
2 24 23.7201 6.1415 -18.5924 24 7.3174 -20
2 24 16 7.3174 -20 16.2799 6.1415 -18.5924
2 24 18.4692 11.6574 -23.6956 17.1716 10.0354 -22.8284
2 24 16.9422 9.3935 -22.4852 17.1716 10.0354 -22.8284
2 24 20 12.2268 -24 21.5308 11.6574 -23.6956
2 24 20 12.2268 -24 18.4692 11.6574 -23.6956
2 24 22.8284 10.0354 -22.8284 21.5308 11.6574 -23.6956
2 24 16.3044 8.5962 -21.5308 16 7.3174 -20
2 24 16.9422 9.3935 -22.4852 16.3044 8.5962 -21.5308