0 ~Sticker  0.8 x  1.2 with Headlamp in Grey Trapezoid on Black Background Right - Common Part Not To Be Mirrored
0 Name: s\6177969ks02.dat
0 Author: Massimo Maso [Sirio]
0 !LDRAW_ORG Subpart UPDATE 2025-08
0 !LICENSE Licensed under CC BY 4.0 : see CAreadme.txt

0 BFC CERTIFY CCW

0 !HISTORY 2024-03-23 [OrionP] Updated ring primitives
0 !HISTORY 2025-08-31 [OrionP] Official Update 2025-08


0 // Primitives
1 71 0 0 -2.4 2.5 0 0 0 1 0 0 0 2.5 4-4ndis.dat
1 0 0 0 -2.4 .5 0 0 0 1 0 0 0 .5 4-4ring4.dat
1 0 0 0 -2.4 .1 0 0 0 1 0 0 0 .1 4-4ring19.dat
1 15 0 0 -2.4 1.9 0 0 0 1 0 0 0 1.9 1-4chrd.dat
1 14 0 0 -2.4 -1.9 0 0 0 1 0 0 0 1.9 1-4chrd.dat
1 14 0 0 -2.4 -1.9 0 0 0 1 0 0 0 -1.9 1-4chrd.dat
1 14 0 0 -2.4 1.9 0 0 0 1 0 0 0 -1.9 1-4chrd.dat
0 // Faces
0 // Black faces
4 0 3.9 0 3.9 4.5 0 4.5 -4.5 0 4.5 -3.9 0 3.9
4 0 3.9 0 3.9 3.9 0 .9 4.5 0 .3 4.5 0 4.5
4 0 -3.9 0 .9 -3.9 0 3.9 -4.5 0 4.5 -4.5 0 .3
4 0 -3.9 0 .9 -4.5 0 .3 4.5 0 .3 3.9 0 .9
0 // Grey faces
4 71 3.9 0 3.9 -3.9 0 3.9 -1.4 0 3.4 3.4 0 3.4
4 71 3.9 0 3.9 3.4 0 3.4 3.4 0 1.9 3.9 0 .9
4 71 -3.9 0 .9 -1.4 0 2.4 -1.4 0 3.4 -3.9 0 3.9
3 71 -3.9 0 .9 2.4 0 1.9 -1.4 0 2.4
4 71 -3.9 0 .9 3.9 0 .9 3.4 0 1.9 2.4 0 1.9
4 71 -4.5 0 .3 -2.5 0 .1 0 0 .1 4.5 0 .3
3 71 -4.5 0 .3 -2.5 0 -2.4 -2.5 0 .1
3 71 -4.5 0 .3 -2.5 0 -4.9 -2.5 0 -2.4
3 71 4.5 0 .3 0 0 .1 2.5 0 .1
3 71 4.5 0 .3 2.5 0 .1 2.5 0 -2.4
3 71 4.5 0 .3 2.5 0 -2.4 2.5 0 -4.9
0 // Yellow faces
3 14 -1.9 0 -2.4 0 0 -1.1 0 0 -.5
4 14 -1.9 0 -2.4 0 0 -4.3 1.3 0 -2.4 0 0 -1.1
3 14 1.9 0 -2.4 1.3 0 -2.4 0 0 -4.3
0 // White faces
4 15 3.4 0 3.4 -1.4 0 3.4 -1.4 0 2.4 2.4 0 1.9
3 15 3.4 0 3.4 2.4 0 1.9 3.4 0 1.9
4 15 1.9 0 -2.4 0 0 -.5 0 0 -1.1 1.3 0 -2.4
