0 ~Sticker  0.8 x  3.1 with Black and Dark Orange Arch on Orange Background Right - Third Face
0 Name: s\6177960ks03.dat
0 Author: Massimo Maso [Sirio]
0 !LDRAW_ORG Subpart UPDATE 2025-07
0 !LICENSE Licensed under CC BY 4.0 : see CAreadme.txt

0 BFC CERTIFY CCW

0 !HISTORY 2025-07-27 [OrionP] Official Update 2025-07

0 // Black faces
4 0 5.8168 -.25 9.8874 7.312 -.25 13.0988 6.2018 -.25 13.0988 4.7221 -.25 9.8863
4 0 5.8168 -.25 9.8874 4.7221 -.25 9.8863 3.3453 -.25 6.6284 4.4251 -.25 6.6299
4 0 3.1425 -.25 3.3279 4.4251 -.25 6.6299 3.3453 -.25 6.6284 2.077 -.25 3.3267
4 0 3.1425 -.25 3.3279 2.077 -.25 3.3267 .9225 -.25 -.0165 1.9748 -.25 -.0165
0 // Dark orange faces
4 484 8 -.25 -.0165 8 -.25 13.0988 7.312 -.25 13.0988 5.8168 -.25 9.8874
3 484 8 -.25 -.0165 5.8168 -.25 9.8874 4.4251 -.25 6.6299
4 484 8 -.25 -.0165 4.4251 -.25 6.6299 3.1425 -.25 3.3279 1.9748 -.25 -.0165
0 // Orange faces
4 25 -8 -.25 13.0988 -8 -.25 -.0165 .9225 -.25 -.0165 2.077 -.25 3.3267
3 25 -8 -.25 13.0988 2.077 -.25 3.3267 3.3453 -.25 6.6284
3 25 -8 -.25 13.0988 3.3453 -.25 6.6284 4.7221 -.25 9.8863
3 25 -8 -.25 13.0988 4.7221 -.25 9.8863 6.2018 -.25 13.0988