0 ~Cone  3 x  3 x  2 - 1/8
0 Name: s\6233s01.dat
0 Author: Rene Rechthaler [Blechtaler]
0 !LDRAW_ORG Subpart UPDATE 2025-11
0 !LICENSE Licensed under CC BY 4.0 : see CAreadme.txt

0 BFC CERTIFY CCW

0 !HISTORY 2025-11-30 [OrionP] Official Update 2025-11

1 16 0 0 0 20 0 0 0 1 0 0 0 20 48\1-8chrd.dat
4 16 6 0 6 6 0 0 20 0 0 14.142 0 14.142

0 // Bottom
1 16 0 48 0 26 0 0 0 1 0 0 0 26 48\1-12edge.dat
1 16 0 48 0 30 0 0 0 1 0 0 0 30 48\1-12edge.dat
1 16 0 48 0 26 0 0 0 -1 0 0 0 26 48\1-12tndis.dat
1 16 0 48 0 30 0 0 0 -1 0 0 0 30 48\1-12chrd.dat
1 16 0 48 0 30 0 0 0 -4 0 0 0 30 48\1-12cyli.dat
0 BFC INVERTNEXT
1 16 0 48 0 26 0 0 0 -4 0 0 0 26 48\1-12cyli.dat
1 16 24.248 46 14 0 1 1.732 2 0 0 0 0 1 rect.dat
1 16 0 44 0 21.2132 0 21.2132 0 1 0 21.2132 0 -21.2132 48\1-24edge.dat
1 16 0 44 0 18.3848 0 18.3848 0 1 0 18.3848 0 -18.3848 48\1-24edge.dat
1 16 0 44 0 21.2132 0 21.2132 0 -1 0 21.2132 0 -21.2132 48\1-24chrd.dat
1 16 0 44 0 18.3848 0 18.3848 0 -1 0 18.3848 0 -18.3848 48\1-24tndis.dat
0 BFC INVERTNEXT
1 16 0 40 0 26 0 0 0 4 0 0 0 26 48\1-8cyli.dat
1 16 0 40 0 26 0 0 0 1 0 0 0 26 48\1-8edge.dat

3 16 30 48 0 26 48 0 26 48 13
3 16 30 48 0 26 48 13 25.98 48 15
3 16 25.98 48 15 26 48 13 22.516 48 13
3 16 25.98 44 15 22.516 44 13 23.1428 44 13.6268
4 16 18.3846 44 18.3846 21.2132 44 21.2132 25.98 44 15 23.1428 44 13.6268

0 // Inside
1 16 0 4 0 16 0 0 0 1 0 0 0 16 48\1-8edge.dat
1 16 0 4 0 16 0 0 0 -1 0 0 0 16 48\1-8chrd.dat
0 BFC INVERTNEXT
1 16 0 32.8 0 8 0 0 0 -28.8 0 0 0 8 48\1-8con2.dat
0 BFC INVERTNEXT
1 16 0 40 0 2 0 0 0 -7.2 0 0 0 2 48\1-8con12.dat
1 16 10 44 10 0 0 8 0 -20 0 -8 0 0 3-8cyli.dat
1 16 10 24 10 0 0 8 0 -20 0 -8 0 0 1-8cyli.dat
1 16 10 24 10 5.6569 0 5.6569 0 -20 0 5.6569 0 -5.6569 1-4cyls.dat
1 16 10 44 10 0 0 -8 0 -32 0 -8 0 0 1-8cyli.dat
1 16 10 4 10 0 0 -8 0 8 0 -8 0 0 1-16cyli.dat
0 BFC INVERTNEXT
1 16 10 44 10 0 0 6 0 -26 0 -6 0 0 3-8cyli.dat
0 BFC INVERTNEXT
1 16 10 18 10 0 0 6 0 -14 0 -6 0 0 3-16cyli.dat
0 BFC INVERTNEXT
1 16 10 18 10 4.2426 0 4.2426 0 -16 0 4.2426 0 -4.2426 3-16cyls.dat
0 BFC INVERTNEXT
1 16 10 44 10 0 0 -6 0 -26 0 -6 0 0 1-8cyli.dat
0 BFC INVERTNEXT
1 16 10 18 10 0 0 -6 0 -14 0 -6 0 0 1-8cyli.dat
1 16 10 4 10 0 0 6 0 1 0 -6 0 0 3-16edge.dat
1 16 10 4 10 0 0 -6 0 1 0 -6 0 0 1-8edge.dat
1 16 10 4 10 0 0 8 0 1 0 -8 0 0 1-8edge.dat
1 16 10 4 10 0 0 -8 0 1 0 -8 0 0 1-16edge.dat
1 16 10 4 2 0 0 1 0 27 0 1 0 0 boxjcyl4.dat
1 16 10 4 1 0 0 1 0 27 0 1 0 0 box3u8p.dat

2 24 17.3912 24.7443 13.0616 17.2661 24.7438 13.2488
2 24 15.6568 26.1122 15.6568 17.2661 24.7438 13.2488
2 24 18 20.5996 10 17.9299 20.9354 10.3521
2 24 17.9299 20.9354 10.3521 17.3912 24.7443 13.0616
2 24 17.4487 14.3894 7.2277 17.3912 13.8581 6.9385
2 24 18 20.5996 10 17.4487 14.3894 7.2277
2 24 17.3912 13.8581 6.9385 15.6569 4.9261 4.3431
2 24 15.6568 4.926 4.3432 15.4358 4 4.1955
2 24 15.5434 8.9859 7.7038 14.6569 4 6.3774
2 24 15.5434 8.9859 7.7038 15.8288 12.201 9.139
2 24 16 14.4388 10 15.8288 12.201 9.139
2 24 15.6071 17.2162 11.9758 16 14.4388 10
2 24 15.6071 17.2162 11.9758 15.5434 17.8061 12.2962
2 24 15.5434 17.8061 12.2962 14.2426 18.9122 14.2426
2 24 6.9384 4 2.6088 5.6023 4 2
2 24 6.9384 12 2.6088 5.6023 12 2
2 24 5.6023 12 2 4 12 2
2 24 4 12 2 2.5 12 2.5
2 24 6.9384 12 2.6088 4.3432 12 4.3432
2 24 6.9384 4 2.6088 6.9384 12 2.6088
3 16 4.3432 12 4.3432 6.9384 12 2.6088 5.6023 12 2
3 16 4.3432 12 4.3432 5.6023 12 2 4 12 2
3 16 4.3432 12 4.3432 4 12 2 2.5 12 2.5
3 16 16 4 0 6 4 0 5.6023 4 2
4 16 5.6023 4 2 5.7574 4 5.7574 11.3136 4 11.3136 16 4 0
4 16 2.5 4 2.5 2.5 12 2.5 4 12 2 4 4 2
4 16 4 4 2 4 12 2 5.6023 12 2 5.6023 4 2
4 16 5.6023 4 2 5.6023 12 2 6.9384 12 2.6088 6.9384 4 2.6088
5 24 5.6023 12 2 5.6023 4 2 4 4 2 6.9384 12 2.6088
5 24 4 4 2 4 12 2 2.5 4 2.5 5.6023 12 2
5 24 2.5 12 2.5 2.5 4 2.5 4 12 2 2 12 4
5 24 14.2426 44 5.7574 14.2426 4 5.7574 15.5434 44 7.7038 12.2962 44 4.4566
