0 ~Duplo Flatbed Wagon  2 x  8 x  1  Side Hatch - Half
0 Name: s\6441s01.dat
0 Author: Gerald Lasser [GeraldLasser]
0 !LDRAW_ORG Subpart UPDATE 2026-01
0 !LICENSE Licensed under CC BY 4.0 : see CAreadme.txt

0 BFC CERTIFY CCW

0 !HISTORY 2026-01-29 [OrionP] Official Update 2026-01

0 // Side
1 16 -120 0 0 0 -2 0 0 0 2 -2 0 0 4-8sphe.dat
1 16 -120 0 0 0 -1 0 0 0 2 -2 0 0 4-4edge.dat
1 16 -120 0 0 0 1 0 0 0 7.5 -7.5 0 0 1-4chrd.dat
4 16 -120 7.5 0 -120 0 -7.5 -120 -7.5 -3.5 -120 7.5 .5
3 16 -120 -7.5 -3.5 -120 -7.5 .5 -120 7.5 .5
1 16 -120 0 .5 0 1 0 7.5 0 0 0 0 7 2-4chrd.dat
1 16 -120 0 0 0 1 0 0 0 7.5 -7.5 0 0 1-4edge.dat
1 16 -120 0 .5 0 1 0 7.5 0 0 0 0 7 2-4edge.dat
2 24 -120 7.5 .5 -120 7.5 0

0 BFC INVERTNEXT
1 16 -118.5 -29.25 -1.5 1.5 0 0 0 21.75 0 0 0 -2 box3-5a.dat
4 16 -120 -51 -3.5 -120 -7.5 -3.5 -120 0 -7.5 -120 -51 -7.5
2 24 -120 -51 -3.5 -120 -51 -7.5
2 24 -120 -51 -7.5 -120 0 -7.5
3 16 -120 -51 -3.5 -120 -51 -7.5 -117 -51 -3.5

0 // Outside
4 16 -120 -51 -7.5 -120 0 -7.5 -114.5 0 -7.5 -114.5 -45.5 -7.5
1 16 -40 -22.75 -7.5 0 0 5.5 22.75 0 0 0 1 0 rect2p.dat
3 16 -120 -51 -7.5 -114.5 -45.5 -7.5 -45.5 -45.5 -7.5
3 16 -120 -51 -7.5 -45.5 -45.5 -7.5 -34.5 -45.5 -7.5
1 16 -120 0 0 0 5.5 0 0 0 7.5 -7.5 0 0 1-4cyli.dat
1 16 -45.5 0 0 0 11 0 0 0 7.5 -7.5 0 0 3-16cylo.dat
1 16 -114.5 0 0 0 1 0 0 0 7.5 -7.5 0 0 3-16edge.dat
2 24 -114.5 -45.5 -7.5 -114.5 0 -7.5
0 BFC INVERTNEXT
1 16 -80 -19.2854 -5.1851 34.5 0 0 0 -26.2146 0 0 0 2.3149 box2-5.dat
1 16 -114.5 0 0 0 -1 0 0 0 7.5 -7.5 0 0 3-16chrd.dat
1 16 -45.5 0 0 0 1 0 0 0 7.5 -7.5 0 0 3-16chrd.dat
4 16 -114.5 6.92925 -2.87025 -114.5 -45.5 -2.8703 -114.5 -45.5 -7.5 -114.5 0 -7.5
4 16 -45.5 -45.5 -7.5 -45.5 -45.5 -2.8703 -45.5 6.92925 -2.87025 -45.5 0 -7.5

1 16 -34.5 0 0 0 -1 0 0 0 7.5 -7.5 0 0 3-16chrd.dat
4 16 -34.5 6.92925 -2.87025 -34.5 -45.5 -2.8703 -34.5 -45.5 -7.5 -34.5 0 -7.5

0 // Bottom
1 16 -114.5 0 0 0 18.5 0 7.5 0 0 0 0 -7.5 1-16cyli.dat
1 16 -96 0 0 0 3 0 7.5 0 0 0 0 -7.5 1-16cyli.dat
1 16 -93 0 0 0 47.5 0 7.5 0 0 0 0 -7.5 1-16cyli.dat
1 16 -45.5 0 0 0 11 0 7.5 0 0 0 0 -7.5 1-16cyli.dat
4 16 -120 7.5 0 -120 7.5 .5 -117 7.5 .5 -114.5 7.5 0
4 16 -114.5 7.5 0 -117 7.5 .5 -96 7.5 .5 -96 7.5 0
4 16 -45.5 7.5 0 -45.5 7.5 .5 -34.5 7.5 .5 -34.5 7.5 0
4 16 -93 7.5 .5 -45.5 7.5 .5 -45.5 7.5 0 -93 7.5 0
4 16 -96 7.5 0 -96 7.5 .5 -93 7.5 .5 -93 7.5 0
1 16 -120 0 .5 0 3 0 -7.5 0 0 0 0 7 2-4cyli.dat
1 16 -117 0 .5 0 21 0 7.5 0 0 0 0 7 3-16cyli.dat
1 16 -96 0 .5 0 3 0 7.5 0 0 0 0 7 3-16cyli.dat
1 16 -93 0 .5 0 47.5 0 7.5 0 0 0 0 7 3-16cyli.dat
1 16 -45.5 0 .5 0 11 0 7.5 0 0 0 0 7 3-16cyli.dat

1 16 -117 0 .5 0 -1 0 0 0 7.5 7 0 0 1-16chrd.dat
1 16 -117 0 .5 0 -1 0 0 0 -7.5 7 0 0 1-16chrd.dat
1 16 -117 0 .5 0 1 0 0 0 7.5 7 0 0 1-16edge.dat
1 16 -117 0 .5 0 1 0 0 0 -7.5 7 0 0 1-16edge.dat
3 16 -117 0 7.5 -117 -2.8702 6.9673 -117 2.87025 6.9673
0 BFC INVERTNEXT
1 16 -106.5 0 6.9673 0 0 10.5 -2.8702 0 0 0 -4 0 box5-2p.dat
4 16 -96 -2.87025 6.9673 -96 -1.2 7.5 -96 1.2 7.5 -96 2.8702 6.9673
4 16 -96 -.2 8.5 -96 .2 8.5 -96 1.2 7.5 -96 -1.2 7.5
1 16 -96 -.2 7.5 0 1 0 0 0 -1 1 0 0 1-4chrd.dat
1 16 -96 .2 7.5 0 1 0 0 0 1 1 0 0 1-4chrd.dat
2 24 -96 1.2 7.5 -96 2.8702 6.9673
2 24 -96 -1.2 7.5 -96 -2.87025 6.9673
4 16 -93 1.2 7.5 -93 -1.2 7.5 -93 -2.87025 6.9673 -93 2.8702 6.9673
4 16 -93 1.2 7.5 -93 .2 8.5 -93 -.2 8.5 -93 -1.2 7.5
1 16 -93 -.2 7.5 0 -1 0 0 0 -1 1 0 0 1-4chrd.dat
1 16 -93 .2 7.5 0 -1 0 0 0 1 1 0 0 1-4chrd.dat
2 24 -93 1.2 7.5 -93 2.8702 6.9673
2 24 -93 -1.2 7.5 -93 -2.87025 6.9673

1 16 -93 -.2 7.5 0 -3 0 0 0 -1 1 0 0 1-4cylo.dat
4 16 -93 2.8702 6.9673 -96 2.8702 6.9673 -96 1.2 7.5 -93 1.2 7.5
1 16 -93 .2 7.5 0 -3 0 0 0 1 1 0 0 1-4cylo.dat
4 16 -96 .2 8.5 -96 -.2 8.5 -93 -.2 8.5 -93 .2 8.5
4 16 -96 -2.87025 6.9673 -93 -2.87025 6.9673 -93 -1.2 7.5 -96 -1.2 7.5
2 24 -96 1.2 7.5 -93 1.2 7.5
2 24 -96 -.2 8.5 -96 .2 8.5
2 24 -93 -.2 8.5 -93 .2 8.5
2 24 -93 -1.2 7.5 -96 -1.2 7.5
5 24 -96 2.8702 6.9673 -93 2.8702 6.9673 -96 1.2 7.5 -93 5.30325 5.4497
5 24 -96 -2.87025 6.9673 -93 -2.87025 6.9673 -93 -1.2 7.5 -93 -5.30325 5.4497

1 16 -117 0 .5 0 21 0 -7.5 0 0 0 0 7 3-16cyli.dat
1 16 -96 0 .5 0 3 0 -7.5 0 0 0 0 7 3-16cyli.dat

0 // Inside
3 16 -114 -9.5 .5 -114 -7.5 .5 -117 -7.5 .5
3 16 -114 -7.5 -1.5 -96 -7.5 .5 -114 -7.5 .5
3 16 -93 -7.5 .5 -96 -7.5 .5 -114 -7.5 -1.5
0 BFC INVERTNEXT
1 16 -57 -8.5 -.5 0 0 -57 -1 0 0 0 -1 0 box3-5a.dat
2 24 -117 -7.5 .5 -114 -7.5 .5

3 16 -117 -51 .5 -114 -49.5 .5 -114 -47.5 .5
4 16 -114 -47.5 .5 -42 -44.5 .5 -42 -12.5 .5 -114 -9.5 .5
4 16 -117 -51 .5 -114 -47.5 .5 -114 -9.5 .5 -117 -7.5 .5
4 16 -42 -12.5 .5 -38 -12.5 .5 0 -9.5 .5 -114 -9.5 .5
4 16 0 -47.5 .5 0 -9.5 .5 -38 -12.5 .5 -38 -44.5 .5
4 16 0 -47.5 .5 -38 -44.5 .5 -42 -44.5 .5 -114 -47.5 .5
3 16 0 -49.5 .5 -114 -49.5 .5 -117 -51 .5
0 BFC INVERTNEXT
1 16 -40 -28.5 .5 0 0 2 -16 0 0 0 -4 0 box5.dat
0 BFC INVERTNEXT
1 16 -57 -48.5 .5 0 0 -57 -1 0 0 0 -3 0 box4-4a.dat