0 ~Duplo Fence  1 x  6 x  2 Picket - Base Quarter
0 Name: s\6497s02.dat
0 Author: Peter Blomberg [WUIt]
0 !LDRAW_ORG Subpart UPDATE 2025-09
0 !LICENSE Licensed under CC BY 4.0 : see CAreadme.txt

0 BFC CERTIFY CCW

0 !HISTORY 2025-09-29 [OrionP] Official Update 2025-09

0 BFC INVERTNEXT
1 16 0 0 0 13 0 0 0 12 0 0 0 -13 3-16cylo.dat
1 16 0 12 0 13 0 0 0 -1 0 0 0 -13 3-16tang.dat
4 16 13 12 -2.5857 13 12 0 16 12 0 14.7824 12 -6.1232
4 16 11.0214 12 -7.3645 12.0107 12 -4.9751 14.7824 12 -6.1232 11.3136 12 -11.3136
4 16 7.3645 12 -11.0214 9.1923 12 -9.1923 11.3136 12 -11.3136 6.1232 12 -14.7824
4 16 0 12 -16 4.9751 12 -12.0107 7.3645 12 -11.0214 6.1232 12 -14.7824
3 16 11.3136 12 -11.3136 9.1923 12 -9.1923 11.0214 12 -7.3645
3 16 14.7824 12 -6.1232 12.0107 12 -4.9751 13 12 -2.5857