0 ~Duplo Fence  1 x  6 x  2 Picket - Half
0 Name: s\6497s01.dat
0 Author: Peter Blomberg [WUIt]
0 !LDRAW_ORG Subpart UPDATE 2025-09
0 !LICENSE Licensed under CC BY 4.0 : see CAreadme.txt

0 BFC CERTIFY CCW

0 !HISTORY 2025-09-29 [OrionP] Official Update 2025-09

1 16 100 0 0 14 0 0 0 56 0 0 0 14 4-4cylc.dat
1 16 100 56 0 2 0 0 0 1 0 0 0 2 4-4ring7.dat
1 16 100 56 0 16 0 0 0 16 0 0 0 16 4-4cylo.dat
1 16 100 72 0 16 0 0 0 -1 0 0 0 -16 4-4ering.dat
0 BFC INVERTNEXT
1 16 100 4 0 9.75 0 0 0 56 0 0 0 9.75 4-4cylc.dat
1 16 100 60 0 3.25 0 0 0 -1 0 0 0 3.25 4-4ring3.dat

0 // horizontal outside
1 16 114 9.5 0 0 5 0 7.5 0 0 0 0 3 box5-4a.dat
1 16 114 17 0 -3 0 0 0 -15 0 0 0 3 boxjcyl4.dat
0 // exceptionally using 5 decimals to avoid microgap with boxjcyl4 vertices
3 16 114 17 -3 113.40345 17 -3 114 17 0
3 16 114 17 3 114 17 0 113.40345 17 3
2 24 114 17 0 113.40345 17 3
2 24 113.40345 17 -3 114 17 0

1 16 114 42.5 0 0 5 0 7.5 0 0 0 0 3 box5-4a.dat
1 16 114 50 0 -3 0 0 0 -15 0 0 0 3 boxjcyl4.dat
0 // exceptionally using 5 decimals to avoid microgap with boxjcyl4 vertices
3 16 114 50 -3 113.40345 50 -3 114 50 0
3 16 114 50 3 114 50 0 113.40345 50 3
2 24 114 50 0 113.40345 50 3
2 24 113.40345 50 -3 114 50 0

0 // horizontal between
1 16 30 9.5 0 0 20 0 7.5 0 0 0 0 3 box4.dat
1 16 70 9.5 0 0 16 0 7.5 0 0 0 0 3 box4o4a.dat
1 16 86 17 0 3 0 0 0 -15 0 0 0 3 boxjcyl4.dat
0 // exceptionally using 5 decimals to avoid microgap with boxjcyl4 vertices
3 16 86.59655 17 -3 86 17 -3 86 17 0
3 16 86 17 0 86 17 3 86.59655 17 3
2 24 86.59655 17 3 86 17 0
2 24 86 17 0 86.59655 17 -3

1 16 30 42.5 0 0 20 0 7.5 0 0 0 0 3 box4.dat
1 16 70 42.5 0 0 16 0 7.5 0 0 0 0 3 box4o4a.dat
1 16 86 50 0 3 0 0 0 -15 0 0 0 3 boxjcyl4.dat
0 // exceptionally using 5 decimals to avoid microgap with boxjcyl4 vertices
3 16 86.59655 50 -3 86 50 -3 86 50 0
3 16 86 50 0 86 50 3 86.59655 50 3
2 24 86.59655 50 3 86 50 0
2 24 86.59655 50 -3 86 50 0

0 // vertical
1 16 20 -4 0 10 0 0 0 65 0 0 0 5 box5-4a.dat
1 16 20 -4 -5 10 0 0 0 0 -6 0 10 0 2-4cylo.dat
1 16 20 -4 -5 10 0 0 0 0 -6 0 1 0 2-4chrd.dat
1 16 20 -4 5 10 0 0 0 0 -6 0 -1 0 2-4chrd.dat

1 16 60 -4 0 10 0 0 0 65 0 0 0 5 box5-4a.dat
1 16 60 -4 -5 10 0 0 0 0 -6 0 10 0 2-4cylo.dat
1 16 60 -4 -5 10 0 0 0 0 -6 0 1 0 2-4chrd.dat
1 16 60 -4 5 10 0 0 0 0 -6 0 -1 0 2-4chrd.dat

0 // stud holder on bottom
1 16 100 60 0 1 0 0 0 1 0 0 0 1 s\6497s02.dat
1 16 100 60 0 -1 0 0 0 1 0 0 0 1 s\6497s02.dat
1 16 100 60 0 1 0 0 0 1 0 0 0 -1 s\6497s02.dat
1 16 100 60 0 -1 0 0 0 1 0 0 0 -1 s\6497s02.dat
3 16 95.0249 72 -12.0107 104.9751 72 -12.0107 100 72 -16
4 16 95.0249 72 -12.0107 95.0249 60 -12.0107 104.9751 60 -12.0107 104.9751 72 -12.0107
4 16 104.9751 60 12.0107 95.0249 60 12.0107 95.0249 72 12.0107 104.9751 72 12.0107
3 16 104.9751 72 12.0107 95.0249 72 12.0107 100 72 16
2 24 95.0249 72 -12.0107 104.9751 72 -12.0107
2 24 95.0249 60 -12.0107 104.9751 60 -12.0107
2 24 104.9751 60 -12.0107 104.9751 72 -12.0107
2 24 95.0249 60 -12.0107 95.0249 72 -12.0107
2 24 104.9751 72 12.0107 95.0249 72 12.0107
2 24 104.9751 60 12.0107 95.0249 60 12.0107
2 24 104.9751 72 12.0107 104.9751 60 12.0107
2 24 95.0249 72 12.0107 95.0249 60 12.0107