0 ~Minifig Head with Stud with Small Hole
0 Name: s\6947s02.dat
0 Author: Magnus Forsberg [MagFors]
0 !LDRAW_ORG Subpart UPDATE 2025-12
0 !LICENSE Licensed under CC BY 4.0 : see CAreadme.txt

0 BFC CERTIFY CCW

0 !HISTORY 2025-12-25 [OrionP] Official Update 2025-12

1 16 0 24 0 2 0 0 0 -1 0 0 0 2 4-4ring3.dat
1 16 0 21 0 8 0 0 0 3 0 0 0 8 4-4cylo.dat
0 BFC INVERTNEXT
1 16 0 4 0 6 0 0 0 20 0 0 0 6 4-4cylo.dat
1 16 0 4 0 1.5 0 0 0 -1 0 0 0 1.5 4-4ndis.dat
1 16 0 4 0 6 0 0 0 -1 0 0 0 6 1-8chrd.dat
1 16 0 4 0 0 0 6 0 -1 0 6 0 0 1-8chrd.dat
4 16 1.5 4 0 1.5 4 1.5 4.2426 4 4.2426 6 4 0
4 16 4.2426 4 4.2426 1.5 4 1.5 0 4 1.5 0 4 6
1 16 0 4 0 0 0 6 0 -1 0 -6 0 0 1-8chrd.dat
1 16 0 4 0 6 0 0 0 -1 0 0 0 -6 1-8chrd.dat
4 16 0 4 -1.5 1.5 4 -1.5 4.2426 4 -4.2426 0 4 -6
4 16 4.2426 4 -4.2426 1.5 4 -1.5 1.5 4 0 6 4 0
1 16 0 4 0 -6 0 0 0 -1 0 0 0 -6 1-8chrd.dat
1 16 0 4 0 0 0 -6 0 -1 0 -6 0 0 1-8chrd.dat
4 16 -1.5 4 0 -1.5 4 -1.5 -4.2426 4 -4.2426 -6 4 0
4 16 -4.2426 4 -4.2426 -1.5 4 -1.5 0 4 -1.5 0 4 -6
1 16 0 4 0 0 0 -6 0 -1 0 6 0 0 1-8chrd.dat
1 16 0 4 0 -6 0 0 0 -1 0 0 0 6 1-8chrd.dat
4 16 0 4 1.5 -1.5 4 1.5 -4.2426 4 4.2426 0 4 6
4 16 -4.2426 4 4.2426 -1.5 4 1.5 -1.5 4 0 -6 4 0
0 BFC INVERTNEXT
1 16 0 0 0 1.5 0 0 0 4 0 0 0 1.5 4-4cylo.dat
1 16 0 0 0 1.5 0 0 0 1 0 0 0 1.5 4-4ndis.dat
1 16 0 0 0 4 0 0 0 1 0 0 0 4 1-8chrd.dat
1 16 0 0 0 0 0 4 0 1 0 4 0 0 1-8chrd.dat
4 16 1.5 0 1.5 1.5 0 0 4 0 0 2.8284 0 2.8284
4 16 0 0 4 0 0 1.5 1.5 0 1.5 2.8284 0 2.8284
1 16 0 0 0 0 0 4 0 1 0 -4 0 0 1-8chrd.dat
1 16 0 0 0 4 0 0 0 1 0 0 0 -4 1-8chrd.dat
4 16 1.5 0 -1.5 0 0 -1.5 0 0 -4 2.8284 0 -2.8284
4 16 4 0 0 1.5 0 0 1.5 0 -1.5 2.8284 0 -2.8284
1 16 0 0 0 -4 0 0 0 1 0 0 0 -4 1-8chrd.dat
1 16 0 0 0 0 0 -4 0 1 0 -4 0 0 1-8chrd.dat
4 16 -1.5 0 -1.5 -1.5 0 0 -4 0 0 -2.8284 0 -2.8284
4 16 0 0 -4 0 0 -1.5 -1.5 0 -1.5 -2.8284 0 -2.8284
1 16 0 0 0 0 0 -4 0 1 0 4 0 0 1-8chrd.dat
1 16 0 0 0 -4 0 0 0 1 0 0 0 4 1-8chrd.dat
4 16 -1.5 0 1.5 0 0 1.5 0 0 4 -2.8284 0 2.8284
4 16 -4 0 0 -1.5 0 0 -1.5 0 1.5 -2.8284 0 2.8284
1 16 0 0 0 4 0 0 0 1 0 0 0 4 4-4edge.dat
1 16 0 0 0 6 0 0 0 1 0 0 0 6 4-4edge.dat
1 16 0 0 0 2 0 0 0 1 0 0 0 2 4-4ring3.dat
1 16 0 0 0 0 0 1 0 1 0 -1 0 0 stud2a.dat