0 ~Slope Brick Curved  2 x  2 x  0.667 Half Round with 2 Studs - Half
0 Name: s\7037s01.dat
0 Author: Magnus Forsberg [MagFors]
0 !LDRAW_ORG Subpart UPDATE 2026-01
0 !LICENSE Licensed under CC BY 4.0 : see CAreadme.txt

0 BFC CERTIFY CCW

0 !HISTORY 2026-01-29 [OrionP] Official Update 2026-01

1 16 10 2.75 -8 1.5 0 0 0 5.25 0 0 0 2 box4-1.dat
3 16 9.9929 11.5 -26.0218 10.7339 11.5 -25.9549 10.2792 11.6185 -26.0117
3 16 9.9666 11.9271 -26.0394 9.023 11.5 -25.8421 9.9929 11.5 -26.0218
3 16 9.9929 11.5 -26.0218 10.2792 11.6185 -26.0117 9.9666 11.9271 -26.0394
4 16 9.9666 11.9271 -26.0394 9.5121 14.3745 -25.9431 9.2016 15.0968 -25.8782 9.023 11.5 -25.8421
3 16 9.2016 15.0968 -25.8782 8.6599 15.5877 -25.7763 9.023 11.5 -25.8421
4 16 7.6629 11.5 -25.5489 9.023 11.5 -25.8421 8.6599 15.5877 -25.7763 7.7195 15.9264 -25.5678
4 16 7.7195 15.9264 -25.5678 6.6541 16 -24.9146 6.6541 11.5 -24.9146 7.6629 11.5 -25.5489
4 16 20 0 -10 19.828 .172 -12.61 19.828 16 -12.61 20 8 -10
3 16 19.828 16 -12.61 20 16 -10 20 8 -10
4 16 19.828 .172 -12.61 19.318 .6213 -15.176 19.318 16 -15.176 19.828 16 -12.61
4 16 19.318 .6213 -15.176 18.478 1.3343 -17.654 18.478 16 -17.654 19.318 16 -15.176
3 16 17.6793 16 -19.2722 18.478 16 -17.654 18.478 1.3343 -17.654
4 16 17.6793 16 -19.2722 18.478 1.3343 -17.654 17.32 2.2852 -20 17.32 15.5563 -20
3 16 17.32 15.5563 -20 17.32 2.2852 -20 16.8276 11.9739 -20.738
4 16 16.8276 11.9739 -20.738 17.0022 14.5125 -20.4763 17.1191 15.0564 -20.3011 17.32 15.5563 -20
3 16 17.32 2.2852 -20 16.6961 11.6368 -20.935 16.8276 11.9739 -20.738
3 16 16.6961 11.6368 -20.935 17.32 2.2852 -20 16.5278 11.5 -21.1873
4 16 15.868 11.5 -22.176 16.5278 11.5 -21.1873 17.32 2.2852 -20 15.868 3.4333 -22.176
4 16 15.868 11.5 -22.176 15.868 3.4333 -22.176 14.142 4.7451 -24.142 14.142 11.5 -24.142
4 16 12.176 6.2257 -25.868 12.176 11.5 -25.868 14.142 11.5 -24.142 14.142 4.7451 -24.142
3 16 11.2193 11.5 -26.5064 12.176 11.5 -25.868 12.176 6.2257 -25.868
4 16 10.9308 11.6496 -26.6989 11.2193 11.5 -26.5064 12.176 6.2257 -25.868 10 7.6841 -27.32
4 16 9.5062 15.9027 -27.5637 10 15.5803 -27.32 10 7.6841 -27.32 7.654 9.0031 -28.478
3 16 10.7119 12.0022 -26.845 10.9308 11.6496 -26.6989 10 7.6841 -27.32
3 16 10.4842 14.3604 -26.9969 10.7119 12.0022 -26.845 10 7.6841 -27.32
4 16 10.4842 14.3604 -26.9969 10 7.6841 -27.32 10 15.5803 -27.32 10.3341 15.0174 -27.097
4 16 7.654 16 -28.478 9.0166 16 -27.8054 9.5062 15.9027 -27.5637 7.654 9.0031 -28.478
4 16 7.654 9.0031 -28.478 5.176 10.2019 -29.318 5.176 16 -29.318 7.654 16 -28.478
4 16 2.61 16 -29.828 5.176 16 -29.318 5.176 10.2019 -29.318 2.61 10.9662 -29.828
4 16 2.61 10.9662 -29.828 0 11.224 -30 0 16 -30 2.61 16 -29.828
3 16 15.9221 11.5 -20.7013 16.015 11.5 -19.8669 16.0018 11.6162 -20.2954
3 16 16.0258 11.9407 -19.9879 16.0018 11.6162 -20.2954 16.015 11.5 -19.8669
4 16 15.8901 15.59 -18.7831 15.9498 15.0924 -19.2015 16.015 11.5 -19.8669 15.8536 11.5 -18.8353
4 16 15.9498 15.0924 -19.2015 15.9788 14.5103 -19.5321 16.0258 11.9407 -19.9879 16.015 11.5 -19.8669
4 16 15.8536 11.5 -18.8353 15.5573 11.5 -17.7256 15.6068 15.9317 -17.7636 15.8901 15.59 -18.7831
4 16 14.9411 11.5 -16.7554 14.9411 16 -16.7354 15.6068 15.9317 -17.7636 15.5573 11.5 -17.7256
4 16 15.8536 11.5 -18.8353 13.753 11.5 -18.9816 14.9411 11.5 -16.7554 15.5573 11.5 -17.7256
4 16 15.8536 11.5 -18.8353 16.015 11.5 -19.8669 15.9221 11.5 -20.7013 13.753 11.5 -18.9816
4 16 13.753 11.5 -18.9816 15.9221 11.5 -20.7013 16.5278 11.5 -21.1873 15.868 11.5 -22.176
3 16 16.6961 11.6368 -20.935 16.5278 11.5 -21.1873 15.9221 11.5 -20.7013
3 16 16.6961 11.6368 -20.935 15.9221 11.5 -20.7013 16.0018 11.6162 -20.2954
3 16 16.8276 11.9739 -20.738 16.6961 11.6368 -20.935 16.0018 11.6162 -20.2954
3 16 16.8276 11.9739 -20.738 16.0018 11.6162 -20.2954 16.0258 11.9407 -19.9879
4 16 15.9788 14.5103 -19.5321 17.0022 14.5125 -20.4763 16.8276 11.9739 -20.738 16.0258 11.9407 -19.9879
4 16 17.0022 14.5125 -20.4763 15.9788 14.5103 -19.5321 15.9498 15.0924 -19.2015 17.1191 15.0564 -20.3011
3 16 17.1191 15.0564 -20.3011 15.9498 15.0924 -19.2015 15.8901 15.59 -18.7831
3 16 15.8901 15.59 -18.7831 17.32 15.5563 -20 17.1191 15.0564 -20.3011
4 16 15.8901 15.59 -18.7831 15.6068 15.9317 -17.7636 17.6793 16 -19.2722 17.32 15.5563 -20
4 16 13.753 11.5 -18.9816 15.868 11.5 -22.176 14.142 11.5 -24.142 12.2937 11.5 -20.8706
3 16 17.6793 16 -19.2722 15.6068 15.9317 -17.7636 14.9411 16 -16.7354
4 16 15.757 16 -14.8868 18.478 16 -17.654 17.6793 16 -19.2722 14.9411 16 -16.7354
4 16 16.0057 16 -14.0057 19.318 16 -15.176 18.478 16 -17.654 15.757 16 -14.8868
4 16 19.318 16 -15.176 16.0057 16 -14.0057 20 16 -10 19.828 16 -12.61
3 16 20 16 -10 5.2557 16 -14 3.5057 16 -14
3 16 20 16 -10 16.0057 16 -14.0057 5.2557 16 -14
3 16 14.142 11.5 -24.142 10.5598 11.5 -22.5547 12.2937 11.5 -20.8706
4 16 5.2557 16 -14 5.2557 16 -14.2039 3.5057 16 -14.9287 3.5057 16 -14
4 16 6.2343 16 -15.1825 4.9969 16 -16.4199 3.5057 16 -14.9287 5.2557 16 -14.2039
4 16 9.023 11.5 -25.8421 7.6629 11.5 -25.5489 6.6541 11.5 -24.9146 8.653 11.5 -23.9889
3 16 8.653 11.5 -23.9889 10.5598 11.5 -22.5547 10.7339 11.5 -25.9549
4 16 10.7339 11.5 -25.9549 9.9929 11.5 -26.0218 9.023 11.5 -25.8421 8.653 11.5 -23.9889
3 16 12.176 11.5 -25.868 11.2193 11.5 -26.5064 10.7339 11.5 -25.9549
4 16 10.7339 11.5 -25.9549 10.5598 11.5 -22.5547 14.142 11.5 -24.142 12.176 11.5 -25.868
3 16 11.2193 11.5 -26.5064 10.9308 11.6496 -26.6989 10.2792 11.6185 -26.0117
3 16 10.2792 11.6185 -26.0117 10.7339 11.5 -25.9549 11.2193 11.5 -26.5064
3 16 10.9308 11.6496 -26.6989 10.7119 12.0022 -26.845 9.9666 11.9271 -26.0394
3 16 9.9666 11.9271 -26.0394 10.2792 11.6185 -26.0117 10.9308 11.6496 -26.6989
4 16 9.5121 14.3745 -25.9431 9.9666 11.9271 -26.0394 10.7119 12.0022 -26.845 10.4842 14.3604 -26.9969
4 16 10.4842 14.3604 -26.9969 10.3341 15.0174 -27.097 9.2016 15.0968 -25.8782 9.5121 14.3745 -25.9431
4 16 9.2016 15.0968 -25.8782 10.3341 15.0174 -27.097 10 15.5803 -27.32 8.6599 15.5877 -25.7763
4 16 10 15.5803 -27.32 9.5062 15.9027 -27.5637 7.7195 15.9264 -25.5678 8.6599 15.5877 -25.7763
4 16 9.5062 15.9027 -27.5637 9.0166 16 -27.8054 6.6541 16 -24.9146 7.7195 15.9264 -25.5678
3 16 6.6541 16 -24.9146 9.0166 16 -27.8054 7.654 16 -28.478
4 16 6.6541 16 -24.9146 7.654 16 -28.478 5.176 16 -29.318 3.5101 16 -25.9455
4 16 3.4058 16 -25.1179 4.8115 15.99 -23.6435 6.6541 16 -24.9146 3.5101 16 -25.9455
4 16 5.176 16 -29.318 2.61 16 -29.828 1.7975 16 -26.1612 3.5101 16 -25.9455
4 16 0 16 -26.25 1.7975 16 -26.1612 2.61 16 -29.828 0 16 -30
3 16 14.9411 11.5 -16.7554 15.757 16 -14.8868 14.9411 16 -16.7354
4 16 15.0989 3.7897 -16.3893 15.7964 3.3316 -14.7198 15.757 16 -14.8868 14.9411 11.5 -16.7554
4 16 16.0057 3.1217 -14.0057 16.0057 16 -14.0057 15.757 16 -14.8868 15.7964 3.3316 -14.7198
4 16 15.0989 3.7897 -16.3893 14.9411 11.5 -16.7554 13.753 11.5 -18.9816 13.797 4.7997 -18.8788
4 16 13.797 4.7997 -18.8788 13.753 11.5 -18.9816 12.2937 11.5 -20.8706 12.1668 5.9844 -21.0138
3 16 10.3015 7.1825 -22.7299 12.1668 5.9844 -21.0138 12.2937 11.5 -20.8706
3 16 10.3015 7.1825 -22.7299 12.2937 11.5 -20.8706 10.5598 11.5 -22.5547
3 16 8.41 8.3142 -24.0719 10.3015 7.1825 -22.7299 10.5598 11.5 -22.5547
3 16 8.41 8.3142 -24.0719 10.5598 11.5 -22.5547 8.653 11.5 -23.9889
4 16 8.41 8.3142 -24.0719 8.653 11.5 -23.9889 6.6541 11.5 -24.9146 6.653 9.3262 -24.8898
4 16 3.5057 16 -14.9287 3.5047 3.3414 -14.9287 3.5057 3.1217 -14 3.5057 16 -14
4 16 4.9969 16 -16.4199 6.2343 16 -15.1825 6.2316 3.4423 -15.1825 4.9969 3.7333 -16.4199
3 16 8.2486 3.1217 -14 5.2557 3.1217 -14 5.2557 16 -14
4 16 5.2557 16 -14 16.0057 16 -14.0057 10.6705 3.1217 -14 8.2486 3.1217 -14
3 16 13.139 3.1217 -14 10.6705 3.1217 -14 16.0057 16 -14.0057
3 16 16.0057 16 -14.0057 16.0057 3.1217 -14.0057 13.139 3.1217 -14
4 16 5.2557 16 -14.2039 5.2557 16 -14 5.2557 3.1217 -14 5.2557 3.162 -14.2039
3 16 3.3832 9.5305 -25.166 3.4821 10.3168 -25.9406 1.7935 10.5662 -26.1753
3 16 3.3832 9.5305 -25.166 1.7935 10.5662 -26.1753 2.0961 8.709 -24.4425
3 16 3.3832 9.5305 -25.166 2.0961 8.709 -24.4425 4.8777 7.9781 -23.6036
4 16 0 10.6655 -26.25 0 8.6726 -24.4029 2.0961 8.709 -24.4425 1.7935 10.5662 -26.1753
3 16 2.0961 8.709 -24.4425 0 8.6726 -24.4029 0 6.0328 -21.0403
3 16 2.0961 8.709 -24.4425 5.2808 7.2347 -22.7927 4.8777 7.9781 -23.6036
3 16 0 6.0328 -21.0403 5.2808 7.2347 -22.7927 2.0961 8.709 -24.4425
4 16 6.653 9.3262 -24.8898 4.8777 7.9781 -23.6036 5.2808 7.2347 -22.7927 7.2503 6.6907 -22.0685
3 16 7.2503 6.6907 -22.0685 8.41 8.3142 -24.0719 6.653 9.3262 -24.8898
3 16 7.2503 6.6907 -22.0685 10.3015 7.1825 -22.7299 8.41 8.3142 -24.0719
3 16 7.2503 6.6907 -22.0685 9.5409 5.8282 -20.7654 10.3015 7.1825 -22.7299
3 16 9.5409 5.8282 -20.7654 12.1668 5.9844 -21.0138 10.3015 7.1825 -22.7299
3 16 9.5409 5.8282 -20.7654 11.3078 5.1085 -19.4918 12.1668 5.9844 -21.0138
3 16 11.3078 5.1085 -19.4918 13.797 4.7997 -18.8788 12.1668 5.9844 -21.0138
3 16 0 3.3302 -14.6796 3.5057 3.1217 -14 3.5047 3.3414 -14.9287
4 16 3.5047 3.3414 -14.9287 3.4509 4.0206 -16.9781 0 4.2196 -17.482 0 3.3302 -14.6796
3 16 4.9969 3.7333 -16.4199 3.4509 4.0206 -16.9781 3.5047 3.3414 -14.9287
3 16 0 4.2196 -17.482 3.7967 5.4189 -20.0659 0 6.0328 -21.0403
3 16 0 4.2196 -17.482 3.4509 4.0206 -16.9781 3.7967 5.4189 -20.0659
4 16 6.4522 4.8919 -19.0555 3.7967 5.4189 -20.0659 3.4509 4.0206 -16.9781 4.9969 3.7333 -16.4199
3 16 0 6.0328 -21.0403 3.7967 5.4189 -20.0659 5.2808 7.2347 -22.7927
3 16 7.2503 6.6907 -22.0685 5.2808 7.2347 -22.7927 3.7967 5.4189 -20.0659
3 16 7.2503 6.6907 -22.0685 3.7967 5.4189 -20.0659 6.4522 4.8919 -19.0555
3 16 9.5409 5.8282 -20.7654 7.2503 6.6907 -22.0685 6.4522 4.8919 -19.0555
3 16 4.9969 3.7333 -16.4199 6.2316 3.4423 -15.1825 9.0444 4.3982 -17.8931
3 16 9.5409 5.8282 -20.7654 6.4522 4.8919 -19.0555 9.0444 4.3982 -17.8931
3 16 9.0444 4.3982 -17.8931 6.4522 4.8919 -19.0555 4.9969 3.7333 -16.4199
3 16 9.0444 4.3982 -17.8931 11.3078 5.1085 -19.4918 9.5409 5.8282 -20.7654
3 16 6.2316 3.4423 -15.1825 8.3461 3.3884 -14.9534 9.0444 4.3982 -17.8931
3 16 9.0444 4.3982 -17.8931 11.0916 4.0564 -17.1086 11.3078 5.1085 -19.4918
3 16 11.0916 4.0564 -17.1086 9.0444 4.3982 -17.8931 8.3461 3.3884 -14.9534
4 16 6.2316 3.4423 -15.1825 5.2557 3.162 -14.2039 8.2486 3.1217 -14 8.3461 3.3884 -14.9534
3 16 5.2557 3.162 -14.2039 5.2557 3.1217 -14 8.2486 3.1217 -14
4 16 8.2486 3.1217 -14 10.6705 3.1217 -14 10.7725 3.387 -14.9493 8.3461 3.3884 -14.9534
3 16 11.0916 4.0564 -17.1086 8.3461 3.3884 -14.9534 10.7725 3.387 -14.9493
3 16 12.7848 4.4629 -18.1216 11.3078 5.1085 -19.4918 11.0916 4.0564 -17.1086
3 16 11.3078 5.1085 -19.4918 12.7848 4.4629 -18.1216 13.797 4.7997 -18.8788
3 16 12.7848 4.4629 -18.1216 11.0916 4.0564 -17.1086 13.0485 3.8985 -16.6632
3 16 13.0485 3.8985 -16.6632 13.797 4.7997 -18.8788 12.7848 4.4629 -18.1216
3 16 13.0485 3.8985 -16.6632 11.0916 4.0564 -17.1086 10.7725 3.387 -14.9493
3 16 13.0485 3.8985 -16.6632 15.0989 3.7897 -16.3893 13.797 4.7997 -18.8788
3 16 13.0485 3.8985 -16.6632 10.7725 3.387 -14.9493 13.1088 3.3663 -14.8641
3 16 13.1088 3.3663 -14.8641 15.0989 3.7897 -16.3893 13.0485 3.8985 -16.6632
4 16 10.6705 3.1217 -14 13.139 3.1217 -14 13.1088 3.3663 -14.8641 10.7725 3.387 -14.9493
3 16 13.1088 3.3663 -14.8641 15.7964 3.3316 -14.7198 15.0989 3.7897 -16.3893
4 16 16.0057 3.1217 -14.0057 15.7964 3.3316 -14.7198 13.1088 3.3663 -14.8641 13.139 3.1217 -14
4 16 4.9969 16 -16.4199 4.9969 3.7333 -16.4199 3.5047 3.3414 -14.9287 3.5057 16 -14.9287
4 16 5.2557 3.162 -14.2039 6.2316 3.4423 -15.1825 6.2343 16 -15.1825 5.2557 16 -14.2039
4 16 16 8 -10 16 8 6 20 8 10 20 8 -10
3 16 20 16 -10 16 8 -10 20 8 -10
3 16 11.5 8 -10 16 8 -10 20 16 -10
4 16 16 8 -10 11.5 8 -10 11.5 2.75 -10 16.25 2.75 -10
3 16 8.5 8 -10 11.5 8 -10 20 16 -10
4 16 1.5 8 -10 1.5 2.75 -10 8.5 2.75 -10 8.5 8 -10
3 16 1.5 8 -10 8.5 8 -10 20 16 -10
4 16 4.8115 15.99 -23.6435 3.4058 16 -25.1179 3.3832 9.5305 -25.166 4.8777 7.9781 -23.6036
4 16 3.5101 16 -25.9455 3.4821 10.3168 -25.9406 3.3832 9.5305 -25.166 3.4058 16 -25.1179
4 16 3.4821 10.3168 -25.9406 3.5101 16 -25.9455 1.7975 16 -26.1612 1.7935 10.5662 -26.1753
4 16 1.7935 10.5662 -26.1753 1.7975 16 -26.1612 0 16 -26.25 0 10.6655 -26.25
3 16 6.6541 11.5 -24.9146 6.6541 16 -24.9146 4.8115 15.99 -23.6435
4 16 4.8115 15.99 -23.6435 4.8777 7.9781 -23.6036 6.653 9.3262 -24.8898 6.6541 11.5 -24.9146
2 24 9.9929 11.5 -26.0218 9.023 11.5 -25.8421
2 24 10.7339 11.5 -25.9549 9.9929 11.5 -26.0218
2 24 10.7339 11.5 -25.9549 10.2792 11.6185 -26.0117
2 24 10.2792 11.6185 -26.0117 9.9666 11.9271 -26.0394
2 24 9.9666 11.9271 -26.0394 9.5121 14.3745 -25.9431
2 24 9.5121 14.3745 -25.9431 9.2016 15.0968 -25.8782
2 24 9.2016 15.0968 -25.8782 8.6599 15.5877 -25.7763
2 24 9.023 11.5 -25.8421 7.6629 11.5 -25.5489
2 24 8.6599 15.5877 -25.7763 7.7195 15.9264 -25.5678
2 24 7.7195 15.9264 -25.5678 6.6541 16 -24.9146
2 24 6.6541 16 -24.9146 6.6541 11.5 -24.9146
2 24 7.6629 11.5 -25.5489 6.6541 11.5 -24.9146
2 24 20 0 -10 19.828 .172 -12.61
2 24 19.828 .172 -12.61 19.318 .6213 -15.176
2 24 20 8 -10 20 16 -10
2 24 20 16 -10 19.828 16 -12.61
2 24 19.828 16 -12.61 19.318 16 -15.176
2 24 18.478 16 -17.654 17.6793 16 -19.2722
2 24 19.318 16 -15.176 18.478 16 -17.654
2 24 17.6793 16 -19.2722 17.32 15.5563 -20
2 24 17.32 15.5563 -20 17.1191 15.0564 -20.3011
2 24 17.1191 15.0564 -20.3011 17.0022 14.5125 -20.4763
2 24 17.0022 14.5125 -20.4763 16.8276 11.9739 -20.738
2 24 16.8276 11.9739 -20.738 16.6961 11.6368 -20.935
2 24 18.478 1.3343 -17.654 17.32 2.2852 -20
2 24 19.318 .6213 -15.176 18.478 1.3343 -17.654
2 24 16.6961 11.6368 -20.935 16.5278 11.5 -21.1873
2 24 17.32 2.2852 -20 15.868 3.4333 -22.176
2 24 16.5278 11.5 -21.1873 15.868 11.5 -22.176
2 24 15.868 11.5 -22.176 14.142 11.5 -24.142
2 24 15.868 3.4333 -22.176 14.142 4.7451 -24.142
2 24 14.142 4.7451 -24.142 12.176 6.2257 -25.868
2 24 12.176 11.5 -25.868 11.2193 11.5 -26.5064
2 24 14.142 11.5 -24.142 12.176 11.5 -25.868
2 24 12.176 6.2257 -25.868 10 7.6841 -27.32
2 24 11.2193 11.5 -26.5064 10.9308 11.6496 -26.6989
2 24 10.9308 11.6496 -26.6989 10.7119 12.0022 -26.845
2 24 10.7119 12.0022 -26.845 10.4842 14.3604 -26.9969
2 24 10.4842 14.3604 -26.9969 10.3341 15.0174 -27.097
2 24 10.3341 15.0174 -27.097 10 15.5803 -27.32
2 24 10 15.5803 -27.32 9.5062 15.9027 -27.5637
2 24 9.5062 15.9027 -27.5637 9.0166 16 -27.8054
2 24 10 7.6841 -27.32 7.654 9.0031 -28.478
2 24 9.0166 16 -27.8054 7.654 16 -28.478
2 24 7.654 9.0031 -28.478 5.176 10.2019 -29.318
2 24 7.654 16 -28.478 5.176 16 -29.318
2 24 5.176 10.2019 -29.318 2.61 10.9662 -29.828
2 24 5.176 16 -29.318 2.61 16 -29.828
2 24 2.61 10.9662 -29.828 0 11.224 -30
2 24 2.61 16 -29.828 0 16 -30
2 24 3.5057 3.1217 -14 3.5057 16 -14
2 24 15.9221 11.5 -20.7013 16.0018 11.6162 -20.2954
2 24 16.015 11.5 -19.8669 15.8536 11.5 -18.8353
2 24 15.9221 11.5 -20.7013 16.015 11.5 -19.8669
2 24 16.0018 11.6162 -20.2954 16.0258 11.9407 -19.9879
2 24 16.0258 11.9407 -19.9879 15.9788 14.5103 -19.5321
2 24 15.9788 14.5103 -19.5321 15.9498 15.0924 -19.2015
2 24 15.8536 11.5 -18.8353 15.5573 11.5 -17.7256
2 24 15.9498 15.0924 -19.2015 15.8901 15.59 -18.7831
2 24 15.5573 11.5 -17.7256 14.9411 11.5 -16.7554
2 24 15.8901 15.59 -18.7831 15.6068 15.9317 -17.7636
2 24 14.9411 11.5 -16.7554 14.9411 16 -16.7354
2 24 15.6068 15.9317 -17.7636 14.9411 16 -16.7354
2 24 14.9411 11.5 -16.7554 13.753 11.5 -18.9816
2 24 13.753 11.5 -18.9816 12.2937 11.5 -20.8706
2 24 12.2937 11.5 -20.8706 10.5598 11.5 -22.5547
2 24 14.9411 16 -16.7354 15.757 16 -14.8868
2 24 15.757 16 -14.8868 16.0057 16 -14.0057
2 24 16.0057 16 -14.0057 5.2557 16 -14
2 24 5.2557 16 -14 5.2557 16 -14.2039
2 24 3.5057 16 -14 3.5057 16 -14.9287
2 24 3.5057 16 -14.9287 4.9969 16 -16.4199
2 24 5.2557 16 -14.2039 6.2343 16 -15.1825
2 24 4.9969 16 -16.4199 6.2343 16 -15.1825
2 24 10.5598 11.5 -22.5547 8.653 11.5 -23.9889
2 24 8.653 11.5 -23.9889 6.6541 11.5 -24.9146
2 24 6.6541 16 -24.9146 4.8115 15.99 -23.6435
2 24 4.8115 15.99 -23.6435 3.4058 16 -25.1179
2 24 3.5101 16 -25.9455 3.4058 16 -25.1179
2 24 3.5101 16 -25.9455 1.7975 16 -26.1612
2 24 1.7975 16 -26.1612 0 16 -26.25
2 24 16.0057 16 -14.0057 16.0057 3.1217 -14.0057
2 24 15.7964 3.3316 -14.7198 16.0057 3.1217 -14.0057
2 24 15.7964 3.3316 -14.7198 15.0989 3.7897 -16.3893
2 24 15.0989 3.7897 -16.3893 13.797 4.7997 -18.8788
2 24 13.797 4.7997 -18.8788 12.1668 5.9844 -21.0138
2 24 12.1668 5.9844 -21.0138 10.3015 7.1825 -22.7299
2 24 10.3015 7.1825 -22.7299 8.41 8.3142 -24.0719
2 24 8.41 8.3142 -24.0719 6.653 9.3262 -24.8898
2 24 6.653 9.3262 -24.8898 6.6541 11.5 -24.9146
2 24 3.5057 16 -14.9287 3.5047 3.3414 -14.9287
2 24 3.5047 3.3414 -14.9287 3.5057 3.1217 -14
2 24 4.9969 16 -16.4199 4.9969 3.7333 -16.4199
2 24 4.9969 3.7333 -16.4199 6.2316 3.4423 -15.1825
2 24 6.2343 16 -15.1825 6.2316 3.4423 -15.1825
2 24 5.2557 16 -14 5.2557 3.1217 -14
2 24 5.2557 3.1217 -14 8.2486 3.1217 -14
2 24 8.2486 3.1217 -14 10.6705 3.1217 -14
2 24 10.6705 3.1217 -14 13.139 3.1217 -14
2 24 13.139 3.1217 -14 16.0057 3.1217 -14.0057
2 24 5.2557 16 -14.2039 5.2557 3.162 -14.2039
2 24 5.2557 3.162 -14.2039 5.2557 3.1217 -14
2 24 1.7935 10.5662 -26.1753 3.4821 10.3168 -25.9406
2 24 3.4821 10.3168 -25.9406 3.3832 9.5305 -25.166
2 24 3.3832 9.5305 -25.166 4.8777 7.9781 -23.6036
2 24 1.7935 10.5662 -26.1753 0 10.6655 -26.25
2 24 4.8777 7.9781 -23.6036 6.653 9.3262 -24.8898
2 24 3.5047 3.3414 -14.9287 4.9969 3.7333 -16.4199
2 24 6.2316 3.4423 -15.1825 5.2557 3.162 -14.2039
2 24 16 8 -10 20 8 -10
2 24 3.4058 16 -25.1179 3.3832 9.5305 -25.166
2 24 4.8115 15.99 -23.6435 4.8777 7.9781 -23.6036
2 24 3.5101 16 -25.9455 3.4821 10.3168 -25.9406
5 24 16.6961 11.6368 -20.935 15.9221 11.5 -20.7013 16.0018 11.6162 -20.2954 16.5278 11.5 -21.1873
5 24 16.0018 11.6162 -20.2954 16.6961 11.6368 -20.935 16.8276 11.9739 -20.738 15.9221 11.5 -20.7013
5 24 16.015 11.5 -19.8669 16.0018 11.6162 -20.2954 15.9221 11.5 -20.7013 16.0258 11.9407 -19.9879
5 24 9.0444 4.3982 -17.8931 11.3078 5.1085 -19.4918 9.5409 5.8282 -20.7654 11.0916 4.0564 -17.1086
5 24 6.4522 4.8919 -19.0555 4.9969 3.7333 -16.4199 9.0444 4.3982 -17.8931 3.7967 5.4189 -20.0659
5 24 19.318 .6213 -15.176 19.318 16 -15.176 19.828 16 -12.61 18.478 1.3343 -17.654
5 24 17.1191 15.0564 -20.3011 15.9498 15.0924 -19.2015 15.8901 15.59 -18.7831 17.0022 14.5125 -20.4763
5 24 3.7967 5.4189 -20.0659 0 4.2196 -17.482 0 6.0328 -21.0403 3.4509 4.0206 -16.9781
5 24 16.0018 11.6162 -20.2954 16.8276 11.9739 -20.738 16.6961 11.6368 -20.935 16.0258 11.9407 -19.9879
5 24 9.5409 5.8282 -20.7654 11.3078 5.1085 -19.4918 12.1668 5.9844 -21.0138 9.0444 4.3982 -17.8931
5 24 13.753 11.5 -18.9816 13.797 4.7997 -18.8788 15.0989 3.7897 -16.3893 12.2937 11.5 -20.8706
5 24 12.1668 5.9844 -21.0138 12.2937 11.5 -20.8706 13.797 4.7997 -18.8788 10.3015 7.1825 -22.7299
5 24 15.9498 15.0924 -19.2015 16.015 11.5 -19.8669 15.8536 11.5 -18.8353 15.9788 14.5103 -19.5321
5 24 3.4509 4.0206 -16.9781 3.5047 3.3414 -14.9287 4.9969 3.7333 -16.4199 0 4.2196 -17.482
5 24 12.176 11.5 -25.868 12.176 6.2257 -25.868 11.2193 11.5 -26.5064 14.142 11.5 -24.142
5 24 15.0989 3.7897 -16.3893 14.9411 11.5 -16.7554 15.7964 3.3316 -14.7198 13.753 11.5 -18.9816
5 24 1.7935 10.5662 -26.1753 2.0961 8.709 -24.4425 3.3832 9.5305 -25.166 0 10.6655 -26.25
5 24 16.015 11.5 -19.8669 16.0258 11.9407 -19.9879 16.0018 11.6162 -20.2954 15.9498 15.0924 -19.2015
5 24 10.3015 7.1825 -22.7299 7.2503 6.6907 -22.0685 8.41 8.3142 -24.0719 9.5409 5.8282 -20.7654
5 24 9.2016 15.0968 -25.8782 10.3341 15.0174 -27.097 10 15.5803 -27.32 9.5121 14.3745 -25.9431
5 24 10 15.5803 -27.32 10 7.6841 -27.32 7.654 9.0031 -28.478 10.3341 15.0174 -27.097
5 24 8.6599 15.5877 -25.7763 9.023 11.5 -25.8421 9.2016 15.0968 -25.8782 7.7195 15.9264 -25.5678
5 24 13.797 4.7997 -18.8788 12.7848 4.4629 -18.1216 11.3078 5.1085 -19.4918 13.0485 3.8985 -16.6632
5 24 0 4.2196 -17.482 3.4509 4.0206 -16.9781 0 3.3302 -14.6796 3.7967 5.4189 -20.0659
5 24 3.3832 9.5305 -25.166 2.0961 8.709 -24.4425 1.7935 10.5662 -26.1753 4.8777 7.9781 -23.6036
5 24 13.1088 3.3663 -14.8641 15.0989 3.7897 -16.3893 13.0485 3.8985 -16.6632 15.7964 3.3316 -14.7198
5 24 5.176 16 -29.318 5.176 10.2019 -29.318 2.61 10.9662 -29.828 7.654 16 -28.478
5 24 17.6793 16 -19.2722 15.6068 15.9317 -17.7636 17.32 15.5563 -20 14.9411 16 -16.7354
5 24 10.5598 11.5 -22.5547 8.41 8.3142 -24.0719 8.653 11.5 -23.9889 10.3015 7.1825 -22.7299
5 24 10.7725 3.387 -14.9493 13.1088 3.3663 -14.8641 13.0485 3.8985 -16.6632 10.6705 3.1217 -14
5 24 9.9666 11.9271 -26.0394 9.023 11.5 -25.8421 9.9929 11.5 -26.0218 9.5121 14.3745 -25.9431
5 24 10.7725 3.387 -14.9493 11.0916 4.0564 -17.1086 8.3461 3.3884 -14.9534 13.0485 3.8985 -16.6632
5 24 13.0485 3.8985 -16.6632 13.797 4.7997 -18.8788 12.7848 4.4629 -18.1216 15.0989 3.7897 -16.3893
5 24 7.2503 6.6907 -22.0685 3.7967 5.4189 -20.0659 6.4522 4.8919 -19.0555 5.2808 7.2347 -22.7927
5 24 6.2316 3.4423 -15.1825 9.0444 4.3982 -17.8931 8.3461 3.3884 -14.9534 4.9969 3.7333 -16.4199
5 24 10.9308 11.6496 -26.6989 10.2792 11.6185 -26.0117 9.9666 11.9271 -26.0394 11.2193 11.5 -26.5064
5 24 10.2792 11.6185 -26.0117 11.2193 11.5 -26.5064 10.7339 11.5 -25.9549 10.9308 11.6496 -26.6989
5 24 11.0916 4.0564 -17.1086 12.7848 4.4629 -18.1216 11.3078 5.1085 -19.4918 13.0485 3.8985 -16.6632
5 24 9.9929 11.5 -26.0218 10.2792 11.6185 -26.0117 10.7339 11.5 -25.9549 9.9666 11.9271 -26.0394
5 24 6.4522 4.8919 -19.0555 7.2503 6.6907 -22.0685 9.5409 5.8282 -20.7654 3.7967 5.4189 -20.0659
5 24 13.1088 3.3663 -14.8641 15.7964 3.3316 -14.7198 13.139 3.1217 -14 15.0989 3.7897 -16.3893
5 24 8.3461 3.3884 -14.9534 11.0916 4.0564 -17.1086 10.7725 3.387 -14.9493 9.0444 4.3982 -17.8931
5 24 13.0485 3.8985 -16.6632 11.0916 4.0564 -17.1086 10.7725 3.387 -14.9493 12.7848 4.4629 -18.1216
5 24 8.653 11.5 -23.9889 8.41 8.3142 -24.0719 6.6541 11.5 -24.9146 10.5598 11.5 -22.5547
5 24 9.5409 5.8282 -20.7654 10.3015 7.1825 -22.7299 12.1668 5.9844 -21.0138 7.2503 6.6907 -22.0685
5 24 11.0916 4.0564 -17.1086 11.3078 5.1085 -19.4918 12.7848 4.4629 -18.1216 9.0444 4.3982 -17.8931
5 24 2.0961 8.709 -24.4425 0 6.0328 -21.0403 0 8.6726 -24.4029 5.2808 7.2347 -22.7927
5 24 9.0444 4.3982 -17.8931 6.4522 4.8919 -19.0555 4.9969 3.7333 -16.4199 9.5409 5.8282 -20.7654
5 24 10.7725 3.387 -14.9493 13.0485 3.8985 -16.6632 13.1088 3.3663 -14.8641 11.0916 4.0564 -17.1086
5 24 1.7935 10.5662 -26.1753 1.7975 16 -26.1612 0 16 -26.25 3.4821 10.3168 -25.9406
5 24 10.7339 11.5 -25.9549 11.2193 11.5 -26.5064 12.176 11.5 -25.868 10.2792 11.6185 -26.0117
5 24 15.8901 15.59 -18.7831 17.1191 15.0564 -20.3011 15.9498 15.0924 -19.2015 17.32 15.5563 -20
5 24 10.3015 7.1825 -22.7299 10.5598 11.5 -22.5547 12.2937 11.5 -20.8706 8.41 8.3142 -24.0719
5 24 15.5573 11.5 -17.7256 15.6068 15.9317 -17.7636 15.8901 15.59 -18.7831 14.9411 11.5 -16.7554
5 24 5.2808 7.2347 -22.7927 2.0961 8.709 -24.4425 0 6.0328 -21.0403 4.8777 7.9781 -23.6036
5 24 9.5121 14.3745 -25.9431 10.4842 14.3604 -26.9969 9.9666 11.9271 -26.0394 10.3341 15.0174 -27.097
5 24 15.8901 15.59 -18.7831 17.32 15.5563 -20 15.6068 15.9317 -17.7636 17.1191 15.0564 -20.3011
5 24 15.9788 14.5103 -19.5321 17.0022 14.5125 -20.4763 16.8276 11.9739 -20.738 15.9498 15.0924 -19.2015
5 24 15.8536 11.5 -18.8353 15.8901 15.59 -18.7831 15.9498 15.0924 -19.2015 15.5573 11.5 -17.7256
5 24 2.61 10.9662 -29.828 2.61 16 -29.828 0 11.224 -30 5.176 16 -29.318
5 24 0 6.0328 -21.0403 5.2808 7.2347 -22.7927 2.0961 8.709 -24.4425 3.7967 5.4189 -20.0659
5 24 5.2808 7.2347 -22.7927 4.8777 7.9781 -23.6036 7.2503 6.6907 -22.0685 2.0961 8.709 -24.4425
5 24 19.828 16 -12.61 19.828 .172 -12.61 20 8 -10 19.318 .6213 -15.176
5 24 15.868 3.4333 -22.176 15.868 11.5 -22.176 14.142 4.7451 -24.142 16.5278 11.5 -21.1873
5 24 15.0989 3.7897 -16.3893 13.0485 3.8985 -16.6632 13.797 4.7997 -18.8788 13.1088 3.3663 -14.8641
5 24 7.6629 11.5 -25.5489 7.7195 15.9264 -25.5678 9.023 11.5 -25.8421 6.6541 16 -24.9146
5 24 7.2503 6.6907 -22.0685 8.41 8.3142 -24.0719 10.3015 7.1825 -22.7299 6.653 9.3262 -24.8898
5 24 9.9929 11.5 -26.0218 9.9666 11.9271 -26.0394 9.023 11.5 -25.8421 10.2792 11.6185 -26.0117
5 24 4.8115 15.99 -23.6435 6.6541 11.5 -24.9146 4.8777 7.9781 -23.6036 6.6541 16 -24.9146
5 24 6.6541 16 -24.9146 9.0166 16 -27.8054 7.654 16 -28.478 7.7195 15.9264 -25.5678
5 24 6.4522 4.8919 -19.0555 9.5409 5.8282 -20.7654 9.0444 4.3982 -17.8931 7.2503 6.6907 -22.0685
5 24 8.6599 15.5877 -25.7763 10 15.5803 -27.32 9.5062 15.9027 -27.5637 9.2016 15.0968 -25.8782
5 24 8.2486 3.1217 -14 8.3461 3.3884 -14.9534 10.6705 3.1217 -14 6.2316 3.4423 -15.1825
5 24 8.2486 3.1217 -14 5.2557 3.162 -14.2039 5.2557 3.1217 -14 8.3461 3.3884 -14.9534
5 24 9.0444 4.3982 -17.8931 8.3461 3.3884 -14.9534 6.2316 3.4423 -15.1825 11.0916 4.0564 -17.1086
5 24 12.7848 4.4629 -18.1216 11.3078 5.1085 -19.4918 11.0916 4.0564 -17.1086 13.797 4.7997 -18.8788
5 24 13.0485 3.8985 -16.6632 13.1088 3.3663 -14.8641 10.7725 3.387 -14.9493 15.0989 3.7897 -16.3893
5 24 13.139 3.1217 -14 13.1088 3.3663 -14.8641 10.7725 3.387 -14.9493 16.0057 3.1217 -14.0057
5 24 9.5062 15.9027 -27.5637 7.7195 15.9264 -25.5678 9.0166 16 -27.8054 8.6599 15.5877 -25.7763
5 24 15.7964 3.3316 -14.7198 15.757 16 -14.8868 14.9411 11.5 -16.7554 16.0057 3.1217 -14.0057
5 24 9.5409 5.8282 -20.7654 12.1668 5.9844 -21.0138 10.3015 7.1825 -22.7299 11.3078 5.1085 -19.4918
5 24 3.7967 5.4189 -20.0659 0 6.0328 -21.0403 0 4.2196 -17.482 5.2808 7.2347 -22.7927
5 24 6.2316 3.4423 -15.1825 8.3461 3.3884 -14.9534 5.2557 3.162 -14.2039 9.0444 4.3982 -17.8931
5 24 11.3078 5.1085 -19.4918 13.797 4.7997 -18.8788 12.1668 5.9844 -21.0138 12.7848 4.4629 -18.1216
5 24 2.0961 8.709 -24.4425 0 8.6726 -24.4029 1.7935 10.5662 -26.1753 0 6.0328 -21.0403
5 24 3.5047 3.3414 -14.9287 0 3.3302 -14.6796 3.4509 4.0206 -16.9781 3.5057 3.1217 -14
5 24 9.023 11.5 -25.8421 9.2016 15.0968 -25.8782 9.9666 11.9271 -26.0394 8.6599 15.5877 -25.7763
5 24 7.2503 6.6907 -22.0685 9.5409 5.8282 -20.7654 10.3015 7.1825 -22.7299 6.4522 4.8919 -19.0555
5 24 6.653 9.3262 -24.8898 7.2503 6.6907 -22.0685 4.8777 7.9781 -23.6036 8.41 8.3142 -24.0719
5 24 3.7967 5.4189 -20.0659 6.4522 4.8919 -19.0555 3.4509 4.0206 -16.9781 7.2503 6.6907 -22.0685
5 24 9.9666 11.9271 -26.0394 10.9308 11.6496 -26.6989 10.2792 11.6185 -26.0117 10.7119 12.0022 -26.845
5 24 2.0961 8.709 -24.4425 4.8777 7.9781 -23.6036 5.2808 7.2347 -22.7927 3.3832 9.5305 -25.166
5 24 4.9969 3.7333 -16.4199 9.0444 4.3982 -17.8931 6.2316 3.4423 -15.1825 6.4522 4.8919 -19.0555
5 24 7.654 16 -28.478 7.654 9.0031 -28.478 9.0166 16 -27.8054 5.176 10.2019 -29.318
5 24 11.0916 4.0564 -17.1086 9.0444 4.3982 -17.8931 8.3461 3.3884 -14.9534 11.3078 5.1085 -19.4918
5 24 12.7848 4.4629 -18.1216 13.0485 3.8985 -16.6632 11.0916 4.0564 -17.1086 13.797 4.7997 -18.8788
5 24 13.139 3.1217 -14 16.0057 16 -14.0057 10.6705 3.1217 -14 16.0057 3.1217 -14.0057
5 24 16.0258 11.9407 -19.9879 16.8276 11.9739 -20.738 15.9788 14.5103 -19.5321 16.0018 11.6162 -20.2954
5 24 3.7967 5.4189 -20.0659 5.2808 7.2347 -22.7927 0 6.0328 -21.0403 7.2503 6.6907 -22.0685
5 24 8.3461 3.3884 -14.9534 10.7725 3.387 -14.9493 8.2486 3.1217 -14 11.0916 4.0564 -17.1086
5 24 18.478 16 -17.654 18.478 1.3343 -17.654 19.318 16 -15.176 17.6793 16 -19.2722
5 24 3.4509 4.0206 -16.9781 3.7967 5.4189 -20.0659 0 4.2196 -17.482 4.9969 3.7333 -16.4199
5 24 10.7119 12.0022 -26.845 9.9666 11.9271 -26.0394 10.9308 11.6496 -26.6989 10.4842 14.3604 -26.9969
5 24 17.32 15.5563 -20 17.32 2.2852 -20 17.6793 16 -19.2722 16.8276 11.9739 -20.738
5 24 16.5278 11.5 -21.1873 15.9221 11.5 -20.7013 16.6961 11.6368 -20.935 15.868 11.5 -22.176
5 24 11.3078 5.1085 -19.4918 12.1668 5.9844 -21.0138 9.5409 5.8282 -20.7654 13.797 4.7997 -18.8788
5 24 14.142 11.5 -24.142 14.142 4.7451 -24.142 12.176 6.2257 -25.868 15.868 11.5 -22.176
5 24 12.2937 11.5 -20.8706 10.3015 7.1825 -22.7299 12.1668 5.9844 -21.0138 10.5598 11.5 -22.5547
5 24 4.9969 3.7333 -16.4199 3.4509 4.0206 -16.9781 3.5047 3.3414 -14.9287 6.4522 4.8919 -19.0555
5 24 7.2503 6.6907 -22.0685 5.2808 7.2347 -22.7927 6.653 9.3262 -24.8898 3.7967 5.4189 -20.0659
5 24 9.5409 5.8282 -20.7654 9.0444 4.3982 -17.8931 6.4522 4.8919 -19.0555 11.3078 5.1085 -19.4918
5 24 1.7935 10.5662 -26.1753 3.3832 9.5305 -25.166 3.4821 10.3168 -25.9406 2.0961 8.709 -24.4425
5 24 14.9411 16 -16.7354 17.6793 16 -19.2722 15.6068 15.9317 -17.7636 18.478 16 -17.654
5 24 15.757 16 -14.8868 14.9411 11.5 -16.7554 14.9411 16 -16.7354 15.7964 3.3316 -14.7198