0 ~Minifig Soccer Ball with Magenta Outlined Heart and Star Pattern - Half
0 Name: s\72824pf0s01.dat
0 Author: Takeshi Takahashi [RainbowDolphin]
0 !LDRAW_ORG Subpart UPDATE 2026-01
0 !LICENSE Licensed under CC BY 4.0 : see CAreadme.txt

0 BFC CERTIFY CCW

0 !HISTORY 2026-01-29 [OrionP] Official Update 2026-01

4 26 -1.4 6.8 -16.1159 -.4 7.5 -15.80875 0 7.6 -15.76487 0 5.323 -16.764
4 26 -1.4 6.8 -16.1159 0 5.323 -16.764 -2.67627 5.323 -16.764 -2.5 5.6 -16.64245
3 26 -.88149 9.48806 -14.9364 -1.1 8 -15.58935 -2.4 6.7 -16.15978
4 26 -3.31878 5.323 -16.764 -3.433 5.323 -16.764 -.88149 9.48806 -14.9364 -2.4 6.7 -16.15978
4 26 -1.1 8 -15.58935 -.88149 9.48806 -14.9364 -.5 9.7 -14.8434 -.4 8.5 -15.36995
4 26 0 8.6 -15.32607 -.4 8.5 -15.36995 -.5 9.7 -14.8434 0 9.8 -14.79952
3 16 -.88149 9.48806 -14.9364 0 10.927 -14.305 -.5 9.7 -14.8434
3 16 -.5 9.7 -14.8434 0 10.927 -14.305 0 9.8 -14.79952
4 16 -.4 8.5 -15.36995 0 8.6 -15.32607 0 7.6 -15.76487 -.4 7.5 -15.80875
4 16 -1.1 8 -15.58935 -.4 8.5 -15.36995 -.4 7.5 -15.80875 -1.4 6.8 -16.1159
4 16 -2.4 6.7 -16.15978 -1.1 8 -15.58935 -1.4 6.8 -16.1159 -2.5 5.6 -16.64245
4 16 -3.31878 5.323 -16.764 -2.4 6.7 -16.15978 -2.5 5.6 -16.64245 -2.67627 5.323 -16.764
4 26 -4.10315 6.24528 -16.05951 -3.8 6.7 -15.86595 -2.6 8.2 -15.27599 -3.433 5.323 -16.764
4 26 -.88149 9.48806 -14.9364 -3.433 5.323 -16.764 -2.6 8.2 -15.27599 -1.4 9.2 -14.97977
3 16 -4.10315 6.24528 -16.05951 -5.15 7.686 -14.959 -3.8 6.7 -15.86595
3 16 -3.8 6.7 -15.86595 -5.15 7.686 -14.959 -2.6 8.2 -15.27599
4 16 -1.4 9.2 -14.97977 -2.6 8.2 -15.27599 -5.15 7.686 -14.959 0 10.927 -14.305
3 16 -1.4 9.2 -14.97977 0 10.927 -14.305 -.88149 9.48806 -14.9364
4 26 -2.5 -5.4 -16.53832 -4.6 -4.9 -16.17413 -5.8 -4.5 -16.0066 -1.57416 -5.43703 -16.764
4 26 -1.57416 -5.43703 -16.764 -5.8 -4.5 -16.0066 -6.06062 -4.23938 -16.0319 -5.907 -2.289 -16.764
3 26 -.352 -6.325 -16.764 -2.9 -6 -16.22211 -.70122 -6.07127 -16.764
4 26 -2.53083 -7.22761 -15.88148 -4.2 -7 -15.53172 -2.9 -6 -16.22211 -.352 -6.325 -16.764
4 26 -4.6 -5.8 -15.85459 -2.9 -6 -16.22211 -4.2 -7 -15.53172 -6.2143 -6.19046 -15.29954
3 26 -6.1338 -5.16843 -15.68317 -4.6 -5.8 -15.85459 -6.2143 -6.19046 -15.29954
3 16 -6.423 -8.84 -14.305 -4.2 -7 -15.53172 -2.53083 -7.22761 -15.88148
3 16 -6.423 -8.84 -14.305 -6.2143 -6.19046 -15.29954 -4.2 -7 -15.53172
4 16 -5.8 -4.5 -16.0066 -4.6 -5.8 -15.85459 -6.1338 -5.16843 -15.68317 -6.06062 -4.23938 -16.0319
4 16 -4.6 -5.8 -15.85459 -5.8 -4.5 -16.0066 -4.6 -4.9 -16.17413 -2.9 -6 -16.22211
3 16 -2.9 -6 -16.22211 -4.6 -4.9 -16.17413 -2.5 -5.4 -16.53832
4 16 -2.5 -5.4 -16.53832 -1.57416 -5.43703 -16.764 -.70122 -6.07127 -16.764 -2.9 -6 -16.22211
4 26 -5.907 -2.289 -16.764 -6.06062 -4.23938 -16.0319 -6.3 -4 -15.98181 -6.4 -3 -16.2603
3 26 -6.4 -3 -16.2603 -6.35972 -2.43605 -16.46974 -5.907 -2.289 -16.764
3 26 -6.2143 -6.19046 -15.29954 -7.1 -5.6 -15.01599 -6.1338 -5.16843 -15.68317
4 26 -6.8 -4.8 -15.44471 -6.1338 -5.16843 -15.68317 -7.1 -5.6 -15.01599 -7.5 -5 -14.99883
4 26 -6.8 -4.8 -15.44471 -7.5 -5 -14.99883 -7.7 -4.2 -15.15658 -7 -4 -15.60247
4 26 -7 -4 -15.60247 -7.7 -4.2 -15.15658 -7.66738 -2.86079 -15.61978 -6.83068 -2.58902 -16.16362
3 16 -6.423 -8.84 -14.305 -7.1 -5.6 -15.01599 -6.2143 -6.19046 -15.29954
3 16 -6.423 -8.84 -14.305 -7.5 -5 -14.99883 -7.1 -5.6 -15.01599
3 16 -6.423 -8.84 -14.305 -8.684 -3.191 -14.959 -7.5 -5 -14.99883
3 16 -7.5 -5 -14.99883 -8.684 -3.191 -14.959 -7.7 -4.2 -15.15658
3 16 -7.66738 -2.86079 -15.61978 -7.7 -4.2 -15.15658 -8.684 -3.191 -14.959
4 16 -6.83068 -2.58902 -16.16362 -6.35972 -2.43605 -16.46974 -6.4 -3 -16.2603 -7 -4 -15.60247
4 16 -7 -4 -15.60247 -6.4 -3 -16.2603 -6.3 -4 -15.98181 -6.8 -4.8 -15.44471
4 16 -6.1338 -5.16843 -15.68317 -6.8 -4.8 -15.44471 -6.3 -4 -15.98181 -6.06062 -4.23938 -16.0319
3 26 -.352 -6.325 -16.764 -.35164 -7.38242 -16.11036 -2.53083 -7.22761 -15.88148
4 16 -2.53083 -7.22761 -15.88148 -.35164 -7.38242 -16.11036 -.351 -9.245 -14.959 -6.423 -8.84 -14.305
4 26 -5.3 1.4 -16.69831 -6.124 -1.62 -16.764 -6.25743 -1.46378 -16.68712 -5.8 0 -16.67951
3 26 -6.124 -1.62 -16.764 -5.3 1.4 -16.69831 -4.96651 1.94191 -16.764
4 26 -6.8 1.2 -16.0994 -6.2 .4 -16.45832 -6.58847 -1.07619 -16.4964 -7.2343 -.32005 -16.1243
4 26 -5.2 2.6 -16.5773 -6.2 .4 -16.45832 -6.8 1.2 -16.0994 -6 3.1 -16.1756
4 26 -5.2 2.6 -16.5773 -6 3.1 -16.1756 -4.002 4.91 -16.764 -4.35966 3.80939 -16.764
3 26 -6 3.1 -16.1756 -5.11882 4.64207 -16.33423 -4.002 4.91 -16.764
3 16 -7.2343 -.32005 -16.1243 -10.392 3.377 -14.305 -6.8 1.2 -16.0994
3 16 -6.8 1.2 -16.0994 -10.392 3.377 -14.305 -6 3.1 -16.1756
3 16 -6 3.1 -16.1756 -10.392 3.377 -14.305 -5.11882 4.64207 -16.33423
4 16 -5.3 1.4 -16.69831 -5.2 2.6 -16.5773 -4.35966 3.80939 -16.764 -4.96651 1.94191 -16.764
4 16 -6.2 .4 -16.45832 -5.2 2.6 -16.5773 -5.3 1.4 -16.69831 -5.8 0 -16.67951
4 16 -6.2 .4 -16.45832 -5.8 0 -16.67951 -6.25743 -1.46378 -16.68712 -6.58847 -1.07619 -16.4964
3 26 -4.002 4.91 -16.764 -5.11882 4.64207 -16.33423 -4.51885 5.62172 -16.22034
4 16 -4.51885 5.62172 -16.22034 -5.11882 4.64207 -16.33423 -10.392 3.377 -14.305 -5.718 7.273 -14.959
3 26 -6.124 -1.62 -16.764 -6.30565 -1.67907 -16.64593 -6.25743 -1.46378 -16.68712
4 26 -6.73837 -1.81978 -16.36467 -7.56194 -2.08758 -15.82936 -7.2343 -.32005 -16.1243 -6.58847 -1.07619 -16.4964
4 16 -7.56194 -2.08758 -15.82936 -8.901 -2.523 -14.959 -10.392 3.377 -14.305 -7.2343 -.32005 -16.1243
4 16 -6.73837 -1.81978 -16.36467 -6.58847 -1.07619 -16.4964 -6.25743 -1.46378 -16.68712 -6.30565 -1.67907 -16.64593
4 26 -4.10315 6.24528 -16.05951 -3.433 5.323 -16.764 -3.581 4.93 -16.671 -4.31072 5.93392 -15.9038
4 26 -2.67627 5.323 -16.764 0 5.323 -16.764 0 4.93 -16.671 -2.92636 4.93 -16.671
3 26 -3.581 4.93 -16.671 -3.433 5.323 -16.764 -3.31878 5.323 -16.764
4 16 -2.92636 4.93 -16.671 -3.581 4.93 -16.671 -3.31878 5.323 -16.764 -2.67627 5.323 -16.764
4 26 0 -7.4 -15.86365 -.35164 -7.38242 -16.11036 -.352 -6.325 -16.764 0 -6.094 -16.671
4 26 -.86506 -5.4654 -16.671 -1.57416 -5.43703 -16.764 -5.907 -2.289 -16.764 -5.795 -1.883 -16.671
3 26 -.352 -6.325 -16.764 -.70122 -6.07127 -16.764 0 -6.094 -16.671
4 16 -.70122 -6.07127 -16.764 -1.57416 -5.43703 -16.764 -.86506 -5.4654 -16.671 0 -6.094 -16.671
4 26 -6.33269 -2.05765 -16.32151 -5.795 -1.883 -16.671 -5.907 -2.289 -16.764 -6.35972 -2.43605 -16.46974
4 26 -7.61464 -2.47405 -15.48826 -6.78453 -2.20442 -16.02782 -6.83068 -2.58902 -16.16362 -7.66738 -2.86079 -15.61978
4 16 -7.66738 -2.86079 -15.61978 -8.684 -3.191 -14.959 -8.692 -2.824 -14.788 -7.61464 -2.47405 -15.48826
4 16 -6.78453 -2.20442 -16.02782 -6.33269 -2.05765 -16.32151 -6.35972 -2.43605 -16.46974 -6.83068 -2.58902 -16.16362
4 26 -6.33269 -2.05765 -16.32151 -6.30565 -1.67907 -16.64593 -6.124 -1.62 -16.764 -5.795 -1.883 -16.671
4 26 -6.124 -1.62 -16.764 -4.96651 1.94191 -16.764 -4.10703 3.31129 -16.671 -5.795 -1.883 -16.671
3 26 -4.35966 3.80939 -16.764 -4.002 4.91 -16.764 -3.581 4.93 -16.671
4 16 -3.581 4.93 -16.671 -4.10703 3.31129 -16.671 -4.96651 1.94191 -16.764 -4.35966 3.80939 -16.764
4 26 -5.465 -1.776 -16.983 -.35973 -5.48561 -16.983 -.86506 -5.4654 -16.671 -5.795 -1.883 -16.671
4 16 0 -5.747 -16.983 0 -6.094 -16.671 -.86506 -5.4654 -16.671 -.35973 -5.48561 -16.983
4 26 -2.92636 4.93 -16.671 0 4.93 -16.671 0 4.649 -16.983 -3.10518 4.649 -16.983
4 16 -3.10518 4.649 -16.983 -3.378 4.649 -16.983 -3.581 4.93 -16.671 -2.92636 4.93 -16.671
3 26 0 -.7 -17.87613 -.2 -.3 -17.92119 0 0 -18
3 26 -.2 -.3 -17.92119 -.37737 -.12264 -17.92977 0 0 -18
4 26 -2 -.64995 -17.62781 -1.35339 -.43982 -17.74814 -1.3 -.6 -17.72666 -2 -.9 -17.58356
4 26 -1.7 -1.3 -17.55136 -2 -.9 -17.58356 -1.3 -.6 -17.72666 -1 -.6 -17.76524
4 26 -1.2 -1.4 -17.59795 -1.7 -1.3 -17.55136 -1 -.6 -17.76524 -.7 -1.2 -17.69764
4 26 -.7 -1.2 -17.69764 -1 -.6 -17.76524 -.8 -.5 -17.80865 -.5 -.6 -17.82953
3 26 -.7 -1.2 -17.69764 -.5 -.6 -17.82953 -.5 -.9 -17.77644
4 26 -.3 -1.6 -17.67829 0 -1.2 -17.78765 0 -4.2 -17.25676 -.4 -4.1 -17.22302
4 26 -.3 -1.6 -17.67829 -.4 -4.1 -17.22302 -1 -3.3 -17.28744 -.9 -1.8 -17.56574
4 26 -.9 -1.8 -17.56574 -1 -3.3 -17.28744 -1.6 -2.1 -17.42264 -1.6 -1.9 -17.45804
4 26 -1.6 -1.9 -17.45804 -1.6 -2.1 -17.42264 -2.8 -1.9 -17.30374 -2.1 -1.5 -17.46453
4 26 -2.1 -1.5 -17.46453 -2.8 -1.9 -17.30374 -3.7 -1.6 -17.2411 -2.5 -1 -17.50158
4 26 -2.5 -1 -17.50158 -3.7 -1.6 -17.2411 -4.00003 -1.29992 -17.25562 -2.5 -.81244 -17.53477
4 26 0 -5.5 -17.02671 -.35973 -5.48561 -16.983 -.5 -5.1 -17.0332 0 -5.3 -17.0621
4 26 -.5 -5.1 -17.0332 -.35973 -5.48561 -16.983 -3.5 -2.3 -17.14294 -1.3 -4 -17.12499
3 26 -3.5 -2.3 -17.14294 -1.9 -2.6 -17.29559 -1.3 -4 -17.12499
4 26 -5.465 -1.776 -16.983 -4.6 -2 -17.05459 -3.5 -2.3 -17.14294 -.35973 -5.48561 -16.983
3 26 -4.6 -2 -17.05459 -5.465 -1.776 -16.983 -5.03066 -1.63485 -17.06383
3 16 0 -5.747 -16.983 -.35973 -5.48561 -16.983 0 -5.5 -17.02671
4 16 0 -4.2 -17.25676 0 -5.3 -17.0621 -.5 -5.1 -17.0332 -.4 -4.1 -17.22302
4 16 -.4 -4.1 -17.22302 -.5 -5.1 -17.0332 -1.3 -4 -17.12499 -1 -3.3 -17.28744
4 16 -1 -3.3 -17.28744 -1.3 -4 -17.12499 -1.9 -2.6 -17.29559 -1.6 -2.1 -17.42264
4 16 -2.8 -1.9 -17.30374 -1.6 -2.1 -17.42264 -1.9 -2.6 -17.29559 -3.5 -2.3 -17.14294
4 16 -3.7 -1.6 -17.2411 -2.8 -1.9 -17.30374 -3.5 -2.3 -17.14294 -4.6 -2 -17.05459
4 16 -4.00003 -1.29992 -17.25562 -3.7 -1.6 -17.2411 -4.6 -2 -17.05459 -5.03066 -1.63485 -17.06383
4 16 -2 -.9 -17.58356 -2.5 -1 -17.50158 -2.5 -.81244 -17.53477 -2 -.64995 -17.62781
4 16 -2.1 -1.5 -17.46453 -2.5 -1 -17.50158 -2 -.9 -17.58356 -1.7 -1.3 -17.55136
4 16 -1.6 -1.9 -17.45804 -2.1 -1.5 -17.46453 -1.7 -1.3 -17.55136 -1.2 -1.4 -17.59795
4 16 -.9 -1.8 -17.56574 -1.6 -1.9 -17.45804 -1.2 -1.4 -17.59795 -.7 -1.2 -17.69764
4 16 -.3 -1.6 -17.67829 -.9 -1.8 -17.56574 -.7 -1.2 -17.69764 -.5 -.9 -17.77644
4 16 0 -1.2 -17.78765 -.3 -1.6 -17.67829 -.5 -.9 -17.77644 0 -.7 -17.87613
4 16 0 -.7 -17.87613 -.5 -.9 -17.77644 -.5 -.6 -17.82953 -.2 -.3 -17.92119
4 16 -.2 -.3 -17.92119 -.5 -.6 -17.82953 -.8 -.5 -17.80865 -.37737 -.12264 -17.92977
4 16 -.8 -.5 -17.80865 -1 -.6 -17.76524 -1.35339 -.43982 -17.74814 -.37737 -.12264 -17.92977
3 16 -1.35339 -.43982 -17.74814 -1 -.6 -17.76524 -1.3 -.6 -17.72666
3 26 0 0 -18 -.37737 -.12264 -17.92977 -.5 0 -17.89597
4 26 0 0 -18 -.5 0 -17.89597 -1.4 .7 -17.66141 -.83257 1.14583 -17.74934
3 26 -.5 0 -17.89597 -.9 .1 -17.80599 -1.4 .7 -17.66141
4 26 -1.4 .7 -17.66141 -.9 .1 -17.80599 -1.3 0 -17.72953 -1.9 .1 -17.59794
4 26 -1.9 .1 -17.59794 -1.3 0 -17.72953 -1.4 -.3 -17.729 -2 -.4 -17.61092
4 26 -2 -.64995 -17.62781 -2 -.4 -17.61092 -1.4 -.3 -17.729 -1.35339 -.43982 -17.74814
4 26 -2.5 -.81244 -17.53477 -4.00003 -1.29992 -17.25562 -3.9 -.9 -17.24941 -2.5 -.5 -17.51365
4 26 -2.5 -.5 -17.51365 -3.9 -.9 -17.24941 -3.3 -.1 -17.32017 -2.4 .2 -17.48715
4 26 -2.4 .2 -17.48715 -3.3 -.1 -17.32017 -2.7 .8 -17.38418 -1.7 1 -17.57872
4 26 -1.7 1 -17.57872 -2.7 .8 -17.38418 -2.7 2 -17.30309 -1.11381 1.5329 -17.66467
4 26 -2.7 2 -17.30309 -2.6 3.1 -17.24955 -2.43643 3.35316 -17.26647 -1.11381 1.5329 -17.66467
3 26 -5.03066 -1.63485 -17.06383 -5.465 -1.776 -16.983 -4.9 -1.1 -17.05487
4 26 -3.5605 4.08717 -16.983 -4.2 -.2 -17.13968 -4.9 -1.1 -17.05487 -5.465 -1.776 -16.983
4 26 -3.3 2.1 -17.17149 -3.2 .9 -17.2734 -4.2 -.2 -17.13968 -3.5605 4.08717 -16.983
3 26 -3.3 2.1 -17.17149 -3.5605 4.08717 -16.983 -3.3 4.1 -17.03633
3 16 -3.378 4.649 -16.983 -3.3 4.1 -17.03633 -3.5605 4.08717 -16.983
4 16 -4 -1.29992 -17.25562 -5.03066 -1.63485 -17.06383 -4.9 -1.1 -17.05487 -3.9 -.9 -17.24941
4 16 -3.9 -.9 -17.24941 -4.9 -1.1 -17.05487 -4.2 -.2 -17.13968 -3.3 -.1 -17.32017
4 16 -3.3 -.1 -17.32017 -4.2 -.2 -17.13968 -3.2 .9 -17.2734 -2.7 .8 -17.38418
4 16 -2.7 2 -17.30309 -2.7 .8 -17.38418 -3.2 .9 -17.2734 -3.3 2.1 -17.17149
4 16 -2.6 3.1 -17.24955 -2.7 2 -17.30309 -3.3 2.1 -17.17149 -3.3 4.1 -17.03633
4 16 -2.6 3.1 -17.24955 -3.3 4.1 -17.03633 -3.378 4.649 -16.983 -2.43643 3.35316 -17.26647
4 16 -1.11381 1.5329 -17.66467 -.83257 1.14583 -17.74934 -1.4 .7 -17.66141 -1.7 1 -17.57872
4 16 -1.7 1 -17.57872 -1.4 .7 -17.66141 -1.9 .1 -17.59794 -2.4 .2 -17.48715
4 16 -2.4 .2 -17.48715 -1.9 .1 -17.59794 -2 -.4 -17.61092 -2.5 -.5 -17.51365
4 16 -2.5 -.81244 -17.53477 -2.5 -.5 -17.51365 -2 -.4 -17.61092 -2 -.64995 -17.62781
4 16 -1.35339 -.43982 -17.74814 -.9 .1 -17.80599 -.5 0 -17.89597 -.37737 -.12264 -17.92977
4 16 -1.4 -.3 -17.729 -1.3 0 -17.72953 -.9 .1 -17.80599 -1.35339 -.43982 -17.74814
3 26 0 0 -18 -.83257 1.14583 -17.74934 0 1.8 -17.60624
4 26 -1.11381 1.5329 -17.66467 -2.43643 3.35316 -17.26647 -2.1 3.4 -17.25623 -.2 2.4 -17.47498
4 26 -.2 2.4 -17.47498 -2.1 3.4 -17.25623 -1 3.1 -17.32185 -.2 2.8 -17.38748
4 26 -1.9 4.1 -17.1031 0 4.649 -16.983 0 3.3 -17.2781 -.5 3.4 -17.25623
4 26 0 4.649 -16.983 -1.9 4.1 -17.1031 -3.2 4.5 -17.01559 -3.10518 4.649 -16.983
3 16 -3.2 4.5 -17.01559 -3.378 4.649 -16.983 -3.10518 4.649 -16.983
4 16 -3.378 4.649 -16.983 -3.2 4.5 -17.01559 -2.1 3.4 -17.25623 -2.43643 3.35316 -17.26647
4 16 -2.1 3.4 -17.25623 -3.2 4.5 -17.01559 -1.9 4.1 -17.1031 -1 3.1 -17.32185
4 16 -1 3.1 -17.32185 -1.9 4.1 -17.1031 -.5 3.4 -17.25623 -.2 2.8 -17.38748
3 16 -.2 2.8 -17.38748 -.5 3.4 -17.25623 0 3.3 -17.2781
4 16 -.2 2.4 -17.47498 -.2 2.8 -17.38748 0 3.3 -17.2781 0 1.8 -17.60624
4 16 -.2 2.4 -17.47498 0 1.8 -17.60624 -.83257 1.14583 -17.74934 -1.11381 1.5329 -17.66467
4 16 -4.10315 6.24528 -16.05951 -4.31072 5.93392 -15.9038 -5.372 7.394 -14.788 -5.15 7.686 -14.959
4 16 -.35164 -7.38242 -16.11036 0 -7.4 -15.86365 0 -9.14 -14.788 -.351 -9.245 -14.959
4 26 -6.78453 -2.20442 -16.02782 -7.61464 -2.47405 -15.48826 -7.56194 -2.08758 -15.82936 -6.73837 -1.81978 -16.36467
4 16 -7.56194 -2.08758 -15.82936 -7.61464 -2.47405 -15.48826 -8.692 -2.824 -14.788 -8.901 -2.523 -14.959
4 16 -6.78453 -2.20442 -16.02782 -6.73837 -1.81978 -16.36467 -6.30565 -1.67907 -16.64593 -6.33269 -2.05765 -16.32151
4 26 -3.581 4.93 -16.671 -4.002 4.91 -16.764 -4.51885 5.62172 -16.22034 -4.31072 5.93392 -15.9038
4 16 -4.51885 5.62172 -16.22034 -5.718 7.273 -14.959 -5.372 7.394 -14.788 -4.31072 5.93392 -15.9038
4 26 -5.465 -1.776 -16.983 -5.795 -1.883 -16.671 -4.10703 3.31129 -16.671 -3.5605 4.08717 -16.983
4 16 -3.581 4.93 -16.671 -3.378 4.649 -16.983 -3.5605 4.08717 -16.983 -4.10703 3.31129 -16.671
5 24 -6.423 -8.84 -14.305 -0.352 -6.325 -16.764 -5.907 -2.289 -16.764 -0.351 -9.245 -14.959
5 24 -5.907 -2.289 -16.764 -6.423 -8.84 -14.305 -0.352 -6.325 -16.764 -8.684 -3.191 -14.959
5 24 -10.392 3.377 -14.305 -6.124 -1.62 -16.764 -4.002 4.91 -16.764 -8.901 -2.523 -14.959
5 24 -4.002 4.91 -16.764 -10.392 3.377 -14.305 -6.124 -1.62 -16.764 -5.718 7.273 -14.959
5 24 0 -6.094 -16.671 0 -9.14 -14.788 0.351 -9.245 -14.959 -0.352 -6.325 -16.764
5 24 -3.581 4.93 -16.671 -3.433 5.323 -16.764 -5.15 7.686 -14.959 0 4.93 -16.671
5 24 -5.372 7.394 -14.788 -3.581 4.93 -16.671 -3.433 5.323 -16.764 -5.718 7.273 -14.959
5 24 -3.581 4.93 -16.671 0 4.93 -16.671 -3.434 5.323 -16.764 -3.378 4.649 -16.983
5 24 0 -6.094 -16.671 -0.352 -6.325 -16.764 -0.351 -9.245 -14.959 -5.795 -1.883 -16.671
5 24 -5.795 -1.883 -16.671 -5.907 -2.289 -16.764 -0.352 -6.325 -16.764 -8.692 -2.824 -14.788
5 24 0 -6.094 -16.671 -5.795 -1.883 -16.671 -5.907 -2.289 -16.764 0 -5.747 -16.983
5 24 -5.795 -1.883 -16.671 -8.692 -2.824 -14.788 -8.684 -3.191 -14.959 -6.124 -1.62 -16.764
5 24 -5.795 -1.883 -16.671 -6.124 -1.62 -16.764 -8.901 -2.523 -14.959 -3.581 4.93 -16.671
5 24 -3.581 4.93 -16.671 -4.002 4.91 -16.764 -6.124 -1.62 -16.764 -5.372 7.394 -14.788
5 24 -5.795 -1.883 -16.671 -3.581 4.93 -16.671 -4.002 4.91 -16.764 -5.465 -1.776 -16.983
5 24 0 -5.747 -16.983 0 -6.094 -16.671 5.795 -1.883 -16.671 -5.465 -1.776 -16.983
5 24 -5.465 -1.776 -16.983 -5.795 -1.883 -16.671 0 -6.094 -16.671 -3.378 4.649 -16.983
5 24 -3.378 4.649 -16.983 -3.581 4.93 -16.671 -5.795 -1.883 -16.671 0 4.649 -16.983
5 24 -5.471 -1.778 -17 0 -5.753 -17 0 0 -18.018 0 -6.1 -16.688
5 24 -3.381 4.654 -17 -5.471 -1.778 -17 0 0 -18.018 -5.801 -1.885 -16.688
5 24 0 4.654 -17 -3.381 4.654 -17 0 0 -18.018 -3.585 4.935 -16.688
5 24 -3.437 5.329 -16.78 0 5.329 -16.78 0 10.938 -14.318 -3.585 4.934 -16.688
5 24 -5.155 7.694 -14.974 -3.437 5.329 -16.78 0 10.938 -14.318 -3.585 4.935 -16.688
5 24 -0.352 -6.331 -16.78 -5.913 -2.291 -16.78 -6.429 -8.849 -14.318 -5.801 -1.885 -16.688
5 24 -5.913 -2.291 -16.78 -8.693 -3.194 -14.974 -6.429 -8.849 -14.318 -8.701 -2.827 -14.803
5 24 -0.352 -9.255 -14.974 -0.352 -6.331 -16.78 -6.429 -8.849 -14.318 0 -6.1 -16.688
5 24 -6.13 -1.622 -16.78 -4.006 4.915 -16.78 -10.403 3.38 -14.318 -3.585 4.935 -16.688
5 24 -4.006 4.915 -16.78 -5.724 7.28 -14.974 -10.403 3.38 -14.318 -5.378 7.402 -14.803
5 24 -8.91 -2.525 -14.974 -6.13 -1.622 -16.78 -10.403 3.38 -14.318 -5.801 -1.885 -16.688
5 24 -3.437 5.329 -16.78 0 10.927 -14.305 -5.155 7.694 -14.974 0 5.323 -16.764
5 24 0 0 -18 0 -5.747 -16.983 5.465 -1.776 -16.983 -5.465 -1.776 -16.983
5 24 0 0 -18 -5.465 -1.776 -16.983 0 -5.747 -16.983 -3.378 4.649 -16.983
5 24 0 0 -18 -3.378 4.649 -16.983 -5.465 -1.776 -16.983 0 4.649 -16.983