0 ~Plate  1 x  1 Round with Ring  3 x  3 - Half
0 Name: s\7610s01.dat
0 Author: Rene Rechthaler [Blechtaler]
0 !LDRAW_ORG Subpart UPDATE 2026-01
0 !LICENSE Licensed under CC BY 4.0 : see CAreadme.txt

0 BFC CERTIFY CCW

0 !HISTORY 2026-01-29 [OrionP] Official Update 2026-01

0 // ring
1 16 0 2 0 20 0 0 0 20 0 0 0 20 48\tm04i2000.dat
1 16 0 2 0 20 0 0 0 20 0 0 0 20 48\tm04o2000.dat
1 16 0 2 0 20 0 0 0 -20 0 0 0 20 48\tm04i2000.dat
1 16 0 2 0 20 0 0 0 -20 0 0 0 20 48\tm04o2000.dat
1 16 0 2 0 20 0 0 0 20 0 0 0 -20 48\tm04i2000.dat
1 16 0 2 0 20 0 0 0 20 0 0 0 -20 48\tm04o2000.dat
1 16 0 2 0 20 0 0 0 -20 0 0 0 -20 48\tm04i2000.dat
1 16 0 2 0 20 0 0 0 -20 0 0 0 -20 48\tm04o2000.dat

0 // spokes
2 24 4.5 0 10 4.5 0 15.9841
2 24 4.5 3 10 4.5 3 15.5419
2 24 8.12 3 7.3699 13.3756 3 9.0776
2 24 13.7893 0 9.212 8.12 0 7.3699
2 24 10.9011 0 -1.1896 16.5751 0 .654
2 24 16.1644 3 .5206 10.9011 3 -1.1896
2 24 9.5184 0 -5.4451 13.0361 0 -10.2869
2 24 9.5184 3 -5.4451 12.7837 3 -9.9395
2 24 2.2373 3 -10.7352 5.4867 3 -15.2078
2 24 2.2373 0 -10.7352 5.7445 0 -15.5626
4 16 5.7445 0 -15.5626 5.4867 3 -15.2078 2.2373 3 -10.7352 2.2373 0 -10.7352
4 16 9.5184 3 -5.4451 12.7837 3 -9.9395 13.0361 0 -10.2869 9.5184 0 -5.4451
4 16 10.9011 3 -1.1896 10.9011 0 -1.1896 16.5751 0 .654 16.1644 3 .5206
4 16 13.7893 0 9.212 8.12 0 7.3699 8.12 3 7.3699 13.3756 3 9.0776
4 16 4.5 3 15.5419 4.5 3 10 4.5 0 10 4.5 0 15.9841

0 // chamfers and inner cylo
1 16 0 0 0 0 0 10 0 3 0 10 0 0 1-16cylo.dat
1 16 0 0 0 9.9694 0 .7847 0 3 0 -.7847 0 9.9694 1-8cylo.dat
1 16 0 0 0 8.5267 0 -5.2251 0 3 0 -5.2251 0 -8.5267 1-8cylo.dat
1 16 0 0 0 0 0 10 0 1 0 10 0 0 1-16chrd.dat
1 16 0 0 0 9.9694 0 .7847 0 1 0 -.7847 0 9.9694 1-8chrd.dat
1 16 0 0 0 8.5267 0 -5.2251 0 1 0 -5.2251 0 -8.5267 1-8chrd.dat
1 16 0 3 0 0 0 10 0 -1 0 10 0 0 1-16chrd.dat
1 16 0 3 0 9.9694 0 .7847 0 -1 0 -.7847 0 9.9694 1-8chrd.dat
1 16 0 3 0 8.5267 0 -5.2251 0 -1 0 -5.2251 0 -8.5267 1-8chrd.dat
4 16 3.827 0 9.239 4.5 0 10 4.5 3 10 3.827 3 9.239
2 24 3.827 3 9.239 3.827 0 9.239
2 24 3.827 3 9.239 4.5 3 10
2 24 4.5 3 10 4.5 0 10
2 24 4.5 0 10 3.827 0 9.239
4 16 9.9694 0 -.7847 10.9011 0 -1.1896 10.9011 3 -1.1896 9.9694 3 -.7847
2 24 9.9694 3 -.7847 9.9694 0 -.7847
2 24 9.9694 3 -.7847 10.9011 3 -1.1896
2 24 10.9011 3 -1.1896 10.9011 0 -1.1896
2 24 10.9011 0 -1.1896 9.9694 0 -.7847
4 16 8.12 3 7.3699 8.12 0 7.3699 7.6042 0 6.4945 7.6042 3 6.4945
2 24 7.6042 0 6.4945 7.6042 3 6.4945
2 24 8.12 3 7.3699 7.6042 3 6.4945
2 24 8.12 0 7.3699 8.12 3 7.3699
2 24 7.6042 0 6.4945 8.12 0 7.3699
4 16 2.3346 0 -9.7239 2.2373 0 -10.7352 2.2373 3 -10.7352 2.3346 3 -9.7239
2 24 2.3346 3 -9.7239 2.3346 0 -9.7239
2 24 2.3346 3 -9.7239 2.2373 3 -10.7352
2 24 2.2373 3 -10.7352 2.2373 0 -10.7352
2 24 2.2373 0 -10.7352 2.3346 0 -9.7239
4 16 9.5184 3 -5.4451 9.5184 0 -5.4451 8.5267 0 -5.2251 8.5267 3 -5.2251
2 24 8.5267 0 -5.2251 8.5267 3 -5.2251
2 24 9.5184 3 -5.4451 8.5267 3 -5.2251
2 24 9.5184 0 -5.4451 9.5184 3 -5.4451
2 24 8.5267 0 -5.2251 9.5184 0 -5.4451

0 // filler top+bottom
1 16 0 0 0 0 0 6 0 1 0 6 0 0 2-4ndis.dat
3 16 0 0 -6 2.3346 0 -9.7239 6 0 -6
3 16 6 0 -6 2.3346 0 -9.7239 8.5267 0 -5.2251
4 16 6 0 -6 8.5267 0 -5.2251 9.9694 0 -.7847 6 0 0
4 16 6 0 6 6 0 0 9.9694 0 -.7847 7.6042 0 6.4945
4 16 6 0 6 7.6042 0 6.4945 3.827 0 9.239 0 0 6
3 16 0 0 6 3.827 0 9.239 0 0 10
3 16 4.5 0 15.9841 13.7893 0 9.212 11 0 15
3 16 16.5751 0 .654 13.0361 0 -10.2869 18 0 -6
4 16 2.2373 0 -10.7352 2.3346 0 -9.7239 0 0 -6 0 0 -18
3 16 0 0 -18 5.7445 0 -15.5626 2.2373 0 -10.7352
4 16 9.9694 0 -.7847 8.5267 0 -5.2251 9.5184 0 -5.4451 10.9011 0 -1.1896
4 16 10.9011 0 -1.1896 9.5184 0 -5.4451 13.0361 0 -10.2869 16.5751 0 .654
4 16 4.5 0 10 3.827 0 9.239 7.6042 0 6.4945 8.12 0 7.3699
4 16 4.5 0 15.9841 4.5 0 10 8.12 0 7.3699 13.7893 0 9.212

4 16 8.5267 3 -5.2251 2.3346 3 -9.7239 0 3 -8 5.6568 3 -5.6568
4 16 8.5267 3 -5.2251 5.6568 3 -5.6568 8 3 0 9.9694 3 -.7847
4 16 7.6042 3 6.4945 9.9694 3 -.7847 8 3 0 5.6568 3 5.6568
4 16 7.6042 3 6.4945 5.6568 3 5.6568 0 3 8 3.827 3 9.239
3 16 3.827 3 9.239 0 3 8 0 3 10
3 16 13.3756 3 9.0776 4.5 3 15.5419 11 3 15
3 16 12.7837 3 -9.9395 16.1644 3 .5206 18 3 -6
4 16 7.6042 3 6.4945 3.827 3 9.239 4.5 3 10 8.12 3 7.3699
4 16 13.3756 3 9.0776 8.12 3 7.3699 4.5 3 10 4.5 3 15.5419
4 16 9.5184 3 -5.4451 8.5267 3 -5.2251 9.9694 3 -.7847 10.9011 3 -1.1896
4 16 12.7837 3 -9.9395 9.5184 3 -5.4451 10.9011 3 -1.1896 16.1644 3 .5206
4 16 0 3 -8 2.3346 3 -9.7239 2.2373 3 -10.7352 0 3 -18
3 16 0 3 -18 2.2373 3 -10.7352 5.4867 3 -15.2078

0 // intersections spoke sides to ring
2 24 4.5 .47 15.6532 4.5 2 15.3321
2 24 4.5 0 15.9841 4.5 .47 15.6532
2 24 4.5 3 15.5419 4.5 2 15.3321
2 24 12.7837 3 -9.9395 12.6638 2 -9.7744
2 24 5.3644 2 -15.0393 5.4867 3 -15.2078
2 24 5.5517 .47 -15.2971 5.3644 2 -15.0393
2 24 5.7445 0 -15.5626 5.5517 .47 -15.2971
2 24 12.6638 2 -9.7744 12.8473 .47 -10.0269
2 24 12.8473 .47 -10.0269 13.0361 0 -10.2869
2 24 16.2675 .47 .5541 16.5751 0 .654
2 24 13.179 2 9.0137 13.4797 .47 9.1114
2 24 13.4797 .47 9.1114 13.7893 0 9.212
2 24 15.9698 2 .4573 16.2675 .47 .5541
2 24 13.179 2 9.0137 13.3756 3 9.0776
2 24 16.1644 3 .5206 15.9698 2 .4573

0 // intersections to ring side
2 24 4.3011 0 -16.0514 5.7445 0 -15.5626
2 24 2.1686 0 -16.4754 4.3011 0 -16.0514
2 24 0 0 -16.6183 2.1686 0 -16.4754
2 24 16.5751 0 .654 16.6183 0 0
2 24 16.6183 0 0 16.4754 0 -2.1686
2 24 16.0514 0 -4.3011 16.4754 0 -2.1686
2 24 16.0514 0 -4.3011 15.3537 0 -6.3602
2 24 14.3916 0 -8.3091 15.3537 0 -6.3602
2 24 13.0361 0 -10.2869 14.3916 0 -8.3091
2 24 13.7893 0 9.212 13.1851 0 10.1172
2 24 13.1851 0 10.1172 11.7503 0 11.7503
2 24 11.7503 0 11.7503 10.1172 0 13.1851
2 24 10.1172 0 13.1851 8.3091 0 14.3916
2 24 6.3602 0 15.3537 8.3091 0 14.3916
2 24 4.5 0 15.9841 6.3602 0 15.3537

2 24 4.1923 3 -15.6462 5.4867 3 -15.2078
2 24 4.1923 3 -15.6462 2.1141 3 -16.0594
2 24 0 3 -16.1987 2.1141 3 -16.0594
2 24 12.7699 3 9.9551 11.4539 3 11.4539
2 24 11.4539 3 11.4539 9.8616 3 12.8522
2 24 9.8616 3 12.8522 8.0993 3 14.0285
2 24 6.1998 3 14.9663 8.0993 3 14.0285
2 24 6.1998 3 14.9663 5.6327 3 15.1584
2 24 16.0594 3 -2.1141 16.1566 3 -.6398
2 24 15.6462 3 -4.1923 16.0594 3 -2.1141
2 24 15.6462 3 -4.1923 14.9663 3 -6.1998
2 24 14.0285 3 -8.0993 14.9663 3 -6.1998
2 24 14.0285 3 -8.0993 13.4758 3 -8.9275
2 24 16.1987 3 0 16.1566 3 -.6398
2 24 12.8522 3 -9.8616 13.4758 3 -8.9275
2 24 12.7837 3 -9.9395 12.8522 3 -9.8616
2 24 12.8522 3 9.8616 13.3756 3 9.0776
2 24 12.7699 3 9.9551 12.8522 3 9.8616
2 24 5.6327 3 15.1584 4.5 3 15.5419
2 24 16.1644 3 .5206 16.1987 3 0