0 ~Technic Cross Block  2 x  5 (Axle/Pin) with Perpendicular Hole for Worm Gear 6L - Half
0 Name: s\7660s01.dat
0 Author: Gerald Lasser [GeraldLasser]
0 !LDRAW_ORG Subpart UPDATE 2026-01
0 !LICENSE Licensed under CC BY 4.0 : see CAreadme.txt

0 BFC CERTIFY CCW

0 !HISTORY 2026-01-29 [OrionP] Official Update 2026-01

1 16 0 0 0 1 0 0 0 1 0 0 0 1 s\7660s02.dat
1 16 0 0 0 1 0 0 0 1 0 0 0 -1 s\7660s02.dat

1 16 -40 0 0 1 0 0 0 0 1 0 -1 0 connhole.dat
1 16 -40 0 10 0 0 -9 9 0 0 0 -20 0 2-4cylo.dat
4 16 -40 9 10 -30 9 10 -30 9 -10 -40 9 -10
4 16 -16.7 9 -10 -30 9 -10 -30 9 10 -16.7 9 10
4 16 -16.454 9.5 -10 -16.7 9 -10 -16.7 9 10 -16.454 9.5 10
2 24 -16.7 9 -10 -16.7 9 10
5 24 -16.454 9.5 -10 -16.454 9.5 10 -15.0746 11.5672 -10 -16.7 9 -10
1 16 0 0 -10 0 0 -19 19 0 0 0 20 0 48\1-6cylo.dat

1 16 -30 0 -10 0 0 -1 1 0 0 0 12 0 npeghol7a.dat
1 16 -30 0 10 0 0 -1 1 0 0 0 -4 0 npeghol7a.dat
1 16 -20.5 0 -10 0 0 1 1 0 0 0 12 0 npeghol7.dat
1 16 -20.5 0 10 0 0 1 1 0 0 0 -4 0 npeghol7.dat
4 16 -20.5 -6.3639 -10 -30 -6.3639 -10 -30 -6.3639 2 -20.5 -6.3639 2
4 16 -30 -6.3639 2 -30 6.3639 2 -20.5 6.3639 2 -20.5 -6.3639 2
4 16 -30 6.3639 -10 -20.5 6.3639 -10 -20.5 6.3639 2 -30 6.3639 2
4 16 -20.5 6.3639 10 -30 6.3639 10 -30 6.3639 6 -20.5 6.3639 6
4 16 -20.5 -6.3639 6 -20.5 6.3639 6 -30 6.3639 6 -30 -6.3639 6
4 16 -20.5 -6.3639 6 -30 -6.3639 6 -30 -6.3639 10 -20.5 -6.3639 10
2 24 -30 6.3639 2 -20.5 6.3639 2
2 24 -30 -6.3639 2 -20.5 -6.3639 2
2 24 -20.5 6.3639 6 -30 6.3639 6
2 24 -20.5 -6.3639 6 -30 -6.3639 6
4 16 -30 -9 9 -40 -9 10 -40 -9 -10 -30 -9 -9

0 // Bush
3 16 -30 -14 6 -30 -9 9 -30 -14 0
4 16 -30 -14 0 -30 -9 9 -30 -9 -9 -30 -14 -6
1 16 -30 -20 0 0 1 0 0 0 -3 -3 0 0 2-4ring2.dat
1 16 -30 -20 0 0 1 0 0 0 6 -6 0 0 2-4ndis.dat
1 16 -30 -20 0 0 3 0 0 0 -9 -9 0 0 2-4cylo.dat
2 24 -30 -9 9 -30 -9 -9
4 16 -26 -13 7 -26 -13 -7 -26 -9 -7 -26 -9 7

1 16 -26.5 -20 0 0 .5 0 0 0 -1 -1 0 0 2-4con7.dat
1 16 -27 -20 0 0 .5 0 0 0 -1 -1 0 0 2-4con8.dat
1 16 -20 -20 0 0 0 1 0 1 0 -1 0 0 bush0.dat
1 16 -13.5 -20 0 0 -.5 0 0 0 -1 -1 0 0 2-4con7.dat
1 16 -13 -20 0 0 -.5 0 0 0 -1 -1 0 0 2-4con8.dat

1 16 -13 -20 0 0 3 0 0 0 -9 -9 0 0 2-4cylo.dat
1 16 -10 -20 0 0 -1 0 0 0 -3 -3 0 0 2-4ring2.dat
1 16 -26 -20 0 0 -1 0 0 0 7 -7 0 0 2-4ndis.dat

1 16 -14 -20 0 0 1 0 0 0 7 -7 0 0 2-4ndis.dat
4 16 -14 -12.7912 -7 -14 -13 -7 -14 -13 7 -14 -12.7912 7

2 24 -10 -16.1204 -2.0401 -10 -16.1204 2.0401
4 16 -10 -16 -2 -10 -16.1204 -2.0401 -10 -16.1204 2.0401 -10 -16 2
3 16 -10 -16.1204 -2.0401 -10 -16 -2 -10 -14.3977 -2
3 16 -10 -14.3977 2 -10 -14 0 -10 -14.3977 -2

1 16 0 0 -10 0 0 -19 -19 0 0 0 20 0 48\1-16cylo.dat
5 24 -9.5 -16.454 10 -9.5 -16.454 -10 -7.2713 -17.5541 -10 -10 -16.1204 -10

4 16 -9.5 -16.454 -10 -7.2713 -17.5541 -10 -7.2713 -17.5541 10 -9.5 -16.454 10
4 16 -10 -14.3977 2 -10 -14.3977 -2 -10 -16 -2 -10 -16 2
4 16 -10 -16.1204 -2.0401 -9.5 -16.454 -10 -9.5 -16.454 10 -10 -16.1204 2.0401