0 ~Technic Cross Block  2 x  5 (Axle/Pin) with Perpendicular Hole for Worm Gear 6L - Quarter
0 Name: s\7660s02.dat
0 Author: Gerald Lasser [GeraldLasser]
0 !LDRAW_ORG Subpart UPDATE 2026-01
0 !LICENSE Licensed under CC BY 4.0 : see CAreadme.txt

0 BFC CERTIFY CCW

0 !HISTORY 2026-01-29 [OrionP] Official Update 2026-01

4 16 -20.5 6.3639 -10 -30 6.3639 -10 -30 9 -10 -16.7 9 -10
3 16 -18.9679 6.3639 -10 -20.5 6.3639 -10 -16.7 9 -10
3 16 -18.9679 6.3639 -10 -16.7 9 -10 -16.864 6.364 -10
4 16 -30 -9 -10 -30 -6.3639 -10 -20.5 -6.3639 -10 -16.7 -9 -10
3 16 -20.5 -6.3639 -10 -18.9679 -6.3639 -10 -16.7 -9 -10
3 16 -16.7 -9 -10 -18.9679 -6.3639 -10 -16.864 -6.364 -10
2 24 -30 9 -10 -40 9 -10
2 24 -30 9 -10 -16.7 9 -10
2 24 -30 6.3639 -10 -20.5 6.3639 -10
2 24 -20.5 -6.3639 -10 -30 -6.3639 -10
2 24 -16.7 -9 -10 -30 -9 -10
2 24 -40 -9 -10 -30 -9 -10

3 16 -30 -9 -9 -40 -9 -10 -30 -9 -10
4 16 -30 -9 -9 -30 -9 -10 -16.7 -9 -10 -27 -9 -9
3 16 -26 -9 -7 -27 -9 -9 -16.7 -9 -10
4 16 -16.7 -9 -1.5 -26 -9 -1.5 -26 -9 -7 -16.7 -9 -10
2 24 -16.7 -9 -1.5 -16.7 -9 -10
2 24 -30 -9 -9 -27 -9 -9
2 24 -26 -9 -7 -27 -9 -9
2 24 -26 -9 -1.5 -26 -9 -7
2 24 -16.7 -9 -1.5 -26 -9 -1.5

4 16 -30 -20 -9 -30 -20 -6 -30 -14 -6 -30 -9 -9
4 16 -27 -9 -9 -27 -20 -9 -30 -20 -9 -30 -9 -9
4 16 -27 -9 -9 -26 -9 -7 -26 -13 -7 -27 -20 -9
3 16 -26.5 -20 -8 -27 -20 -9 -26 -13 -7
3 16 -26.5 -20 -8 -26 -13 -7 -26 -20 -7
3 16 -16.454 -9.5 -1.5 -15.0746 -11.5672 -1.5 -26 -13.2983 -1.5
4 16 -26 -13.2983 -1.5 -26 -9 -1.5 -16.7 -9 -1.5 -16.454 -9.5 -1.5
4 16 -15.0746 -11.5672 -1.5 -14 -12.7912 -1.5 -14 -13.2983 -1.5 -26 -13.2983 -1.5
2 24 -30 -20 -9 -30 -9 -9
2 24 -27 -20 -9 -27 -9 -9
2 24 -26 -13 -7 -26 -9 -7
2 24 -26 -20 -7 -26 -13 -7
2 24 -14 -13.2983 -1.5 -26 -13.2983 -1.5
2 24 -14 -12.7912 -1.5 -15.0746 -11.5672 -1.5
2 24 -16.454 -9.5 -1.5 -15.0746 -11.5672 -1.5
2 24 -16.454 -9.5 -1.5 -16.7 -9 -1.5
2 24 -14 -13.2983 -1.5 -14 -12.7912 -1.5
2 24 -26 -13.2983 -1.5 -26 -9 -1.5

0 // Centre
4 16 -16.454 -9.5 -10 -16.454 -9.5 -1.5 -16.7 -9 -1.5 -16.7 -9 -10
4 16 -15.0746 -11.5672 -10 -15.0746 -11.5672 -1.5 -16.454 -9.5 -1.5 -16.454 -9.5 -10
4 16 -14 -12.7912 -1.5 -15.0746 -11.5672 -1.5 -15.0746 -11.5672 -10 -14 -12.7912 -7
3 16 -14 -12.7912 -10 -14 -12.7912 -7 -15.0746 -11.5672 -10
4 16 -13 -13.8167 -10 -13 -13.8167 -9 -14 -12.7912 -7 -14 -12.7912 -10
4 16 -13 -13.8167 -9 -13 -13.8167 -10 -10 -16.1204 -10 -10 -16.1204 -9
3 16 -10 -16.1204 -9 -10 -16.1204 -10 -9.5 -16.454 -10
3 16 -10 -16.1204 -9 -9.5 -16.454 -10 -10 -16.1204 -2.0401
2 24 -13 -13.8167 -9 -14 -12.7912 -7
2 24 -14 -12.7912 -1.5 -14 -12.7912 -7
2 24 -13 -13.8167 -9 -10 -16.1204 -9
2 24 -10 -16.1204 -2.0401 -10 -16.1204 -9
4 16 -16.864 6.364 -10 -15.3 3.0432 -10 -15.3 0 -10 -19.5 0 -10
3 16 -15.3 3.0432 -10 -16.864 6.364 -10 -14.1357 5.8553 -10
4 16 -16.864 6.364 -10 -16.7 9 -10 -12.9713 8.6675 -10 -14.1357 5.8553 -10

2 24 -16.7 -9 -10 -16.454 -9.5 -10
2 24 -16.454 -9.5 -10 -15.0746 -11.5672 -10
2 24 -13 -13.8167 -10 -10 -16.1204 -10
2 24 -14 -12.7912 -10 -13 -13.8167 -10
2 24 -14 -12.7912 -10 -15.0746 -11.5672 -10
2 24 -10 -16.1204 -10 -9.5 -16.454 -10
2 24 -9.5 -16.454 -10 -7.2713 -17.5541 -10
5 24 -16.454 -9.5 -10 -16.454 -9.5 -1.5 -16.7 -9 -10 -15.0746 -11.5672 -10
5 24 -15.0746 -11.5672 -10 -15.0746 -11.5672 -1.5 -14 -12.7912 -10 -16.454 -9.5 -10
5 24 -14 -12.7912 -10 -14 -12.7912 -7 -13 -13.8167 -10 -15.0746 -11.5672 -10
5 24 -13 -13.8167 -10 -13 -13.8167 -9 -14 -12.7912 -10 -10 -16.1204 -10
5 24 -10 -16.1204 -10 -10 -16.1204 -9 -9.5 -16.454 -10 -13 -13.8167 -10

4 16 -14 -13 -7 -14 -12.7912 -7 -13 -13.8167 -9 -13 -20 -9
3 16 -13 -20 -9 -13.5 -20 -8 -14 -13 -7
3 16 -14 -13 -7 -13.5 -20 -8 -14 -20 -7
4 16 -10 -16.1204 -9 -10 -20 -9 -13 -20 -9 -13 -13.8167 -9
1 16 -10 -20 0 0 -1 0 0 0 6 -6 0 0 1-8tndis.dat
4 16 -10 -20 -6 -10 -20 -9 -10 -16.1204 -9 -10 -15.7574 -6
2 24 -14 -20 -7 -14 -12.7912 -7
2 24 -13 -20 -9 -13 -13.8167 -9
2 24 -10 -20 -9 -10 -16.1204 -9

1 16 0 0 -10 -15.3 0 0 0 0 -15.3 0 1 0 1-4tang.dat
1 16 -10.5 0 -10 -9 0 0 0 0 -9 0 1 0 1-8chrd.dat
1 16 0 0 -10 -15.3 0 0 0 0 15.3 0 1 0 1-4tang.dat
1 16 -10.5 0 -10 -9 0 0 0 0 9 0 1 0 1-8chrd.dat
1 16 0 0 -10 0 0 -19 -19 0 0 0 1 0 48\1-16chrd.dat
1 16 0 0 -10 0 0 -19 19 0 0 0 1 0 48\1-6chrd.dat

4 16 -16.864 -6.364 -10 -19.5 0 -10 -15.3 0 -10 -15.3 -3.0432 -10
4 16 -16.7 -9 -10 -16.864 -6.364 -10 -15.3 -3.0432 -10 -14.1357 -5.8553 -10
4 16 -16.454 -9.5 -10 -16.7 -9 -10 -14.1357 -5.8553 -10 -12.9713 -8.6675 -10
3 16 -16.454 -9.5 -10 -12.9713 -8.6675 -10 -15.0746 -11.5672 -10
4 16 -10.8186 -10.8186 -10 -14 -12.7912 -10 -15.0746 -11.5672 -10 -12.9713 -8.6675 -10
3 16 -14 -12.7912 -10 -10.8186 -10.8186 -10 -13 -13.8167 -10
4 16 -10 -16.1204 -10 -13 -13.8167 -10 -10.8186 -10.8186 -10 -8.6675 -12.9713 -10
4 16 -5.8553 -14.1357 -10 -9.5 -16.454 -10 -10 -16.1204 -10 -8.6675 -12.9713 -10
4 16 -3.0432 -15.3 -10 -7.2713 -17.5541 -10 -9.5 -16.454 -10 -5.8553 -14.1357 -10
4 16 0 -15.3 -10 0 -19 -10 -7.2713 -17.5541 -10 -3.0432 -15.3 -10
3 16 -3.0432 15.3 -10 0 19 -10 0 15.3 -10
4 16 -10.8186 10.8186 -10 -12.9713 8.6675 -10 -16.7 9 -10 -16.454 9.5 -10
3 16 -10.8186 10.8186 -10 -16.454 9.5 -10 -8.6675 12.9713 -10
3 16 -8.6675 12.9713 -10 -16.454 9.5 -10 0 19 -10
3 16 -8.6675 12.9713 -10 0 19 -10 -5.8553 14.1357 -10
3 16 -5.8553 14.1357 -10 0 19 -10 -3.0432 15.3 -10
2 24 -16.7 9 -10 -16.454 9.5 -10