0 ~Slope Brick 31  1 x  1 x  0.667 - Side Half
0 Name: s\7825s03.dat
0 Author: Gerald Lasser [GeraldLasser]
0 !LDRAW_ORG Subpart UPDATE 2026-01
0 !LICENSE Licensed under CC BY 4.0 : see CAreadme.txt

0 BFC CERTIFY CCW

0 !HISTORY 2026-01-01 [GeraldLasser] Derived from Philo's 54200
0 !HISTORY 2026-01-29 [OrionP] Official Update 2026-01

0 // Bottom and Inside
4 16 4 0 6 4 0 -6 1 0 -9 1 0 9
2 24 4 0 -6 4 0 6
3 16 4 -4.6 -4 4 -4.6 -6 4 0 -6
4 16 4 0 -6 4 0 6 4 -10.6 6 4 -4.6 -4

4 16 0 -1 -10 0 -1 10 1 -1 9 1 -1 -9
2 24 0 -1 10 0 -1 -10

0 // Outside
4 16 0 -13.6 6 0 -13.6 10 0 -1 10 0 -4 -10
3 16 0 -1 -10 0 -4 -10 0 -1 10
4 16 .59 -15.01 8.35 2 -15.6 9.3333 2 -15.6 10 .59 -15.01 10
4 16 0 -13.6 6 .59 -15.01 8.35 .59 -15.01 10 0 -13.6 10
3 16 .59 -15.01 10 2 -15.6 10 0 -13.6 10
2 24 0 -1 10 0 -13.6 10
2 24 0 -13.6 6 0 -4 -10
2 24 .59 -15.01 8.35 0 -13.6 6
2 24 .59 -15.01 10 0 -13.6 10
2 24 2 -15.6 9.3333 .59 -15.01 8.35
2 24 .59 -15.01 10 2 -15.6 10

5 24 .59 -15.01 10 .59 -15.01 8.35 2 -15.6 9.3333 0 -13.6 10
5 24 0 -13.6 6 0 -13.6 10 .59 -15.01 8.35 0 -1 10
5 24 2 -15.6 9.3333 2 -15.6 10 .59 -15.01 10 10 -15.6 9.3333