0 ~Tile  2 x  2 Corner Round with Understud without Top Surface
0 Name: s\7836s01.dat
0 Author: Magnus Forsberg [MagFors]
0 !LDRAW_ORG Subpart UPDATE 2026-01
0 !LICENSE Licensed under CC BY 4.0 : see CAreadme.txt

0 BFC CERTIFY CCW

0 !HISTORY 2026-01-29 [OrionP] Official Update 2026-01

1 16 10 4 -10 1 0 0 0 -1 0 0 0 1 stud4o.dat
1 16 10 4 -10 -8 0 0 0 4 0 0 0 -8 3-4cylo.dat
1 16 10 4 -10 -8 0 0 0 -1 0 0 0 -8 3-4ndis.dat

1 16 10 8 -10 -3.06147 0 -7.39104 0 -1 0 7.39104 0 -3.06147 1-8cylo.dat
0 BFC INVERTNEXT
1 16 -10 7 10 20 0 0 0 -7 0 0 0 -20 1-4cylo.dat
0 BFC INVERTNEXT
1 16 -8.8202 7 8.8202 19.53 0 -.20248 0 1 0 .20248 0 -19.53 1-16cylo.dat
1 16 -8.8202 8 8.8202 19.53 0 -.20248 0 -1 0 .20248 0 -19.53 1-16tang.dat
0 BFC INVERTNEXT
1 16 -8.8202 7 8.8202 -.20248 0 19.53 0 1 0 -19.53 0 .20248 1-16cylo.dat
1 16 -8.8202 8 8.8202 -.20248 0 19.53 0 -1 0 -19.53 0 .20248 1-16tang.dat
4 16 9.1461 7 1.5331 9.1461 8 1.5331 6.9384 8 -2.6088 6.9385 7 -2.609
4 16 -1.5331 7 -9.1461 2.609 7 -6.9386 2.6088 8 -6.9384 -1.5331 8 -9.1461
2 24 -1.5331 8 -9.1461 2.6088 8 -6.9384
2 24 2.6088 8 -6.9384 2.609 7 -6.9386
2 24 2.609 7 -6.9386 -1.5331 7 -9.1461
2 24 6.9384 8 -2.6088 6.9385 7 -2.609

1 16 -10 7 10 1 0 0 0 -1 0 0 0 -1 1-4ring20.dat
1 16 -10 0 10 40 0 0 0 7 0 0 0 -40 48\1-12cylo.dat
1 16 -11.95 7 9 40.95 0 0 0 1 0 0 0 -38 48\1-12cylo.dat
1 16 -11.95 8 9 40.95 0 0 0 -1 0 0 0 -38 48\1-12chrd.dat
3 16 18 4 -18 21.7329 4 -14.3501 14.3505 4 -21.7341

1 16 -10 7 10 1 0 0 0 -1 0 0 0 -1 48\1-12ring39.dat
3 16 24.64 7 -10 22.3182 4 -13.4794 22.3182 7 -13.4794
4 16 24.64 7 -10 24.64 0 -10 22.3182 0 -13.4794 22.3182 4 -13.4794
4 16 22.3182 4 -13.4794 22.3182 0 -13.4794 21.7329 0 -14.3501 21.7329 4 -14.3501
1 16 -10 0 10 24.35046 0 31.73413 0 4 0 -31.73413 0 24.35046 48\1-24cylo.dat
1 16 -10 4 10 24.35046 0 31.73413 0 -1 0 -31.73413 0 24.35046 48\1-24chrd.dat
4 16 14.3505 4 -21.7341 14.3505 0 -21.7341 13.4794 0 -22.3182 13.4794 4 -22.3182
4 16 10 0 -24.64 10 7 -24.64 13.4794 4 -22.3182 13.4794 0 -22.3182
3 16 10 7 -24.64 13.4794 7 -22.3182 13.4794 4 -22.3182
1 16 -10 0 10 0 0 40 0 7 0 -40 0 0 48\1-12cylo.dat
1 16 20 3.5 10 0 0 10 -3.5 0 0 0 -1 0 rect.dat
1 16 -10 3.5 -20 0 1 0 0 0 -3.5 -10 0 0 rect.dat
2 24 22.3182 7 -13.4794 22.3182 4 -13.4794
2 24 22.3182 4 -13.4794 19.8594 4 -11.6931
2 24 24.64 0 -10 21.7329 0 -14.3501
2 24 14.3505 0 -21.7341 10 0 -24.64
2 24 22.3182 4 -13.4794 21.7329 4 -14.3501
2 24 14.3505 4 -21.7341 13.4794 4 -22.3182
2 24 24.64 7 -10 22.3182 7 -13.4794
2 24 13.4794 7 -22.3182 10 7 -24.64
5 24 24.64 0 -10 24.64 7 -10 26.956 0 -5.308 21.7329 0 -14.3501
5 24 21.7329 0 -14.3501 21.7329 4 -14.3501 24.64 0 -10 18.2824 0 -18.2835
5 24 14.3505 0 -21.7341 14.3505 4 -21.7341 18.2824 0 -18.2835 10 0 -24.64
5 24 10 0 -24.64 10 7 -24.64 14.3505 0 -21.7341 5.308 0 -26.956
1 16 19.8549 7.5 9.0114 0 0 9.1451 -.5 0 0 0 -1 -.01135 rect.dat
4 16 29 7 10 28.9341 7 9 10.8057 7 9.0226 11 7 10
2 24 23.5127 7 -10 21.5263 7 -12.896
2 24 21.5263 7 -12.896 21.5263 8 -12.896
2 24 23.5127 8 -10 21.5263 8 -12.896
4 16 21.5263 8 -12.896 23.5127 8 -10 23.5127 7 -10 21.5263 7 -12.896
4 16 21.5263 7 -12.896 23.774 7 -9.5 24.64 7 -10 22.3182 7 -13.4794
2 24 21.5263 8 -12.896 19.8594 8 -11.6931
4 16 21.5263 7 -12.896 19.8594 4 -11.6931 19.8594 8 -11.6931 21.5263 8 -12.896
4 16 19.8594 4 -11.6931 21.5263 7 -12.896 22.3182 7 -13.4794 22.3182 4 -13.4794
3 16 19.8594 8 -11.6931 23.5127 8 -10 21.5263 8 -12.896
3 16 23.5127 8 -10 19.8594 8 -11.6931 25.5434 8 -2.2962
3 16 26 8 6 29 8 9 26 8 0
3 16 23.5127 8 -10 25.5434 8 -2.2962 29 8 9
3 16 29 8 9 25.5434 8 -2.2962 26 8 0
4 16 29 8 9 26 8 6 13.2158 8 6.0224 10.7098 8 9.0227
4 16 13.2158 8 6.0224 12.6123 8 3.1923 10.6695 8 5.1382 10.7098 8 9.0227
2 24 26 8 6 26 8 0
2 24 19.8594 8 -11.6931 25.5434 8 -2.2962
2 24 25.5434 8 -2.2962 26 8 0
4 16 26 8 6 26 8 0 26 4 0 26 4 6
4 16 26 8 0 25.5434 8 -2.2962 25.5434 4 -2.2962 26 4 0
4 16 25.5434 8 -2.2962 19.8594 8 -11.6931 19.8594 4 -11.6931 25.5434 4 -2.2962
2 24 13.2158 8 6.0224 13.2158 4 6.0224
2 24 12.6123 8 3.1923 11.4363 8 .4435
2 24 13.2158 8 6.0224 12.6123 8 3.1923
2 24 12.6176 4 3.204 11.4462 4 .4658
2 24 13.2158 4 6.0224 12.6176 4 3.204
4 16 11.4462 4 .4658 11.4363 8 .4435 12.6123 8 3.1923 12.6176 4 3.204
4 16 13.2158 8 6.0224 13.2158 4 6.0224 12.6176 4 3.204 12.6123 8 3.1923

1 16 19.6079 6 6.0112 0 0 6.39215 2 0 0 0 1 -.01115 rect3.dat
5 24 26 8 0 26 4 0 25.5434 8 -2.2962 26 8 6
5 24 25.5434 8 -2.2962 25.5434 4 -2.2962 19.8594 8 -11.6931 26 8 0
2 24 26 4 6 26 4 0
2 24 19.8594 4 -11.6931 25.5434 4 -2.2962
2 24 25.5434 4 -2.2962 26 4 0
3 16 19.8594 4 -11.6931 22.3182 4 -13.4794 21.7329 4 -14.3501
4 16 19.8594 4 -11.6931 18 4 -10 18 4 -2 25.5434 4 -2.2962
4 16 13.2158 4 6.0224 26 4 6 18 4 -2 12.6176 4 3.204
3 16 11.4462 4 .4658 12.6176 4 3.204 18 4 -2
4 16 25.5434 4 -2.2962 18 4 -2 26 4 6 26 4 0
3 16 11.4462 4 .4658 18 4 -2 10 4 -2
4 16 11.4462 4 .4658 10 4 -2 10 8 -2 11.4363 8 .4435
4 16 19.8594 4 -11.6931 21.7329 4 -14.3501 18 4 -18 18 4 -10
2 24 11.4462 4 .4658 10 4 -2
2 24 11.4363 8 .4435 10 8 -2
2 24 9.1461 8 1.5331 6.9384 8 -2.6088
2 24 9.1461 7 1.5331 6.9385 7 -2.609

2 24 21.5263 7 -12.896 22.3182 7 -13.4794
2 24 13.4794 7 -22.3182 13.4794 4 -22.3182
2 24 13.4794 4 -22.3182 11.6931 4 -19.8594
2 24 12.896 7 -21.5263 12.896 8 -21.5263
2 24 10 8 -23.5127 12.896 8 -21.5263
2 24 12.896 8 -21.5263 11.6931 8 -19.8594
4 16 11.6931 8 -19.8594 11.6931 4 -19.8594 12.896 7 -21.5263 12.896 8 -21.5263
4 16 13.4794 7 -22.3182 12.896 7 -21.5263 11.6931 4 -19.8594 13.4794 4 -22.3182
3 16 10 8 -23.5127 11.6931 8 -19.8594 12.896 8 -21.5263
3 16 11.6931 8 -19.8594 10 8 -23.5127 2.2962 8 -25.5434
3 16 -9 8 -29 -6 8 -26 0 8 -26
3 16 2.2962 8 -25.5434 10 8 -23.5127 -9 8 -29
3 16 2.2962 8 -25.5434 -9 8 -29 0 8 -26
4 16 -6.0224 8 -13.2156 -6 8 -26 -9 8 -29 -9.0228 8 -10.7098
2 24 -6 8 -26 0 8 -26
2 24 11.6931 8 -19.8594 2.2962 8 -25.5434
2 24 2.2962 8 -25.5434 0 8 -26
4 16 0 4 -26 0 8 -26 -6 8 -26 -6 4 -26
4 16 2.2962 4 -25.5434 2.2962 8 -25.5434 0 8 -26 0 4 -26
4 16 11.6931 4 -19.8594 11.6931 8 -19.8594 2.2962 8 -25.5434 2.2962 4 -25.5434
2 24 -6.0224 4 -13.2156 -6.0224 8 -13.2156
2 24 -3.3108 4 -12.6475 -.5559 4 -11.486
2 24 -6.0224 4 -13.2156 -3.3108 4 -12.6475
2 24 -3.3108 8 -12.6475 -.5559 8 -11.486
2 24 -6.0224 8 -13.2156 -3.3108 8 -12.6475
4 16 -6.0224 8 -13.2156 -3.3108 8 -12.6475 -3.3108 4 -12.6475 -6.0224 4 -13.2156
4 16 -.5559 4 -11.486 -3.3108 4 -12.6475 -3.3108 8 -12.6475 -.5559 8 -11.486

1 16 -6.0112 6 -19.6078 0 -1 .01115 -2 0 0 0 0 -6.3922 rect3.dat
5 24 0 8 -26 0 4 -26 2.2962 8 -25.5434 -6 8 -26
5 24 2.2962 8 -25.5434 2.2962 4 -25.5434 11.6931 8 -19.8594 0 8 -26
2 24 -6 4 -26 0 4 -26
2 24 11.6931 4 -19.8594 2.2962 4 -25.5434
2 24 2.2962 4 -25.5434 0 4 -26
3 16 14.3505 4 -21.7341 13.4794 4 -22.3182 11.6931 4 -19.8594
4 16 2.2962 4 -25.5434 0 4 -26 -6 4 -26 2 4 -18
4 16 11.6931 4 -19.8594 2.2962 4 -25.5434 2 4 -18 10 4 -18
4 16 -.5559 4 -11.486 2 4 -18 -6 4 -26 -3.3108 4 -12.6475
3 16 -6.0224 4 -13.2156 -3.3108 4 -12.6475 -6 4 -26
3 16 2 4 -18 -.5559 4 -11.486 2 4 -10
4 16 -.5559 4 -11.486 -.5559 8 -11.486 2 8 -10 2 4 -10
4 16 11.6931 4 -19.8594 10 4 -18 18 4 -18 14.3505 4 -21.7341
2 24 -.5559 4 -11.486 2 4 -10
2 24 -.5559 8 -11.486 2 8 -10
2 24 19.8594 4 -11.6931 19.8594 8 -11.6931
2 24 11.6931 4 -19.8594 11.6931 8 -19.8594
5 24 9.1461 7 1.5331 9.1461 8 1.5331 6.9384 8 -2.6088 10.7098 8 9.0227
5 24 -1.5331 8 -9.1461 -1.5331 7 -9.1461 -9.0228 8 -10.7098 2.6088 8 -6.9384

2 24 12.896 7 -21.5263 13.4794 7 -22.3182
1 16 -9 7 11.95 0 0 38 0 1 0 -40.95 0 0 48\1-12cylo.dat
1 16 -9 8 11.95 0 0 38 0 -1 0 -40.95 0 0 48\1-12chrd.dat
1 16 -10 7 10 0 0 1 0 -1 0 -1 0 0 48\1-12ring39.dat
4 16 -9.0226 7 -10.8057 -9 7 -28.9341 -10 7 -29 -10 7 -11
4 16 10 7 -24.64 9.5 7 -23.774 12.896 7 -21.5263 13.4794 7 -22.3182
1 16 -9.0114 7.5 -19.8549 0 1 -.01135 -.5 0 0 0 0 9.1451 rect.dat
4 16 12.896 7 -21.5263 10 7 -23.5127 10 8 -23.5127 12.896 8 -21.5263
2 24 10 7 -23.5127 12.896 7 -21.5263
4 16 2.6088 8 -6.9384 2 8 -10 -.5559 8 -11.486 -1.5331 8 -9.1461
4 16 -5.1382 8 -10.6695 -3.3108 8 -12.6475 -6.0224 8 -13.2156 -9.0228 8 -10.7098
4 16 -1.5331 8 -9.1461 -.5559 8 -11.486 -3.3108 8 -12.6475 -5.1382 8 -10.6695
4 16 12.6123 8 3.1923 11.4363 8 .4435 9.1461 8 1.5331 10.6695 8 5.1382
4 16 6.9384 8 -2.6088 9.1461 8 1.5331 11.4363 8 .4435 10 8 -2
5 24 23.5127 8 -10 23.5127 7 -10 21.5263 8 -12.896 25.8837 8 -5.5426
5 24 10 7 -23.5127 10 8 -23.5127 12.896 7 -21.5263 5.5426 8 -25.8837
3 16 2.609 7 -6.9386 -1.9633 7 -9.4019 4.8491 7 -4.8491
3 16 6.9385 7 -2.609 4.8491 7 -4.8491 9.4019 7 1.9633