0 ~Flower Petal with 4 Leaves and Yellow Center
0 Name: s\87079p0qs01.dat
0 Author: Chris Böhnke [KnightOfTarenta]
0 !LDRAW_ORG Subpart UPDATE 2025-08
0 !LICENSE Licensed under CC BY 4.0 : see CAreadme.txt

0 BFC CERTIFY CCW

0 !HISTORY 2025-08-31 [OrionP] Official Update 2025-08

0 // Center
1 14 0 0 0 1.9 0 0 0 1 0 0 0 1.9 4-4disc.dat

0 // Petals
1 16 0 0 2 1.5 0 0 0 1 0 0 0 1.5 2-4chrd.dat
1 16 2 0 0 0 0 1.5 0 1 0 -1.5 0 0 2-4chrd.dat
1 16 0 0 -2 -1.5 0 0 0 1 0 0 0 -1.5 2-4chrd.dat
1 16 -2 0 0 0 0 -1.5 0 1 0 1.5 0 0 2-4chrd.dat
1 16 0 0 0 1.9 0 0 0 1 0 0 0 1.9 1-8tndis.dat
1 16 0 0 0 1.9 0 0 0 1 0 0 0 -1.9 1-8tndis.dat
1 16 0 0 0 -1.9 0 0 0 1 0 0 0 1.9 1-8tndis.dat
1 16 0 0 0 -1.9 0 0 0 1 0 0 0 -1.9 1-8tndis.dat
1 16 0 0 0 0 0 1.9 0 1 0 -1.9 0 0 1-8tndis.dat
1 16 0 0 0 0 0 -1.9 0 1 0 -1.9 0 0 1-8tndis.dat
1 16 0 0 0 0 0 1.9 0 1 0 1.9 0 0 1-8tndis.dat
1 16 0 0 0 0 0 -1.9 0 1 0 1.9 0 0 1-8tndis.dat
3 16 -1.9 0 0 -2 0 -1.5 -1.9 0 -1.34349
3 16 -1.34349 0 -1.9 -1.5 0 -2 0 0 -1.9
3 16 1.9 0 0 2 0 1.5 1.9 0 1.34349
3 16 1.5 0 2 0 0 1.9 1.34349 0 1.9
4 16 -2 0 -1.5 -1.5 0 -1.5 -1.34349 0 -1.34349 -1.9 0 -1.34349
4 16 -1.5 0 -2 1.5 0 -2 1.34349 0 -1.9 0 0 -1.9
4 16 1.5 0 -2 1.5 0 -1.5 1.34349 0 -1.34349 1.34349 0 -1.9
4 16 2 0 1.5 1.5 0 1.5 1.34349 0 1.34349 1.9 0 1.34349
4 16 -1.34349 0 1.34349 -1.34349 0 1.9 -1.5 0 2 -1.5 0 1.5
4 16 -1.34349 0 1.34349 -1.5 0 1.5 -2 0 1.5 -1.9 0 1.34349
4 16 -2 0 -1.5 -1.9 0 0 -1.9 0 1.34349 -2 0 1.5
4 16 -1.5 0 -2 -1.34349 0 -1.9 -1.34349 0 -1.34349 -1.5 0 -1.5
4 16 2 0 -1.5 1.9 0 -1.34349 1.34349 0 -1.34349 1.5 0 -1.5
4 16 1.9 0 -1.34349 2 0 -1.5 2 0 1.5 1.9 0 0
4 16 1.5 0 2 1.34349 0 1.9 1.34349 0 1.34349 1.5 0 1.5
4 16 -1.34349 0 1.9 0 0 1.9 1.5 0 2 -1.5 0 2