0 ~Flower Stalk with 3 Branches
0 Name: s\87079p0qs03.dat
0 Author: Chris Böhnke [KnightOfTarenta]
0 !LDRAW_ORG Subpart UPDATE 2025-08
0 !LICENSE Licensed under CC BY 4.0 : see CAreadme.txt

0 BFC CERTIFY CCW

0 !HISTORY 2025-08-31 [OrionP] Official Update 2025-08

1 16 0 0 -9.5 -.4 0 0 0 1 0 0 0 -.4 2-4chrd.dat
3 16 -3.5 0 -4.75912 -3.34088 0 -4.6 -3.5 0 -4.6
3 16 3.34088 0 -4.6 3.5 0 -4.75912 3.5 0 -4.6
4 16 -3.62176 0 -5.0532 -3.0468 0 -4.47824 -3.19384 0 -4.53912 -3.56088 0 -4.90616
4 16 -3.56088 0 -4.90616 -3.19384 0 -4.53912 -3.34088 0 -4.6 -3.5 0 -4.75912
4 16 3.19384 0 -4.53912 3.0468 0 -4.47824 3.62176 0 -5.0532 3.56088 0 -4.90616
4 16 3.34088 0 -4.6 3.19384 0 -4.53912 3.56088 0 -4.90616 3.5 0 -4.75912
4 16 -.4 0 -8.266 -.4 0 -7.134 -3.0468 0 -4.47824 -3.62176 0 -5.0532
4 16 3.0468 0 -4.47824 .4 0 -7.134 .4 0 -8.266 3.62176 0 -5.0532
4 16 -.4 0 -7.134 .4 0 -7.134 .4 0 -4.4 -.4 0 -4.4
4 16 .4 0 -8.266 -.4 0 -8.266 -.4 0 -9.5 .4 0 -9.5
4 16 -.4 0 -7.134 -.4 0 -8.266 .4 0 -8.266 .4 0 -7.134