0 ~Animal Camel Eye Pattern
0 Name: s\88298p01s01.dat
0 Author: Magnus Forsberg [MagFors]
0 !LDRAW_ORG Subpart UPDATE 2026-01
0 !LICENSE Licensed under CC BY 4.0 : see CAreadme.txt

0 BFC CERTIFY CCW

0 !HISTORY 2026-01-29 [OrionP] Official Update 2026-01

4 15 11.29 -30.663 -100.114 10.758 -30.5 -100.861 10.759 -30.209 -100.803 10.839 -29.962 -100.638
4 15 11.29 -30.663 -100.114 10.839 -29.962 -100.638 10.986 -29.797 -100.391 11.177 -29.739 -100.1
4 15 11.29 -30.663 -100.114 11.177 -29.739 -100.1 11.384 -29.797 -99.809 11.574 -29.962 -99.562
4 15 11.29 -30.663 -100.114 11.574 -29.962 -99.562 11.719 -30.209 -99.397 11.797 -30.5 -99.339
4 15 11.29 -30.663 -100.114 11.796 -30.791 -99.397 11.714 -31.038 -99.562 11.566 -31.203 -99.809
4 15 11.29 -30.663 -100.114 11.566 -31.203 -99.809 11.375 -31.261 -100.1 11.168 -31.203 -100.391
4 15 11.29 -30.663 -100.114 11.168 -31.203 -100.391 10.979 -31.038 -100.638 10.835 -30.791 -100.803
4 0 11.384 -29.797 -99.809 11.762 -28.49 -99 12.086 -29.162 -98.656 11.574 -29.962 -99.562
4 0 11.574 -29.962 -99.562 12.086 -29.162 -98.656 12.274 -29.955 -98.535 11.719 -30.209 -99.397
4 0 11.797 -30.5 -99.339 11.719 -30.209 -99.397 12.274 -29.955 -98.535 12.294 -30.79 -98.667
4 0 11.714 -31.038 -99.562 11.796 -30.791 -99.397 12.256 -31.04 -98.769 11.666 -32.154 -99.838
3 0 11.666 -32.154 -99.838 11.566 -31.203 -99.809 11.714 -31.038 -99.562
3 0 11.666 -32.154 -99.838 11.375 -31.261 -100.1 11.566 -31.203 -99.809
4 0 10.979 -31.038 -100.638 11.168 -31.203 -100.391 11.666 -32.154 -99.838 10.201 -30.526 -101.683
3 0 10.979 -31.038 -100.638 10.201 -30.526 -101.683 10.835 -30.791 -100.803
4 0 10.119 -30.838 -101.656 10.201 -30.526 -101.683 11.666 -32.154 -99.838 11.228 -32.147 -100.234
4 0 11.393 -27.98 -99.664 10.201 -30.526 -101.683 10.286 -29.955 -101.708 10.463 -29.162 -101.587
3 0 10.201 -30.526 -101.683 10.839 -29.962 -100.638 10.759 -30.209 -100.803
4 0 10.839 -29.962 -100.638 10.201 -30.526 -101.683 11.489 -28.159 -99.337 10.986 -29.797 -100.391
4 0 11.393 -27.98 -99.664 10.463 -29.162 -101.587 10.706 -28.49 -101.243 10.977 -28.04 -100.729
3 0 10.986 -29.797 -100.391 11.489 -28.159 -99.337 11.177 -29.739 -100.1
3 0 10.977 -28.04 -100.729 11.228 -27.922 -100.122 11.393 -27.98 -99.664
4 0 11.384 -29.797 -99.809 11.177 -29.739 -100.1 11.489 -28.159 -99.337 11.762 -28.49 -99
3 0 10.201 -30.526 -101.683 11.393 -27.98 -99.664 11.489 -28.159 -99.337
3 0 10.201 -30.526 -101.683 10.759 -30.209 -100.803 10.758 -30.5 -100.861
3 0 11.666 -32.154 -99.838 11.168 -31.203 -100.391 11.375 -31.261 -100.1
4 0 8.6 -33.277 -102.35 8.713 -32.799 -102.404 8.981 -33.097 -102.022 8.795 -33.69 -102
4 0 8.795 -33.69 -102 8.981 -33.097 -102.022 9.301 -33.447 -101.566 9.136 -34.01 -101.534
4 0 11.232 -34.146 -99.583 11.027 -33.701 -99.912 11.747 -33.468 -99.34 12.026 -33.807 -98.979
4 0 12.026 -33.807 -98.979 11.747 -33.468 -99.34 12.259 -33.224 -98.958 12.607 -33.436 -98.576
4 0 12.578 -33.012 -98.661 12.722 -33.012 -98.449 12.809 -33.182 -98.354 12.734 -33.341 -98.493
4 0 10.119 -30.838 -101.656 10.805 -32.1 -100.63 10.24 -31.9 -101.203 9.896 -31.686 -101.582
4 0 12.68 -31.546 -98.241 12.305 -31.893 -98.854 12.353 -31.076 -98.634 12.63 -30.833 -98.184
4 0 12.97 -31.109 -97.736 12.68 -31.546 -98.241 12.63 -30.833 -98.184 13.075 -30.889 -97.542
4 0 12.832 -30.588 -97.84 12.977 -30.598 -97.629 13.079 -30.767 -97.512 13.075 -30.889 -97.542
4 0 9.68 -33.68 -101.131 9.702 -34.242 -100.93 9.264 -34.086 -101.374 9.412 -33.524 -101.423
4 0 9.412 -33.524 -101.423 9.264 -34.086 -101.374 9.136 -34.01 -101.534 9.301 -33.447 -101.566
3 0 12.734 -33.341 -98.493 12.512 -33.094 -98.773 12.578 -33.012 -98.661
4 0 12.607 -33.436 -98.576 12.259 -33.224 -98.958 12.512 -33.094 -98.773 12.734 -33.341 -98.493
4 0 10.119 -30.838 -101.656 9.896 -31.686 -101.582 9.672 -31.452 -101.897 10.02 -30.868 -101.747
4 0 9.672 -31.452 -101.897 9.541 -31.215 -102.118 9.95 -30.788 -101.848 10.02 -30.868 -101.747
4 0 9.541 -31.215 -102.118 9.587 -30.914 -102.377 9.942 -30.692 -101.973 9.95 -30.788 -101.848
4 0 9.933 -30.493 -102.218 9.942 -30.692 -101.973 9.587 -30.914 -102.377 9.743 -30.47 -102.597
4 0 9.837 -30.301 -102.469 9.933 -30.493 -102.218 9.743 -30.47 -102.597 9.768 -30.358 -102.585
3 0 13.075 -30.889 -97.542 12.63 -30.833 -98.184 12.832 -30.588 -97.84
3 0 9.702 -34.242 -100.93 9.68 -33.68 -101.131 10.009 -33.747 -100.813
4 0 9.702 -34.242 -100.93 10.009 -33.747 -100.813 10.353 -33.774 -100.495 10.039 -34.288 -100.612
4 0 10.353 -33.774 -100.495 10.683 -33.757 -100.204 10.39 -34.295 -100.294 10.039 -34.288 -100.612
4 0 10.39 -34.295 -100.294 10.683 -33.757 -100.204 11.027 -33.701 -99.912 10.804 -34.24 -99.939
3 0 10.804 -34.24 -99.939 11.027 -33.701 -99.912 11.232 -34.146 -99.583
4 0 8.6 -33.277 -102.35 8.557 -32.894 -102.532 8.623 -32.826 -102.488 8.713 -32.799 -102.404
4 0 12.256 -31.04 -98.769 12.353 -31.076 -98.634 12.305 -31.893 -98.854 11.953 -32.089 -99.406
3 15 11.29 -30.663 -100.114 10.785 -30.6 -100.841 10.758 -30.5 -100.861
3 15 10.835 -30.791 -100.803 10.785 -30.6 -100.841 11.29 -30.663 -100.114
3 0 10.785 -30.6 -100.841 10.201 -30.526 -101.683 10.758 -30.5 -100.861
3 0 10.835 -30.791 -100.803 10.201 -30.526 -101.683 10.785 -30.6 -100.841
3 15 11.796 -30.791 -99.397 11.29 -30.663 -100.114 11.796 -30.727 -99.384
3 15 11.796 -30.727 -99.384 11.29 -30.663 -100.114 11.797 -30.5 -99.339
4 0 11.796 -30.791 -99.397 11.796 -30.727 -99.384 12.294 -30.79 -98.667 12.256 -31.04 -98.769
3 0 12.294 -30.79 -98.667 11.796 -30.727 -99.384 11.797 -30.5 -99.339
3 0 11.228 -32.147 -100.234 10.805 -32.1 -100.63 10.119 -30.838 -101.656
3 0 11.666 -32.154 -99.838 12.256 -31.04 -98.769 11.953 -32.089 -99.406
3 16 6.007 -34.905 -104.444 8.557 -32.894 -102.532 8.6 -33.277 -102.35
3 16 6.007 -34.905 -104.444 8.6 -33.277 -102.35 8.795 -33.69 -102
4 16 6.007 -34.905 -104.444 8.795 -33.69 -102 9.136 -34.01 -101.534 8.909 -35.435 -101.257
3 16 8.909 -35.435 -101.257 9.136 -34.01 -101.534 9.264 -34.086 -101.374
3 16 8.909 -35.435 -101.257 9.264 -34.086 -101.374 9.702 -34.242 -100.93
3 16 8.909 -35.435 -101.257 9.702 -34.242 -100.93 10.039 -34.288 -100.612
3 16 8.909 -35.435 -101.257 10.039 -34.288 -100.612 10.39 -34.295 -100.294
4 16 8.909 -35.435 -101.257 10.39 -34.295 -100.294 10.804 -34.24 -99.939 13.616 -34.321 -97.382
3 16 13.616 -34.321 -97.382 10.804 -34.24 -99.939 11.232 -34.146 -99.583
3 16 13.616 -34.321 -97.382 11.232 -34.146 -99.583 12.026 -33.807 -98.979
3 16 13.616 -34.321 -97.382 12.026 -33.807 -98.979 12.607 -33.436 -98.576
3 16 13.616 -34.321 -97.382 12.607 -33.436 -98.576 12.734 -33.341 -98.493
4 16 13.616 -34.321 -97.382 12.734 -33.341 -98.493 12.809 -33.182 -98.354 15.032 -31.136 -94.722
4 16 15.032 -31.136 -94.722 12.809 -33.182 -98.354 12.722 -33.012 -98.449 12.68 -31.546 -98.241
3 16 12.68 -31.546 -98.241 12.97 -31.109 -97.736 15.032 -31.136 -94.722
3 16 15.032 -31.136 -94.722 12.97 -31.109 -97.736 13.075 -30.889 -97.542
3 16 15.032 -31.136 -94.722 13.075 -30.889 -97.542 13.079 -30.767 -97.512
4 16 15.032 -31.136 -94.722 13.079 -30.767 -97.512 12.977 -30.598 -97.629 13.854 -23.814 -95.028
4 16 12.086 -29.162 -98.656 13.854 -23.814 -95.028 12.977 -30.598 -97.629 12.274 -29.955 -98.535
3 16 12.977 -30.598 -97.629 12.832 -30.588 -97.84 12.274 -29.955 -98.535
4 16 12.294 -30.79 -98.667 12.274 -29.955 -98.535 12.832 -30.588 -97.84 12.63 -30.833 -98.184
4 16 12.294 -30.79 -98.667 12.63 -30.833 -98.184 12.353 -31.076 -98.634 12.256 -31.04 -98.769
3 16 12.086 -29.162 -98.656 11.762 -28.49 -99 13.854 -23.814 -95.028
3 16 11.762 -28.49 -99 11.489 -28.159 -99.337 13.854 -23.814 -95.028
4 16 13.854 -23.814 -95.028 11.489 -28.159 -99.337 11.393 -27.98 -99.664 11.158 -24.153 -101.935
3 16 11.393 -27.98 -99.664 11.228 -27.922 -100.122 11.158 -24.153 -101.935
3 16 10.977 -28.04 -100.729 11.158 -24.153 -101.935 11.228 -27.922 -100.122
3 16 10.706 -28.49 -101.243 11.158 -24.153 -101.935 10.977 -28.04 -100.729
3 16 10.463 -29.162 -101.587 11.158 -24.153 -101.935 10.706 -28.49 -101.243
3 16 10.286 -29.955 -101.708 11.158 -24.153 -101.935 10.463 -29.162 -101.587
4 16 9.837 -30.301 -102.469 11.158 -24.153 -101.935 10.286 -29.955 -101.708 9.933 -30.493 -102.218
4 16 11.158 -24.153 -101.935 9.837 -30.301 -102.469 9.768 -30.358 -102.585 8.47 -30.315 -105.136
3 16 9.743 -30.47 -102.597 8.47 -30.315 -105.136 9.768 -30.358 -102.585
4 16 8.47 -30.315 -105.136 9.743 -30.47 -102.597 9.587 -30.914 -102.377 6.007 -34.905 -104.444
3 16 6.007 -34.905 -104.444 9.587 -30.914 -102.377 9.541 -31.215 -102.118
4 16 6.007 -34.905 -104.444 9.541 -31.215 -102.118 8.623 -32.826 -102.488 8.557 -32.894 -102.532
4 16 8.713 -32.799 -102.404 8.623 -32.826 -102.488 9.541 -31.215 -102.118 9.672 -31.452 -101.897
4 16 8.981 -33.097 -102.022 8.713 -32.799 -102.404 9.672 -31.452 -101.897 9.896 -31.686 -101.582
4 16 9.301 -33.447 -101.566 8.981 -33.097 -102.022 9.896 -31.686 -101.582 9.412 -33.524 -101.423
3 16 9.412 -33.524 -101.423 9.896 -31.686 -101.582 10.24 -31.9 -101.203
4 16 9.412 -33.524 -101.423 10.24 -31.9 -101.203 10.805 -32.1 -100.63 9.68 -33.68 -101.131
4 16 10.009 -33.747 -100.813 9.68 -33.68 -101.131 10.805 -32.1 -100.63 10.353 -33.774 -100.495
4 16 10.353 -33.774 -100.495 10.805 -32.1 -100.63 11.228 -32.147 -100.234 10.683 -33.757 -100.204
4 16 11.027 -33.701 -99.912 10.683 -33.757 -100.204 11.228 -32.147 -100.234 11.747 -33.468 -99.34
4 16 11.747 -33.468 -99.34 11.228 -32.147 -100.234 11.666 -32.154 -99.838 12.259 -33.224 -98.958
3 16 12.259 -33.224 -98.958 11.666 -32.154 -99.838 12.512 -33.094 -98.773
4 16 12.578 -33.012 -98.661 12.512 -33.094 -98.773 11.666 -32.154 -99.838 11.953 -32.089 -99.406
4 16 12.578 -33.012 -98.661 11.953 -32.089 -99.406 12.305 -31.893 -98.854 12.722 -33.012 -98.449
3 16 12.722 -33.012 -98.449 12.305 -31.893 -98.854 12.68 -31.546 -98.241
3 16 10.201 -30.526 -101.683 9.933 -30.493 -102.218 10.286 -29.955 -101.708
4 16 9.942 -30.692 -101.973 9.933 -30.493 -102.218 10.201 -30.526 -101.683 9.95 -30.788 -101.848
4 16 10.02 -30.868 -101.747 9.95 -30.788 -101.848 10.201 -30.526 -101.683 10.119 -30.838 -101.656