0 ~Animal Camel Head Half - without Patternable Area
0 Name: s\88298s02.dat
0 Author: Gerald Lasser [GeraldLasser]
0 !LDRAW_ORG Subpart UPDATE 2026-01
0 !LICENSE Licensed under CC BY 4.0 : see CAreadme.txt

0 BFC CERTIFY CCW

0 !HISTORY 2026-01-29 [OrionP] Official Update 2026-01

3 16 7.151 -29.877 -108.856 4.119 -34.143 -108.265 3.788 -32.896 -115.633
3 16 6.258 -29.605 -115.748 7.151 -29.877 -108.856 3.788 -32.896 -115.633
3 16 7.151 -29.877 -108.856 6.007 -34.905 -104.444 4.119 -34.143 -108.265
3 16 8.47 -30.315 -105.136 6.007 -34.905 -104.444 7.151 -29.877 -108.856
3 16 14.508 -23.466 -90.004 14.373 -30.988 -89.139 15.032 -31.136 -94.722
3 16 14.508 -23.466 -90.004 15.032 -31.136 -94.722 13.854 -23.814 -95.028
3 16 14.508 -23.466 -90.004 13.426 -17.673 -83.399 13.714 -25.071 -82.429
3 16 14.508 -23.466 -90.004 13.714 -25.071 -82.429 14.325 -27.331 -85.144
3 16 14.508 -23.466 -90.004 14.334 -27.982 -85.488 14.373 -30.988 -89.139
3 16 14.334 -27.982 -85.488 14.508 -23.466 -90.004 14.325 -27.331 -85.144
3 16 14.373 -30.988 -89.139 14.334 -27.982 -85.488 13.871 -30.676 -86.501
3 16 6.258 -29.605 -115.748 3.788 -32.896 -115.633 5.128 -31.475 -119.49
3 16 5.128 -31.475 -119.49 6.457 -29.365 -119.17 6.258 -29.605 -115.748
3 16 5 -19.021 -123.554 1.913 -17.326 -125.206 2.035 -15.742 -122.987
3 16 4.315 -16.754 -118.393 7.596 -20.916 -121.401 2.839 -15.512 -120.486
3 16 4.785 -17.416 -116.154 3.274 -14.123 -105.041 8.32 -20.483 -108.68
3 16 4.785 -17.416 -116.154 8.32 -20.483 -108.68 8.061 -21.631 -115.836
3 16 8.32 -20.483 -108.68 3.274 -14.123 -105.041 9.981 -17.584 -101.674
3 16 11.831 -14.551 -95.199 4.144 -10.445 -95.781 7.611 -10.204 -90.784
3 16 7.611 -10.204 -90.784 12.719 -13.98 -90.131 11.831 -14.551 -95.199
3 16 12.719 -13.98 -90.131 7.611 -10.204 -90.784 8.41 -13.351 -82.3
3 16 8.41 -13.351 -82.3 13.426 -17.673 -83.399 12.719 -13.98 -90.131
4 16 13.409 -24.374 -79.477 13.426 -17.673 -83.399 7.498 -16.825 -77.332 7.76 -23.066 -73.985
3 16 8.41 -13.351 -82.3 7.498 -16.825 -77.332 13.426 -17.673 -83.399
4 16 0 -22.924 -126.045 3.076 -20.421 -126.218 4.476 -22.401 -125.425 2.644 -25.398 -124.936
3 16 4.476 -22.401 -125.425 3.076 -20.421 -126.218 5 -19.021 -123.554
3 16 3.076 -20.421 -126.218 1.913 -17.326 -125.206 5 -19.021 -123.554
4 16 0 -15.67 -123.09 2.035 -15.742 -122.987 1.913 -17.326 -125.206 0 -17.326 -125.363
3 16 4.315 -16.754 -118.393 0 -15.394 -120.409 4.785 -17.416 -116.154
3 16 4.315 -16.754 -118.393 2.839 -15.512 -120.486 0 -15.394 -120.409
3 16 0 -38.943 -83.887 8.845 -38.142 -89.433 8.323 -37.19 -81.225
3 16 0 -38.943 -83.887 0 -39.29 -89.706 8.845 -38.142 -89.433
3 16 9.149 -36.903 -97.394 0 -39.29 -89.706 0 -37.722 -97.39
3 16 8.845 -38.142 -89.433 0 -39.29 -89.706 9.149 -36.903 -97.394
3 16 8.909 -35.435 -101.257 0 -36.206 -101.023 6.007 -34.905 -104.444
3 16 6.007 -34.905 -104.444 0 -36.206 -101.023 4.119 -34.143 -108.265
3 16 4.119 -34.143 -108.265 0 -36.206 -101.023 0 -34.143 -108.265
4 16 4.119 -34.143 -108.265 0 -34.143 -108.265 0 -32.896 -115.633 3.788 -32.896 -115.633
3 16 3.788 -32.896 -115.633 0 -31.967 -119.653 5.128 -31.475 -119.49
3 16 0 -32.896 -115.633 0 -31.967 -119.653 3.788 -32.896 -115.633
3 16 0 -30.145 -122.365 2.275 -27.295 -123.989 3.824 -30.022 -121.928
3 16 0 -30.145 -122.365 0 -27.387 -123.944 2.275 -27.295 -123.989
3 16 3.076 -20.421 -126.218 0 -22.924 -126.045 0 -20.563 -126.42
3 16 0 -17.326 -125.363 3.076 -20.421 -126.218 0 -20.563 -126.42
3 16 1.913 -17.326 -125.206 3.076 -20.421 -126.218 0 -17.326 -125.363
3 16 15.032 -31.136 -94.722 12.313 -35.757 -94.704 13.616 -34.321 -97.382
3 16 4.144 -10.445 -95.781 9.981 -17.584 -101.674 3.274 -14.123 -105.041
3 16 9.981 -17.584 -101.674 4.144 -10.445 -95.781 11.831 -14.551 -95.199
3 16 3.274 -14.123 -105.041 0 -10.594 -96.404 4.144 -10.445 -95.781
3 16 0 -14.123 -105.041 0 -10.594 -96.404 3.274 -14.123 -105.041
3 16 15.032 -31.136 -94.722 12.471 -35.282 -89.194 12.313 -35.757 -94.704
3 16 12.471 -35.282 -89.194 15.032 -31.136 -94.722 14.373 -30.988 -89.139
3 16 12.228 -34.576 -82.708 12.471 -35.282 -89.194 14.373 -30.988 -89.139
3 16 14.373 -30.988 -89.139 13.871 -30.676 -86.501 12.228 -34.576 -82.708
3 16 12.719 -13.98 -90.131 13.854 -23.814 -95.028 11.831 -14.551 -95.199
3 16 12.719 -13.98 -90.131 14.508 -23.466 -90.004 13.854 -23.814 -95.028
3 16 13.854 -23.814 -95.028 9.981 -17.584 -101.674 11.831 -14.551 -95.199
3 16 11.158 -24.153 -101.935 9.981 -17.584 -101.674 13.854 -23.814 -95.028
3 16 11.158 -24.153 -101.935 9.489 -24.259 -105.306 9.981 -17.584 -101.674
3 16 8.49 -24.319 -108.933 8.32 -20.483 -108.68 9.489 -24.259 -105.306
3 16 8.32 -20.483 -108.68 9.981 -17.584 -101.674 9.489 -24.259 -105.306
3 16 8.49 -24.319 -108.933 8.061 -21.631 -115.836 8.32 -20.483 -108.68
3 16 7.833 -25.283 -115.844 8.061 -21.631 -115.836 8.49 -24.319 -108.933
3 16 8.061 -21.631 -115.836 7.412 -25.736 -121.389 7.596 -20.916 -121.401
3 16 8.061 -21.631 -115.836 7.833 -25.283 -115.844 7.412 -25.736 -121.389
3 16 7.412 -25.736 -121.389 6.103 -22.77 -123.958 7.596 -20.916 -121.401
4 16 3.824 -30.022 -121.928 5.128 -31.475 -119.49 0 -31.967 -119.653 0 -30.145 -122.365
3 16 4.144 -10.445 -95.781 0 -10.594 -96.404 3.73 -6.124 -95.639
3 16 8.436 -1.268 -90.269 4.144 -10.445 -95.781 3.73 -6.124 -95.639
3 16 7.939 -7.319 -90.522 7.611 -10.204 -90.784 4.144 -10.445 -95.781
3 16 9.925 14.973 -84.368 3.965 14.441 -91.237 4.152 20.213 -87.81
3 16 9.429 10.032 -87.196 3.965 14.441 -91.237 9.925 14.973 -84.368
3 16 3.778 8.263 -93.861 9.429 10.032 -87.196 8.932 4.685 -89.221
3 16 3.965 14.441 -91.237 9.429 10.032 -87.196 3.778 8.263 -93.861
3 16 8.49 -24.319 -108.933 8.47 -30.315 -105.136 7.151 -29.877 -108.856
3 16 9.489 -24.259 -105.306 8.47 -30.315 -105.136 8.49 -24.319 -108.933
3 16 7.833 -25.283 -115.844 8.49 -24.319 -108.933 7.151 -29.877 -108.856
3 16 7.833 -25.283 -115.844 7.151 -29.877 -108.856 6.258 -29.605 -115.748
3 16 6.457 -29.365 -119.17 7.412 -25.736 -121.389 7.833 -25.283 -115.844
3 16 6.258 -29.605 -115.748 6.457 -29.365 -119.17 7.833 -25.283 -115.844
3 16 0 -27.387 -123.944 0 -22.924 -126.045 2.644 -25.398 -124.936
3 16 2.275 -27.295 -123.989 0 -27.387 -123.944 2.644 -25.398 -124.936
3 16 7.412 -25.736 -121.389 5.128 -31.475 -119.49 3.824 -30.022 -121.928
3 16 6.103 -22.77 -123.958 2.275 -27.295 -123.989 2.644 -25.398 -124.936
3 16 0 -35.034 -78.836 0 -38.943 -83.887 8.323 -37.19 -81.225
3 16 8.323 -37.19 -81.225 10.1 -36.086 -79.455 0 -35.034 -78.836
3 16 0 -35.034 -78.836 10.1 -36.086 -79.455 9.144 -31.068 -75.4
3 16 9.144 -31.068 -75.4 0 -29.599 -75.312 0 -35.034 -78.836
3 16 10.475 -26.334 -74.277 7.76 -23.066 -73.985 0 -29.599 -75.312
3 16 9.144 -31.068 -75.4 10.475 -26.334 -74.277 0 -29.599 -75.312
3 16 13.871 -30.676 -86.501 14.334 -27.982 -85.488 16.686 -31.371 -80.663
3 16 16.173 -33.929 -81.342 13.871 -30.676 -86.501 16.686 -31.371 -80.663
3 16 12.228 -34.576 -82.708 13.871 -30.676 -86.501 16.173 -33.929 -81.342
3 16 12.228 -34.576 -82.708 16.173 -33.929 -81.342 15.358 -35.543 -78.333
4 16 12.123 -24.945 -76.371 15.793 -27.302 -74.375 17.668 -26.905 -77.85 13.409 -24.374 -79.477
3 16 9.144 -31.068 -75.4 13.677 -32.407 -73.448 10.475 -26.334 -74.277
3 16 10.475 -26.334 -74.277 13.677 -32.407 -73.448 14.627 -28.163 -73.057
4 16 9.144 -31.068 -75.4 10.1 -36.086 -79.455 14.39 -35.774 -76.078 13.677 -32.407 -73.448
3 16 7.611 -10.204 -90.784 8.143 -9.638 -81.847 8.41 -13.351 -82.3
3 16 7.611 -10.204 -90.784 7.939 -7.319 -90.522 8.143 -9.638 -81.847
3 16 7.498 -16.825 -77.332 8.143 -9.638 -81.847 3.942 -12.482 -74.387
3 16 7.498 -16.825 -77.332 8.41 -13.351 -82.3 8.143 -9.638 -81.847
4 16 9.429 10.032 -87.196 9.925 14.973 -84.368 8.862 7.806 -75.057 8.632 4.628 -78.299
3 16 8.932 4.685 -89.221 8.632 4.628 -78.299 8.402 0.724 -80.511
3 16 9.429 10.032 -87.196 8.632 4.628 -78.299 8.932 4.685 -89.221
3 16 3.9 1.294 -72.149 8.632 4.628 -78.299 8.862 7.806 -75.057
3 16 3.718 -2.523 -74.069 8.402 0.724 -80.511 8.632 4.628 -78.299
3 16 8.632 4.628 -78.299 3.9 1.294 -72.149 3.718 -2.523 -74.069
3 16 8.862 7.806 -75.057 4.081 4.384 -69.2 3.9 1.294 -72.149
3 16 3.83 -7.485 -74.788 8.273 -4.439 -81.739 8.402 0.724 -80.511
3 16 3.942 -12.482 -74.387 8.143 -9.638 -81.847 8.273 -4.439 -81.739
3 16 8.273 -4.439 -81.739 3.83 -7.485 -74.788 3.942 -12.482 -74.387
3 16 8.402 0.724 -80.511 3.718 -2.523 -74.069 3.83 -7.485 -74.788
3 16 8.273 -4.439 -81.739 8.436 -1.268 -90.269 8.932 4.685 -89.221
3 16 8.143 -9.638 -81.847 7.939 -7.319 -90.522 8.436 -1.268 -90.269
3 16 8.436 -1.268 -90.269 8.273 -4.439 -81.739 8.143 -9.638 -81.847
3 16 8.932 4.685 -89.221 8.402 0.724 -80.511 8.273 -4.439 -81.739
3 16 8.932 4.685 -89.221 3.754 1.119 -95.147 3.778 8.263 -93.861
3 16 8.436 -1.268 -90.269 3.754 1.119 -95.147 8.932 4.685 -89.221
3 16 4.144 -10.445 -95.781 8.436 -1.268 -90.269 7.939 -7.319 -90.522
3 16 3.754 1.119 -95.147 8.436 -1.268 -90.269 3.73 -6.124 -95.639
3 16 18.481 -28.861 -74.086 17.668 -26.905 -77.85 15.793 -27.302 -74.375
3 16 18.506 -31.273 -72.069 13.677 -32.407 -73.448 18.466 -33.373 -72.29
3 16 13.677 -32.407 -73.448 18.506 -31.273 -72.069 14.627 -28.163 -73.057
3 16 18.5 -34.419 -73.054 18.466 -33.373 -72.29 13.677 -32.407 -73.448
3 16 14.39 -35.774 -76.078 18.5 -34.419 -73.054 13.677 -32.407 -73.448
4 16 18.012 -35.048 -76.764 18.405 -35.013 -75.118 14.39 -35.774 -76.078 15.358 -35.543 -78.333
3 16 16.173 -33.929 -81.342 18.012 -35.048 -76.764 15.358 -35.543 -78.333
3 16 18.012 -35.048 -76.764 16.686 -31.371 -80.663 18.499 -32.749 -75.924
3 16 16.173 -33.929 -81.342 16.686 -31.371 -80.663 18.012 -35.048 -76.764
3 16 17.668 -26.905 -77.85 18.552 -31.001 -75.677 17.59 -27.453 -78.31
3 16 17.668 -26.905 -77.85 18.481 -28.861 -74.086 18.552 -31.001 -75.677
3 16 18.405 -35.013 -75.118 18.499 -32.749 -75.924 18.589 -32.2 -75.283
3 16 18.012 -35.048 -76.764 18.499 -32.749 -75.924 18.405 -35.013 -75.118
4 16 18.589 -32.2 -75.283 18.552 -31.001 -75.677 18.481 -28.861 -74.086 18.506 -31.273 -72.069
3 16 4.651 25.268 -81.576 5.151 28.698 -74.319 10.611 19.779 -78.827
3 16 4.152 20.213 -87.81 4.651 25.268 -81.576 10.611 19.779 -78.827
3 16 10.611 19.779 -78.827 9.925 14.973 -84.368 4.152 20.213 -87.81
3 16 9.925 14.973 -84.368 10.611 19.779 -78.827 8.862 7.806 -75.057
3 16 9.569 10.641 -70.611 8.862 7.806 -75.057 10.611 19.779 -78.827
3 16 8.862 7.806 -75.057 9.569 10.641 -70.611 4.081 4.384 -69.2
3 16 14.334 -27.982 -85.488 14.591 -28.114 -82.606 16.686 -31.371 -80.663
3 16 16.686 -31.371 -80.663 14.591 -28.114 -82.606 14.998 -29.954 -79.507
3 16 14.334 -27.982 -85.488 14.325 -27.331 -85.144 15.704 -26.833 -81.725
3 16 14.325 -27.331 -85.144 15.548 -26.062 -81.693 15.704 -26.833 -81.725
3 16 16.686 -31.371 -80.663 14.998 -29.954 -79.507 18.499 -32.749 -75.924
3 16 14.998 -29.954 -79.507 18.552 -31.001 -75.677 18.589 -32.2 -75.283
3 16 8.909 -35.435 -101.257 13.616 -34.321 -97.382 9.149 -36.903 -97.394
3 16 9.149 -36.903 -97.394 0 -37.722 -97.39 8.909 -35.435 -101.257
3 16 8.909 -35.435 -101.257 0 -37.722 -97.39 0 -36.206 -101.023
3 16 9.149 -36.903 -97.394 13.616 -34.321 -97.382 12.313 -35.757 -94.704
3 16 9.149 -36.903 -97.394 12.313 -35.757 -94.704 8.845 -38.142 -89.433
3 16 12.471 -35.282 -89.194 8.845 -38.142 -89.433 12.313 -35.757 -94.704
3 16 8.323 -37.19 -81.225 8.845 -38.142 -89.433 12.228 -34.576 -82.708
3 16 12.228 -34.576 -82.708 8.845 -38.142 -89.433 12.471 -35.282 -89.194
3 16 2.275 -27.295 -123.989 7.412 -25.736 -121.389 3.824 -30.022 -121.928
3 16 7.412 -25.736 -121.389 6.457 -29.365 -119.17 5.128 -31.475 -119.49
3 16 15.548 -26.062 -81.693 17.668 -26.905 -77.85 17.59 -27.453 -78.31
3 16 15.704 -26.833 -81.725 15.548 -26.062 -81.693 17.59 -27.453 -78.31
3 16 13.409 -24.374 -79.477 17.668 -26.905 -77.85 15.548 -26.062 -81.693
3 16 15.548 -26.062 -81.693 13.714 -25.071 -82.429 13.409 -24.374 -79.477
3 16 13.714 -25.071 -82.429 13.426 -17.673 -83.399 13.409 -24.374 -79.477
3 16 10.1 -36.086 -79.455 12.228 -34.576 -82.708 15.358 -35.543 -78.333
3 16 14.39 -35.774 -76.078 10.1 -36.086 -79.455 15.358 -35.543 -78.333
3 16 18.405 -35.013 -75.118 18.5 -34.419 -73.054 14.39 -35.774 -76.078
3 16 18.5 -34.419 -73.054 18.589 -32.2 -75.283 18.466 -33.373 -72.29
3 16 18.405 -35.013 -75.118 18.589 -32.2 -75.283 18.5 -34.419 -73.054
3 16 18.466 -33.373 -72.29 18.589 -32.2 -75.283 18.506 -31.273 -72.069
3 16 18.506 -31.273 -72.069 18.481 -28.861 -74.086 14.627 -28.163 -73.057
3 16 18.481 -28.861 -74.086 15.793 -27.302 -74.375 14.627 -28.163 -73.057
4 16 12.123 -24.945 -76.371 10.475 -26.334 -74.277 14.627 -28.163 -73.057 15.793 -27.302 -74.375
3 16 3.942 -12.482 -74.387 5.714 -18.229 -73.935 7.498 -16.825 -77.332
3 16 12.123 -24.945 -76.371 13.409 -24.374 -79.477 7.76 -23.066 -73.985
3 16 7.76 -23.066 -73.985 10.475 -26.334 -74.277 12.123 -24.945 -76.371
3 16 7.412 -25.736 -121.389 2.275 -27.295 -123.989 6.103 -22.77 -123.958
3 16 4.476 -22.401 -125.425 6.103 -22.77 -123.958 2.644 -25.398 -124.936
3 16 7.596 -20.916 -121.401 6.103 -22.77 -123.958 5 -19.021 -123.554
3 16 4.476 -22.401 -125.425 5 -19.021 -123.554 6.103 -22.77 -123.958
3 16 7.596 -20.916 -121.401 5 -19.021 -123.554 2.839 -15.512 -120.486
3 16 2.839 -15.512 -120.486 5 -19.021 -123.554 2.035 -15.742 -122.987
4 16 0 -15.394 -120.409 2.839 -15.512 -120.486 2.035 -15.742 -122.987 0 -15.67 -123.09
3 16 14.591 -28.114 -82.606 14.334 -27.982 -85.488 15.704 -26.833 -81.725
3 16 14.998 -29.954 -79.507 17.59 -27.453 -78.31 18.552 -31.001 -75.677
3 16 14.998 -29.954 -79.507 14.591 -28.114 -82.606 15.704 -26.833 -81.725
3 16 15.704 -26.833 -81.725 17.59 -27.453 -78.31 14.998 -29.954 -79.507
3 16 14.998 -29.954 -79.507 18.589 -32.2 -75.283 18.499 -32.749 -75.924
4 16 8.061 -21.631 -115.836 7.596 -20.916 -121.401 4.315 -16.754 -118.393 4.785 -17.416 -116.154
3 16 12.228 -34.576 -82.708 10.1 -36.086 -79.455 8.323 -37.19 -81.225
3 16 12.719 -13.98 -90.131 13.426 -17.673 -83.399 14.508 -23.466 -90.004
3 16 14.325 -27.331 -85.144 13.714 -25.071 -82.429 15.548 -26.062 -81.693
4 16 3.274 -14.123 -105.041 4.785 -17.416 -116.154 0 -17.416 -116.154 0 -14.123 -105.041
3 16 3.73 -6.124 -95.639 0 -10.594 -96.404 0 -6.124 -95.639
4 16 0 20.213 -87.81 4.152 20.213 -87.81 3.965 14.441 -91.237 0 14.441 -91.237
4 16 3.778 8.263 -93.861 0 8.263 -93.861 0 14.441 -91.237 3.965 14.441 -91.237
3 16 0 -23.066 -73.985 0 -29.599 -75.312 7.76 -23.066 -73.985
4 16 0 1.119 -95.147 3.754 1.119 -95.147 3.73 -6.124 -95.639 0 -6.124 -95.639
4 16 0 8.263 -93.861 3.778 8.263 -93.861 3.754 1.119 -95.147 0 1.119 -95.147
4 16 0 -12.482 -74.387 3.942 -12.482 -74.387 3.83 -7.485 -74.788 0 -7.485 -74.788
4 16 3.718 -2.523 -74.069 0 -2.523 -74.069 0 -7.485 -74.788 3.83 -7.485 -74.788
4 16 0 -18.144 -73.947 0 -23.066 -73.985 7.76 -23.066 -73.985 5.714 -18.229 -73.935
4 16 0 -18.144 -73.947 5.714 -18.229 -73.935 3.942 -12.482 -74.387 0 -12.482 -74.387
4 16 0 1.294 -72.149 3.9 1.294 -72.149 4.081 4.384 -69.2 0 4.384 -69.2
4 16 3.9 1.294 -72.149 0 1.294 -72.149 0 -2.523 -74.069 3.718 -2.523 -74.069
4 16 0 25.245 -81.611 0 28.653 -74.391 5.151 28.698 -74.319 4.651 25.268 -81.576
4 16 4.651 25.268 -81.576 4.152 20.213 -87.81 0 20.213 -87.81 0 25.245 -81.611
3 16 4.785 -17.416 -116.154 0 -15.394 -120.409 0 -17.416 -116.154
3 16 5.714 -18.229 -73.935 7.76 -23.066 -73.985 7.498 -16.825 -77.332
3 16 9.489 -24.259 -105.306 11.158 -24.153 -101.935 8.47 -30.315 -105.136
2 24 4.119 -34.143 -108.265 3.788 -32.896 -115.633
2 24 6.007 -34.905 -104.444 4.119 -34.143 -108.265
2 24 8.909 -35.435 -101.257 6.007 -34.905 -104.444
2 24 13.714 -25.071 -82.429 14.325 -27.331 -85.144
2 24 14.334 -27.982 -85.488 13.871 -30.676 -86.501
2 24 3.788 -32.896 -115.633 5.128 -31.475 -119.49
2 24 5.128 -31.475 -119.49 6.457 -29.365 -119.17
2 24 5 -19.021 -123.554 1.913 -17.326 -125.206
2 24 2.839 -15.512 -120.486 4.315 -16.754 -118.393
2 24 4.785 -17.416 -116.154 3.274 -14.123 -105.041
2 24 8.32 -20.483 -108.68 8.061 -21.631 -115.836
2 24 9.981 -17.584 -101.674 8.32 -20.483 -108.68
2 24 4.144 -10.445 -95.781 7.611 -10.204 -90.784
2 24 12.719 -13.98 -90.131 11.831 -14.551 -95.199
2 24 7.611 -10.204 -90.784 8.41 -13.351 -82.3
2 24 13.426 -17.673 -83.399 12.719 -13.98 -90.131
2 24 8.41 -13.351 -82.3 7.498 -16.825 -77.332
2 24 13.409 -24.374 -79.477 13.426 -17.673 -83.399
2 24 1.913 -17.326 -125.206 0 -17.326 -125.363
2 24 4.785 -17.416 -116.154 4.315 -16.754 -118.393
2 24 2.839 -15.512 -120.486 0 -15.394 -120.409
2 24 2.275 -27.295 -123.989 3.824 -30.022 -121.928
2 24 13.616 -34.321 -97.382 8.909 -35.435 -101.257
2 24 3.274 -14.123 -105.041 4.144 -10.445 -95.781
2 24 11.831 -14.551 -95.199 9.981 -17.584 -101.674
2 24 0 -10.594 -96.404 4.144 -10.445 -95.781
2 24 13.871 -30.676 -86.501 12.228 -34.576 -82.708
2 24 7.596 -20.916 -121.401 8.061 -21.631 -115.836
2 24 7.412 -25.736 -121.389 6.103 -22.77 -123.958
2 24 3.824 -30.022 -121.928 5.128 -31.475 -119.49
2 24 3.73 -6.124 -95.639 4.144 -10.445 -95.781
5 24 7.939 -7.319 -90.522 7.611 -10.204 -90.784 4.144 -10.445 -95.781 8.143 -9.638 -81.847
2 24 3.965 14.441 -91.237 4.152 20.213 -87.81
2 24 3.778 8.263 -93.861 3.965 14.441 -91.237
5 24 9.429 10.032 -87.196 8.932 4.685 -89.221 8.632 4.628 -78.299 3.778 8.263 -93.861
5 24 9.925 14.973 -84.368 9.429 10.032 -87.196 8.862 7.806 -75.057 3.965 14.441 -91.237
2 24 6.457 -29.365 -119.17 7.412 -25.736 -121.389
2 24 2.644 -25.398 -124.936 2.275 -27.295 -123.989
2 24 10.475 -26.334 -74.277 7.76 -23.066 -73.985
2 24 14.334 -27.982 -85.488 16.686 -31.371 -80.663
2 24 16.173 -33.929 -81.342 13.871 -30.676 -86.501
2 24 13.409 -24.374 -79.477 12.123 -24.945 -76.371
2 24 14.627 -28.163 -73.057 10.475 -26.334 -74.277
2 24 10.1 -36.086 -79.455 14.39 -35.774 -76.078
2 24 3.9 1.294 -72.149 3.718 -2.523 -74.069
2 24 4.081 4.384 -69.2 3.9 1.294 -72.149
2 24 3.83 -7.485 -74.788 3.942 -12.482 -74.387
2 24 3.718 -2.523 -74.069 3.83 -7.485 -74.788
5 24 8.436 -1.268 -90.269 8.932 4.685 -89.221 8.273 -4.439 -81.739 3.754 1.119 -95.147
5 24 7.939 -7.319 -90.522 8.436 -1.268 -90.269 8.143 -9.638 -81.847 4.144 -10.445 -95.781
2 24 3.754 1.119 -95.147 3.778 8.263 -93.861
2 24 3.73 -6.124 -95.639 3.754 1.119 -95.147
2 24 18.481 -28.861 -74.086 17.668 -26.905 -77.85
2 24 18.506 -31.273 -72.069 14.627 -28.163 -73.057
2 24 18.466 -33.373 -72.29 18.506 -31.273 -72.069
2 24 18.5 -34.419 -73.054 18.466 -33.373 -72.29
2 24 14.39 -35.774 -76.078 18.5 -34.419 -73.054
2 24 18.012 -35.048 -76.764 18.405 -35.013 -75.118
2 24 16.173 -33.929 -81.342 18.012 -35.048 -76.764
2 24 16.686 -31.371 -80.663 18.499 -32.749 -75.924
2 24 18.552 -31.001 -75.677 17.59 -27.453 -78.31
2 24 18.499 -32.749 -75.924 18.589 -32.2 -75.283
2 24 18.589 -32.2 -75.283 18.552 -31.001 -75.677
2 24 4.651 25.268 -81.576 5.151 28.698 -74.319
2 24 4.152 20.213 -87.81 4.651 25.268 -81.576
5 24 10.611 19.779 -78.827 9.925 14.973 -84.368 8.862 7.806 -75.057 4.152 20.213 -87.81
2 24 14.334 -27.982 -85.488 14.591 -28.114 -82.606
2 24 14.591 -28.114 -82.606 14.998 -29.954 -79.507
2 24 15.704 -26.833 -81.725 14.334 -27.982 -85.488
2 24 14.325 -27.331 -85.144 15.548 -26.062 -81.693
2 24 18.589 -32.2 -75.283 14.998 -29.954 -79.507
2 24 15.548 -26.062 -81.693 17.668 -26.905 -77.85
2 24 17.59 -27.453 -78.31 15.704 -26.833 -81.725
2 24 13.714 -25.071 -82.429 13.409 -24.374 -79.477
2 24 10.1 -36.086 -79.455 12.228 -34.576 -82.708
2 24 18.405 -35.013 -75.118 18.5 -34.419 -73.054
2 24 18.481 -28.861 -74.086 18.506 -31.273 -72.069
2 24 12.123 -24.945 -76.371 10.475 -26.334 -74.277
2 24 3.942 -12.482 -74.387 5.714 -18.229 -73.935
2 24 5.714 -18.229 -73.935 7.498 -16.825 -77.332
2 24 2.644 -25.398 -124.936 4.476 -22.401 -125.425
2 24 4.476 -22.401 -125.425 6.103 -22.77 -123.958
2 24 5 -19.021 -123.554 7.596 -20.916 -121.401
2 24 7.76 -23.066 -73.985 5.714 -18.229 -73.935
5 24 8.41 -13.351 -82.3 8.143 -9.638 -81.847 7.498 -16.825 -77.332 7.611 -10.204 -90.784
5 24 8.143 -9.638 -81.847 8.273 -4.439 -81.739 3.942 -12.482 -74.387 8.436 -1.268 -90.269
5 24 8.273 -4.439 -81.739 8.402 0.724 -80.511 3.83 -7.485 -74.788 8.932 4.685 -89.221
5 24 8.402 0.724 -80.511 8.632 4.628 -78.299 8.932 4.685 -89.221 3.718 -2.523 -74.069
5 24 8.632 4.628 -78.299 8.862 7.806 -75.057 9.429 10.032 -87.196 3.9 1.294 -72.149
5 24 8.862 7.806 -75.057 9.569 10.641 -70.611 4.081 4.384 -69.2 10.611 19.779 -78.827
5 24 3.076 -20.421 -126.218 4.476 -22.401 -125.425 0 -22.924 -126.045 5 -19.021 -123.554
5 24 0 -22.924 -126.045 3.076 -20.421 -126.218 0 -20.563 -126.42 4.476 -22.401 -125.425
5 24 8.845 -38.142 -89.433 0 -38.943 -83.887 0 -39.29 -89.706 8.323 -37.19 -81.225
5 24 3.942 -12.482 -74.387 8.143 -9.638 -81.847 7.498 -16.825 -77.332 8.273 -4.439 -81.739
5 24 0 25.245 -81.611 4.651 25.268 -81.576 0 28.653 -74.391 4.152 20.213 -87.81
5 24 4.144 -10.445 -95.781 11.831 -14.551 -95.199 7.611 -10.204 -90.784 9.981 -17.584 -101.674
5 24 18.552 -31.001 -75.677 18.481 -28.861 -74.086 17.668 -26.905 -77.85 18.589 -32.2 -75.283
5 24 7.498 -16.825 -77.332 7.76 -23.066 -73.985 13.409 -24.374 -79.477 5.714 -18.229 -73.935
5 24 15.704 -26.833 -81.725 14.325 -27.331 -85.144 15.548 -26.062 -81.693 14.334 -27.982 -85.488
5 24 0 -17.416 -116.154 4.785 -17.416 -116.154 0 -14.123 -105.041 0 -15.394 -120.409
5 24 9.489 -24.259 -105.306 11.158 -24.153 -101.935 8.47 -30.315 -105.136 9.981 -17.584 -101.674
5 24 14.508 -23.466 -90.004 14.373 -30.988 -89.139 15.032 -31.136 -94.722 14.334 -27.982 -85.488
5 24 11.158 -24.153 -101.935 8.47 -30.315 -105.136 10.201 -30.526 -101.683 9.489 -24.259 -105.306
5 24 8.862 7.806 -75.057 3.9 1.294 -72.149 8.632 4.628 -78.299 4.081 4.384 -69.2
5 24 3.965 14.441 -91.237 0 14.441 -91.237 0 20.213 -87.81 3.778 8.263 -93.861
5 24 10.475 -26.334 -74.277 0 -29.599 -75.312 7.76 -23.066 -73.985 9.144 -31.068 -75.4
5 24 10.475 -26.334 -74.277 13.677 -32.407 -73.448 14.627 -28.163 -73.057 9.144 -31.068 -75.4
5 24 18.5 -34.419 -73.054 18.589 -32.2 -75.283 18.466 -33.373 -72.29 18.405 -35.013 -75.118
5 24 14.373 -30.988 -89.139 12.471 -35.282 -89.194 15.032 -31.136 -94.722 12.228 -34.576 -82.708
5 24 17.668 -26.905 -77.85 18.552 -31.001 -75.677 18.481 -28.861 -74.086 17.59 -27.453 -78.31
5 24 13.714 -25.071 -82.429 15.548 -26.062 -81.693 13.409 -24.374 -79.477 14.325 -27.331 -85.144
5 24 16.686 -31.371 -80.663 18.012 -35.048 -76.764 16.173 -33.929 -81.342 18.499 -32.749 -75.924
5 24 12.313 -35.757 -94.704 12.471 -35.282 -89.194 15.032 -31.136 -94.722 8.845 -38.142 -89.433
5 24 8.41 -13.351 -82.3 12.719 -13.98 -90.131 13.426 -17.673 -83.399 7.611 -10.204 -90.784
5 24 4.315 -16.754 -118.393 7.596 -20.916 -121.401 2.839 -15.512 -120.486 8.061 -21.631 -115.836
5 24 3.83 -7.485 -74.788 0 -7.485 -74.788 0 -12.482 -74.387 3.718 -2.523 -74.069
5 24 0 -15.67 -123.09 2.035 -15.742 -122.987 1.913 -17.326 -125.206 2.839 -15.512 -120.486
5 24 9.489 -24.259 -105.306 9.981 -17.584 -101.674 11.158 -24.153 -101.935 8.32 -20.483 -108.68
5 24 7.939 -7.319 -90.522 4.144 -10.445 -95.781 7.611 -10.204 -90.784 8.436 -1.268 -90.269
5 24 0 -39.29 -89.706 9.149 -36.903 -97.394 0 -37.722 -97.39 8.845 -38.142 -89.433
5 24 8.932 4.685 -89.221 3.754 1.119 -95.147 8.436 -1.268 -90.269 3.778 8.263 -93.861
5 24 8.47 -30.315 -105.136 10.201 -30.526 -101.683 11.158 -24.153 -101.935 6.007 -34.905 -104.444
5 24 15.032 -31.136 -94.722 12.313 -35.757 -94.704 12.471 -35.282 -89.194 13.616 -34.321 -97.382
5 24 6.258 -29.605 -115.748 6.457 -29.365 -119.17 5.128 -31.475 -119.49 7.833 -25.283 -115.844
5 24 18.589 -32.2 -75.283 18.466 -33.373 -72.29 18.5 -34.419 -73.054 18.506 -31.273 -72.069
5 24 8.323 -37.19 -81.225 0 -35.034 -78.836 10.1 -36.086 -79.455 0 -38.943 -83.887
5 24 10.201 -30.526 -101.683 6.007 -34.905 -104.444 8.909 -35.435 -101.257 8.47 -30.315 -105.136
5 24 13.871 -30.676 -86.501 14.373 -30.988 -89.139 14.334 -27.982 -85.488 12.228 -34.576 -82.708
5 24 5 -19.021 -123.554 4.476 -22.401 -125.425 6.103 -22.77 -123.958 3.076 -20.421 -126.218
5 24 2.275 -27.295 -123.989 0 -27.387 -123.944 0 -30.145 -122.365 2.644 -25.398 -124.936
5 24 14.373 -30.988 -89.139 12.228 -34.576 -82.708 13.871 -30.676 -86.501 12.471 -35.282 -89.194
5 24 7.151 -29.877 -108.856 6.258 -29.605 -115.748 3.788 -32.896 -115.633 7.833 -25.283 -115.844
5 24 8.632 4.628 -78.299 8.932 4.685 -89.221 9.429 10.032 -87.196 8.402 0.724 -80.511
5 24 3.942 -12.482 -74.387 7.498 -16.825 -77.332 5.714 -18.229 -73.935 8.143 -9.638 -81.847
5 24 3.718 -2.523 -74.069 0 -2.523 -74.069 0 -7.485 -74.788 3.9 1.294 -72.149
5 24 12.471 -35.282 -89.194 8.845 -38.142 -89.433 12.313 -35.757 -94.704 12.228 -34.576 -82.708
5 24 15.793 -27.302 -74.375 14.627 -28.163 -73.057 18.481 -28.861 -74.086 12.123 -24.945 -76.371
5 24 3.9 1.294 -72.149 8.632 4.628 -78.299 8.862 7.806 -75.057 3.718 -2.523 -74.069
5 24 9.489 -24.259 -105.306 8.49 -24.319 -108.933 8.47 -30.315 -105.136 8.32 -20.483 -108.68
5 24 7.151 -29.877 -108.856 6.007 -34.905 -104.444 8.47 -30.315 -105.136 4.119 -34.143 -108.265
5 24 10.201 -30.526 -101.683 13.854 -23.814 -95.028 11.158 -24.153 -101.935 15.032 -31.136 -94.722
5 24 18.499 -32.749 -75.924 18.012 -35.048 -76.764 16.686 -31.371 -80.663 18.405 -35.013 -75.118
5 24 13.677 -32.407 -73.448 9.144 -31.068 -75.4 10.475 -26.334 -74.277 14.39 -35.774 -76.078
5 24 18.506 -31.273 -72.069 13.677 -32.407 -73.448 14.627 -28.163 -73.057 18.466 -33.373 -72.29
5 24 7.833 -25.283 -115.844 7.151 -29.877 -108.856 8.49 -24.319 -108.933 6.258 -29.605 -115.748
5 24 5.128 -31.475 -119.49 0 -31.967 -119.653 3.788 -32.896 -115.633 3.824 -30.022 -121.928
5 24 8.862 7.806 -75.057 9.925 14.973 -84.368 9.429 10.032 -87.196 10.611 19.779 -78.827
5 24 3.788 -32.896 -115.633 0 -31.967 -119.653 5.128 -31.475 -119.49 0 -32.896 -115.633
5 24 9.981 -17.584 -101.674 11.158 -24.153 -101.935 13.854 -23.814 -95.028 9.489 -24.259 -105.306
5 24 12.719 -13.98 -90.131 14.508 -23.466 -90.004 13.426 -17.673 -83.399 13.854 -23.814 -95.028
5 24 7.498 -16.825 -77.332 13.426 -17.673 -83.399 13.409 -24.374 -79.477 8.41 -13.351 -82.3
5 24 8.323 -37.19 -81.225 0 -38.943 -83.887 8.845 -38.142 -89.433 0 -35.034 -78.836
5 24 8.061 -21.631 -115.836 7.833 -25.283 -115.844 7.412 -25.736 -121.389 8.49 -24.319 -108.933
5 24 8.49 -24.319 -108.933 8.061 -21.631 -115.836 8.32 -20.483 -108.68 7.833 -25.283 -115.844
5 24 12.313 -35.757 -94.704 8.845 -38.142 -89.433 12.471 -35.282 -89.194 9.149 -36.903 -97.394
5 24 14.508 -23.466 -90.004 15.032 -31.136 -94.722 14.373 -30.988 -89.139 13.854 -23.814 -95.028
5 24 7.833 -25.283 -115.844 8.49 -24.319 -108.933 7.151 -29.877 -108.856 8.061 -21.631 -115.836
5 24 14.508 -23.466 -90.004 13.714 -25.071 -82.429 13.426 -17.673 -83.399 14.325 -27.331 -85.144
5 24 8.402 0.724 -80.511 3.718 -2.523 -74.069 3.83 -7.485 -74.788 8.632 4.628 -78.299
5 24 0 -10.594 -96.404 3.274 -14.123 -105.041 4.144 -10.445 -95.781 0 -14.123 -105.041
5 24 3.778 8.263 -93.861 8.932 4.685 -89.221 9.429 10.032 -87.196 3.754 1.119 -95.147
5 24 3.824 -30.022 -121.928 0 -30.145 -122.365 2.275 -27.295 -123.989 0 -31.967 -119.653
5 24 2.275 -27.295 -123.989 7.412 -25.736 -121.389 3.824 -30.022 -121.928 6.103 -22.77 -123.958
5 24 10.201 -30.526 -101.683 13.616 -34.321 -97.382 8.909 -35.435 -101.257 15.032 -31.136 -94.722
5 24 6.103 -22.77 -123.958 7.596 -20.916 -121.401 7.412 -25.736 -121.389 5 -19.021 -123.554
5 24 7.412 -25.736 -121.389 5.128 -31.475 -119.49 6.457 -29.365 -119.17 3.824 -30.022 -121.928
5 24 7.833 -25.283 -115.844 7.412 -25.736 -121.389 6.457 -29.365 -119.17 8.061 -21.631 -115.836
5 24 11.831 -14.551 -95.199 13.854 -23.814 -95.028 12.719 -13.98 -90.131 9.981 -17.584 -101.674
5 24 14.39 -35.774 -76.078 13.677 -32.407 -73.448 18.5 -34.419 -73.054 9.144 -31.068 -75.4
5 24 7.76 -23.066 -73.985 12.123 -24.945 -76.371 10.475 -26.334 -74.277 13.409 -24.374 -79.477
5 24 3.274 -14.123 -105.041 9.981 -17.584 -101.674 4.144 -10.445 -95.781 8.32 -20.483 -108.68
5 24 8.932 4.685 -89.221 8.273 -4.439 -81.739 8.402 0.724 -80.511 8.436 -1.268 -90.269
5 24 8.932 4.685 -89.221 8.402 0.724 -80.511 8.273 -4.439 -81.739 8.632 4.628 -78.299
5 24 10.1 -36.086 -79.455 8.323 -37.19 -81.225 12.228 -34.576 -82.708 0 -35.034 -78.836
5 24 9.925 14.973 -84.368 3.965 14.441 -91.237 4.152 20.213 -87.81 9.429 10.032 -87.196
5 24 0 -12.482 -74.387 3.942 -12.482 -74.387 3.83 -7.485 -74.788 0 -18.144 -73.947
5 24 3.274 -14.123 -105.041 8.32 -20.483 -108.68 9.981 -17.584 -101.674 4.785 -17.416 -116.154
5 24 0 8.263 -93.861 3.778 8.263 -93.861 0 14.441 -91.237 3.754 1.119 -95.147
5 24 0 -36.206 -101.023 4.119 -34.143 -108.265 6.007 -34.905 -104.444 0 -34.143 -108.265
5 24 13.677 -32.407 -73.448 14.627 -28.163 -73.057 10.475 -26.334 -74.277 18.506 -31.273 -72.069
5 24 0 -15.394 -120.409 4.785 -17.416 -116.154 4.315 -16.754 -118.393 0 -17.416 -116.154
5 24 10.201 -30.526 -101.683 8.909 -35.435 -101.257 6.007 -34.905 -104.444 13.616 -34.321 -97.382
5 24 8.41 -13.351 -82.3 13.426 -17.673 -83.399 12.719 -13.98 -90.131 7.498 -16.825 -77.332
5 24 13.409 -24.374 -79.477 7.76 -23.066 -73.985 7.498 -16.825 -77.332 12.123 -24.945 -76.371
5 24 0 -17.326 -125.363 3.076 -20.421 -126.218 1.913 -17.326 -125.206 0 -20.563 -126.42
5 24 3.076 -20.421 -126.218 0 -20.563 -126.42 0 -22.924 -126.045 0 -17.326 -125.363
5 24 0 -35.034 -78.836 9.144 -31.068 -75.4 0 -29.599 -75.312 10.1 -36.086 -79.455
5 24 0 -6.124 -95.639 3.73 -6.124 -95.639 0 -10.594 -96.404 0 1.119 -95.147
5 24 13.677 -32.407 -73.448 18.5 -34.419 -73.054 14.39 -35.774 -76.078 18.466 -33.373 -72.29
5 24 15.793 -27.302 -74.375 18.481 -28.861 -74.086 17.668 -26.905 -77.85 14.627 -28.163 -73.057
5 24 4.152 20.213 -87.81 9.925 14.973 -84.368 3.965 14.441 -91.237 10.611 19.779 -78.827
5 24 4.651 25.268 -81.576 10.611 19.779 -78.827 5.151 28.698 -74.319 4.152 20.213 -87.81
5 24 9.429 10.032 -87.196 3.778 8.263 -93.861 3.965 14.441 -91.237 8.932 4.685 -89.221
5 24 4.785 -17.416 -116.154 8.32 -20.483 -108.68 3.274 -14.123 -105.041 8.061 -21.631 -115.836
5 24 0 -34.143 -108.265 4.119 -34.143 -108.265 0 -36.206 -101.023 0 -32.896 -115.633
5 24 3.73 -6.124 -95.639 8.436 -1.268 -90.269 3.754 1.119 -95.147 4.144 -10.445 -95.781
5 24 13.854 -23.814 -95.028 11.158 -24.153 -101.935 10.201 -30.526 -101.683 9.981 -17.584 -101.674
5 24 7.939 -7.319 -90.522 8.143 -9.638 -81.847 7.611 -10.204 -90.784 8.436 -1.268 -90.269
5 24 7.412 -25.736 -121.389 3.824 -30.022 -121.928 2.275 -27.295 -123.989 5.128 -31.475 -119.49
5 24 7.833 -25.283 -115.844 6.457 -29.365 -119.17 7.412 -25.736 -121.389 6.258 -29.605 -115.748
5 24 13.677 -32.407 -73.448 18.466 -33.373 -72.29 18.5 -34.419 -73.054 18.506 -31.273 -72.069
5 24 5 -19.021 -123.554 6.103 -22.77 -123.958 4.476 -22.401 -125.425 7.596 -20.916 -121.401
5 24 0 -30.145 -122.365 2.275 -27.295 -123.989 0 -27.387 -123.944 3.824 -30.022 -121.928
5 24 18.012 -35.048 -76.764 15.358 -35.543 -78.333 16.173 -33.929 -81.342 14.39 -35.774 -76.078
5 24 14.627 -28.163 -73.057 18.481 -28.861 -74.086 18.506 -31.273 -72.069 15.793 -27.302 -74.375
5 24 4.785 -17.416 -116.154 8.061 -21.631 -115.836 4.315 -16.754 -118.393 8.32 -20.483 -108.68
5 24 8.32 -20.483 -108.68 8.49 -24.319 -108.933 8.061 -21.631 -115.836 9.489 -24.259 -105.306
5 24 16.686 -31.371 -80.663 16.173 -33.929 -81.342 13.871 -30.676 -86.501 18.012 -35.048 -76.764
5 24 13.616 -34.321 -97.382 9.149 -36.903 -97.394 12.313 -35.757 -94.704 8.909 -35.435 -101.257
5 24 13.616 -34.321 -97.382 12.313 -35.757 -94.704 9.149 -36.903 -97.394 15.032 -31.136 -94.722
5 24 4.081 4.384 -69.2 8.862 7.806 -75.057 9.569 10.641 -70.611 3.9 1.294 -72.149
5 24 0 -18.144 -73.947 5.714 -18.229 -73.935 0 -23.066 -73.985 3.942 -12.482 -74.387
5 24 8.845 -38.142 -89.433 0 -39.29 -89.706 9.149 -36.903 -97.394 0 -38.943 -83.887
5 24 3.788 -32.896 -115.633 0 -32.896 -115.633 4.119 -34.143 -108.265 0 -31.967 -119.653
5 24 12.228 -34.576 -82.708 8.845 -38.142 -89.433 12.471 -35.282 -89.194 8.323 -37.19 -81.225
5 24 2.644 -25.398 -124.936 0 -27.387 -123.944 2.275 -27.295 -123.989 0 -22.924 -126.045
5 24 7.833 -25.283 -115.844 6.258 -29.605 -115.748 7.151 -29.877 -108.856 6.457 -29.365 -119.17
5 24 7.611 -10.204 -90.784 11.831 -14.551 -95.199 12.719 -13.98 -90.131 4.144 -10.445 -95.781
5 24 8.436 -1.268 -90.269 8.273 -4.439 -81.739 8.143 -9.638 -81.847 8.932 4.685 -89.221
5 24 3.754 1.119 -95.147 8.436 -1.268 -90.269 8.932 4.685 -89.221 3.73 -6.124 -95.639
5 24 12.123 -24.945 -76.371 15.793 -27.302 -74.375 17.668 -26.905 -77.85 14.627 -28.163 -73.057
5 24 18.589 -32.2 -75.283 18.405 -35.013 -75.118 18.5 -34.419 -73.054 18.499 -32.749 -75.924
5 24 14.373 -30.988 -89.139 15.032 -31.136 -94.722 12.471 -35.282 -89.194 14.508 -23.466 -90.004
5 24 3.754 1.119 -95.147 0 1.119 -95.147 3.73 -6.124 -95.639 0 8.263 -93.861
5 24 10.611 19.779 -78.827 4.152 20.213 -87.81 9.925 14.973 -84.368 4.651 25.268 -81.576
5 24 8.47 -30.315 -105.136 7.151 -29.877 -108.856 6.007 -34.905 -104.444 8.49 -24.319 -108.933
5 24 3.942 -12.482 -74.387 8.273 -4.439 -81.739 3.83 -7.485 -74.788 8.143 -9.638 -81.847
5 24 7.76 -23.066 -73.985 0 -29.599 -75.312 0 -23.066 -73.985 10.475 -26.334 -74.277
5 24 10.611 19.779 -78.827 8.862 7.806 -75.057 9.925 14.973 -84.368 9.569 10.641 -70.611
5 24 15.548 -26.062 -81.693 17.59 -27.453 -78.31 15.704 -26.833 -81.725 17.668 -26.905 -77.85
5 24 17.668 -26.905 -77.85 17.59 -27.453 -78.31 15.548 -26.062 -81.693 18.552 -31.001 -75.677
5 24 6.103 -22.77 -123.958 2.275 -27.295 -123.989 7.412 -25.736 -121.389 2.644 -25.398 -124.936
5 24 15.793 -27.302 -74.375 17.668 -26.905 -77.85 12.123 -24.945 -76.371 18.481 -28.861 -74.086
5 24 2.644 -25.398 -124.936 0 -22.924 -126.045 4.476 -22.401 -125.425 0 -27.387 -123.944
5 24 8.909 -35.435 -101.257 0 -36.206 -101.023 0 -37.722 -97.39 6.007 -34.905 -104.444
5 24 13.426 -17.673 -83.399 13.714 -25.071 -82.429 13.409 -24.374 -79.477 14.508 -23.466 -90.004
5 24 8.402 0.724 -80.511 3.83 -7.485 -74.788 8.273 -4.439 -81.739 3.718 -2.523 -74.069
5 24 14.373 -30.988 -89.139 14.334 -27.982 -85.488 13.871 -30.676 -86.501 14.508 -23.466 -90.004
5 24 12.471 -35.282 -89.194 12.228 -34.576 -82.708 8.845 -38.142 -89.433 14.373 -30.988 -89.139
5 24 3.9 1.294 -72.149 0 1.294 -72.149 0 -2.523 -74.069 4.081 4.384 -69.2
5 24 15.358 -35.543 -78.333 10.1 -36.086 -79.455 14.39 -35.774 -76.078 12.228 -34.576 -82.708
5 24 15.032 -31.136 -94.722 10.201 -30.526 -101.683 13.616 -34.321 -97.382 13.854 -23.814 -95.028
5 24 16.686 -31.371 -80.663 13.871 -30.676 -86.501 16.173 -33.929 -81.342 14.334 -27.982 -85.488
5 24 8.32 -20.483 -108.68 9.489 -24.259 -105.306 9.981 -17.584 -101.674 8.49 -24.319 -108.933
5 24 14.508 -23.466 -90.004 13.854 -23.814 -95.028 12.719 -13.98 -90.131 15.032 -31.136 -94.722
5 24 13.409 -24.374 -79.477 15.548 -26.062 -81.693 17.668 -26.905 -77.85 13.714 -25.071 -82.429
5 24 18.405 -35.013 -75.118 14.39 -35.774 -76.078 18.5 -34.419 -73.054 18.012 -35.048 -76.764
5 24 13.409 -24.374 -79.477 17.668 -26.905 -77.85 15.548 -26.062 -81.693 12.123 -24.945 -76.371
5 24 7.611 -10.204 -90.784 8.143 -9.638 -81.847 8.41 -13.351 -82.3 7.939 -7.319 -90.522
5 24 8.845 -38.142 -89.433 8.323 -37.19 -81.225 0 -38.943 -83.887 12.228 -34.576 -82.708
5 24 14.334 -27.982 -85.488 14.508 -23.466 -90.004 14.325 -27.331 -85.144 14.373 -30.988 -89.139
5 24 2.035 -15.742 -122.987 5 -19.021 -123.554 2.839 -15.512 -120.486 1.913 -17.326 -125.206
5 24 1.913 -17.326 -125.206 3.076 -20.421 -126.218 5 -19.021 -123.554 0 -17.326 -125.363
5 24 2.839 -15.512 -120.486 2.035 -15.742 -122.987 5 -19.021 -123.554 0 -15.67 -123.09
5 24 12.313 -35.757 -94.704 9.149 -36.903 -97.394 8.845 -38.142 -89.433 13.616 -34.321 -97.382
5 24 8.47 -30.315 -105.136 6.007 -34.905 -104.444 7.151 -29.877 -108.856 10.201 -30.526 -101.683
5 24 9.149 -36.903 -97.394 0 -37.722 -97.39 0 -39.29 -89.706 8.909 -35.435 -101.257
5 24 9.489 -24.259 -105.306 8.47 -30.315 -105.136 8.49 -24.319 -108.933 11.158 -24.153 -101.935
5 24 3.965 14.441 -91.237 9.429 10.032 -87.196 3.778 8.263 -93.861 9.925 14.973 -84.368
5 24 4.144 -10.445 -95.781 9.981 -17.584 -101.674 11.831 -14.551 -95.199 3.274 -14.123 -105.041
5 24 14.591 -28.114 -82.606 16.686 -31.371 -80.663 14.334 -27.982 -85.488 14.998 -29.954 -79.507
5 24 7.151 -29.877 -108.856 3.788 -32.896 -115.633 6.258 -29.605 -115.748 4.119 -34.143 -108.265
5 24 15.548 -26.062 -81.693 15.704 -26.833 -81.725 17.59 -27.453 -78.31 14.325 -27.331 -85.144
5 24 6.103 -22.77 -123.958 2.644 -25.398 -124.936 4.476 -22.401 -125.425 2.275 -27.295 -123.989
5 24 3.076 -20.421 -126.218 5 -19.021 -123.554 1.913 -17.326 -125.206 4.476 -22.401 -125.425
5 24 9.144 -31.068 -75.4 10.1 -36.086 -79.455 14.39 -35.774 -76.078 0 -35.034 -78.836
5 24 12.228 -34.576 -82.708 8.323 -37.19 -81.225 10.1 -36.086 -79.455 8.845 -38.142 -89.433
5 24 0 20.213 -87.81 4.152 20.213 -87.81 0 25.245 -81.611 3.965 14.441 -91.237
5 24 8.49 -24.319 -108.933 8.47 -30.315 -105.136 7.151 -29.877 -108.856 9.489 -24.259 -105.306
5 24 7.611 -10.204 -90.784 12.719 -13.98 -90.131 11.831 -14.551 -95.199 8.41 -13.351 -82.3
5 24 16.173 -33.929 -81.342 15.358 -35.543 -78.333 18.012 -35.048 -76.764 12.228 -34.576 -82.708
5 24 13.854 -23.814 -95.028 9.981 -17.584 -101.674 11.831 -14.551 -95.199 11.158 -24.153 -101.935
5 24 8.632 4.628 -78.299 3.718 -2.523 -74.069 3.9 1.294 -72.149 8.402 0.724 -80.511
5 24 7.412 -25.736 -121.389 8.061 -21.631 -115.836 7.596 -20.916 -121.401 7.833 -25.283 -115.844
5 24 2.839 -15.512 -120.486 7.596 -20.916 -121.401 5 -19.021 -123.554 4.315 -16.754 -118.393
5 24 0 -10.594 -96.404 3.73 -6.124 -95.639 0 -6.124 -95.639 4.144 -10.445 -95.781
5 24 9.149 -36.903 -97.394 8.909 -35.435 -101.257 0 -37.722 -97.39 13.616 -34.321 -97.382
5 24 13.854 -23.814 -95.028 15.032 -31.136 -94.722 10.201 -30.526 -101.683 14.508 -23.466 -90.004
5 24 18.506 -31.273 -72.069 18.589 -32.2 -75.283 18.466 -33.373 -72.29 18.481 -28.861 -74.086
5 24 16.173 -33.929 -81.342 12.228 -34.576 -82.708 13.871 -30.676 -86.501 15.358 -35.543 -78.333
5 24 15.358 -35.543 -78.333 14.39 -35.774 -76.078 10.1 -36.086 -79.455 18.012 -35.048 -76.764
5 24 13.854 -23.814 -95.028 12.719 -13.98 -90.131 11.831 -14.551 -95.199 14.508 -23.466 -90.004
5 24 6.258 -29.605 -115.748 3.788 -32.896 -115.633 7.151 -29.877 -108.856 5.128 -31.475 -119.49
5 24 8.49 -24.319 -108.933 7.151 -29.877 -108.856 8.47 -30.315 -105.136 7.833 -25.283 -115.844
5 24 12.228 -34.576 -82.708 15.358 -35.543 -78.333 10.1 -36.086 -79.455 16.173 -33.929 -81.342
5 24 7.76 -23.066 -73.985 0 -23.066 -73.985 5.714 -18.229 -73.935 0 -29.599 -75.312
5 24 2.839 -15.512 -120.486 5 -19.021 -123.554 7.596 -20.916 -121.401 2.035 -15.742 -122.987
5 24 11.158 -24.153 -101.935 10.201 -30.526 -101.683 8.47 -30.315 -105.136 13.854 -23.814 -95.028
5 24 8.436 -1.268 -90.269 4.144 -10.445 -95.781 7.939 -7.319 -90.522 3.73 -6.124 -95.639
5 24 13.426 -17.673 -83.399 14.508 -23.466 -90.004 13.714 -25.071 -82.429 12.719 -13.98 -90.131
5 24 17.59 -27.453 -78.31 14.998 -29.954 -79.507 18.552 -31.001 -75.677 15.704 -26.833 -81.725
5 24 14.998 -29.954 -79.507 16.686 -31.371 -80.663 14.591 -28.114 -82.606 18.499 -32.749 -75.924
5 24 8.143 -9.638 -81.847 7.498 -16.825 -77.332 8.41 -13.351 -82.3 3.942 -12.482 -74.387
5 24 9.144 -31.068 -75.4 0 -29.599 -75.312 0 -35.034 -78.836 10.475 -26.334 -74.277
5 24 9.149 -36.903 -97.394 8.845 -38.142 -89.433 12.313 -35.757 -94.704 0 -39.29 -89.706
5 24 15.704 -26.833 -81.725 14.591 -28.114 -82.606 14.334 -27.982 -85.488 14.998 -29.954 -79.507
5 24 14.998 -29.954 -79.507 18.499 -32.749 -75.924 18.589 -32.2 -75.283 16.686 -31.371 -80.663
5 24 14.508 -23.466 -90.004 14.325 -27.331 -85.144 14.334 -27.982 -85.488 13.714 -25.071 -82.429
5 24 9.144 -31.068 -75.4 10.475 -26.334 -74.277 0 -29.599 -75.312 13.677 -32.407 -73.448
5 24 7.151 -29.877 -108.856 4.119 -34.143 -108.265 3.788 -32.896 -115.633 6.007 -34.905 -104.444
5 24 14.998 -29.954 -79.507 15.704 -26.833 -81.725 14.591 -28.114 -82.606 17.59 -27.453 -78.31
5 24 8.143 -9.638 -81.847 8.436 -1.268 -90.269 8.273 -4.439 -81.739 7.939 -7.319 -90.522
5 24 18.499 -32.749 -75.924 18.405 -35.013 -75.118 18.589 -32.2 -75.283 18.012 -35.048 -76.764
5 24 3.274 -14.123 -105.041 0 -14.123 -105.041 0 -10.594 -96.404 4.785 -17.416 -116.154
5 24 3.83 -7.485 -74.788 8.273 -4.439 -81.739 8.402 0.724 -80.511 3.942 -12.482 -74.387
5 24 12.471 -35.282 -89.194 15.032 -31.136 -94.722 12.313 -35.757 -94.704 14.373 -30.988 -89.139
5 24 14.325 -27.331 -85.144 14.334 -27.982 -85.488 14.508 -23.466 -90.004 15.704 -26.833 -81.725
5 24 8.909 -35.435 -101.257 0 -37.722 -97.39 0 -36.206 -101.023 9.149 -36.903 -97.394
5 24 4.315 -16.754 -118.393 0 -15.394 -120.409 4.785 -17.416 -116.154 2.839 -15.512 -120.486
5 24 9.429 10.032 -87.196 8.632 4.628 -78.299 8.932 4.685 -89.221 8.862 7.806 -75.057
5 24 18.552 -31.001 -75.677 14.998 -29.954 -79.507 18.589 -32.2 -75.283 17.59 -27.453 -78.31
5 24 10.1 -36.086 -79.455 0 -35.034 -78.836 9.144 -31.068 -75.4 8.323 -37.19 -81.225
5 24 5.128 -31.475 -119.49 6.258 -29.605 -115.748 6.457 -29.365 -119.17 3.788 -32.896 -115.633
5 24 7.596 -20.916 -121.401 7.412 -25.736 -121.389 6.103 -22.77 -123.958 8.061 -21.631 -115.836
5 24 1.913 -17.326 -125.206 2.035 -15.742 -122.987 5 -19.021 -123.554 0 -15.67 -123.09
2 24 0 -6.124 -95.639 0 1.119 -95.147
2 24 0 -15.394 -120.409 0 -17.416 -116.154
2 24 0 -12.482 -74.387 0 -18.144 -73.947
2 24 0 25.245 -81.611 0 28.653 -74.391
2 24 0 -17.326 -125.363 0 -15.67 -123.09
2 24 0 4.384 -69.2 0 1.294 -72.149
2 24 0 -20.563 -126.42 0 -17.326 -125.363
2 24 0 8.263 -93.861 0 14.441 -91.237
2 24 0 -7.485 -74.788 0 -12.482 -74.387
2 24 0 -23.066 -73.985 0 -29.599 -75.312
2 24 0 -35.034 -78.836 0 -38.943 -83.887
2 24 0 -34.143 -108.265 0 -32.896 -115.633
2 24 0 -36.206 -101.023 0 -34.143 -108.265
2 24 0 -27.387 -123.944 0 -22.924 -126.045
2 24 15.032 -31.136 -94.722 13.616 -34.321 -97.382
2 24 0 -17.416 -116.154 0 -14.123 -105.041
2 24 0 -14.123 -105.041 0 -10.594 -96.404
2 24 0 -22.924 -126.045 0 -20.563 -126.42
2 24 0 -2.523 -74.069 0 -7.485 -74.788
2 24 0 -39.29 -89.706 0 -37.722 -97.39
2 24 0 -32.896 -115.633 0 -31.967 -119.653
2 24 0 -15.67 -123.09 0 -15.394 -120.409
2 24 0 -29.599 -75.312 0 -35.034 -78.836
2 24 0 -18.144 -73.947 0 -23.066 -73.985
2 24 0 14.441 -91.237 0 20.213 -87.81
2 24 0 -10.594 -96.404 0 -6.124 -95.639
2 24 0 -31.967 -119.653 0 -30.145 -122.365
2 24 0 20.213 -87.81 0 25.245 -81.611
2 24 0 -30.145 -122.365 0 -27.387 -123.944
2 24 0 1.294 -72.149 0 -2.523 -74.069
2 24 0 1.119 -95.147 0 8.263 -93.861
2 24 0 -38.943 -83.887 0 -39.29 -89.706
2 24 0 -37.722 -97.39 0 -36.206 -101.023