0 ~Minifig Torso with Race Suit with Mercedes Team Logos Pattern - Logo Boss with Neutral Outerbox
0 Name: s\973pyls01.dat
0 Author: Massimo Maso [Sirio]
0 !LDRAW_ORG Subpart UPDATE 2025-11
0 !LICENSE Licensed under CC BY 4.0 : see CAreadme.txt

0 BFC CERTIFY CCW

0 !HISTORY 2025-11-30 [OrionP] Official Update 2025-11

0 // Logo primitives
1 15 0 -.5263 0 1 0 0 0 0 -1 0 1 0 logo-boss-text-01.dat
1 0 0 -.5263 0 1 0 0 0 0 -1 0 1 0 logo-boss-text-outerbox-01.dat
1 15 0 7.1053 0 .216 0 0 0 0 -.216 0 1 0 logo-boss-text-02.dat
1 0 0 7.1053 0 .216 0 0 0 0 -.216 0 1 0 logo-boss-text-outerbox-02.dat
0 // Primitives
1 16 -21.0526 -9.4736 0 -1.579 0 0 0 0 -1.579 0 1 0 1-4ndis.dat
1 0 -21.0526 -9.4736 0 -1.579 0 0 0 0 -1.579 0 1 0 1-4chrd.dat
1 0 -21.0526 9.4736 0 -1.579 0 0 0 0 1.579 0 1 0 1-4chrd.dat
1 16 -21.0526 9.4736 0 -1.579 0 0 0 0 1.579 0 1 0 1-4ndis.dat
1 16 21.0526 -9.4736 0 1.579 0 0 0 0 -1.579 0 1 0 1-4ndis.dat
1 0 21.0526 -9.4736 0 1.579 0 0 0 0 -1.579 0 1 0 1-4chrd.dat
1 0 21.0526 9.4736 0 1.579 0 0 0 0 1.579 0 1 0 1-4chrd.dat
1 16 21.0526 9.4736 0 1.579 0 0 0 0 1.579 0 1 0 1-4ndis.dat
0 // Faces
0 // Black faces
3 0 -21.0526 -11.0526 0 -18.6 -5.5263 0 -3.71 -5.5263 0
4 0 -21.0526 -11.0526 0 -3.71 -5.5263 0 5.97 -5.5263 0 21.0526 -11.0526 0
4 0 -22.6316 -9.4736 0 -18.6 -5.2563 0 -18.6 -5.5263 0 -21.0526 -11.0526 0
3 0 -22.6316 -9.4736 0 -18.6 -4.8263 0 -18.6 -5.2563 0
4 0 -22.6316 -9.4736 0 -22.6316 9.4736 0 -18.6 3.7737 0 -18.6 -4.8263 0
4 0 22.6316 -9.4736 0 21.0526 -11.0526 0 5.97 -5.5263 0 14.568 -5.5263 0
3 0 22.6316 -9.4736 0 14.568 -5.5263 0 18.6 -5.5263 0
3 0 22.6316 -9.4736 0 18.6 -5.5263 0 18.6 1.4037 0
4 0 22.6316 -9.4736 0 18.6 1.4037 0 18.6 4.4737 0 22.6316 9.4736 0
4 0 -3.71 4.4737 0 -18.6 4.4737 0 -17.9712 6.0253 0 -8.1972 6.0253 0
3 0 -3.71 4.4737 0 -8.1972 6.0253 0 -3.726 6.0253 0
3 0 -3.71 4.4737 0 -3.726 6.0253 0 8.046 6.0253 0
3 0 -3.71 4.4737 0 8.046 6.0253 0 12.4848 6.0253 0
4 0 -3.71 4.4737 0 12.4848 6.0253 0 17.0856 6.0253 0 18.6 4.4737 0
3 0 18.6 4.4737 0 17.0856 6.0253 0 17.9712 6.0253 0
3 0 -22.6316 9.4736 0 -18.6 4.2037 0 -18.6 3.7737 0
3 0 -22.6316 9.4736 0 -18.6 4.4737 0 -18.6 4.2037 0
4 0 -22.6316 9.4736 0 -17.9712 6.0793 0 -17.9712 6.0253 0 -18.6 4.4737 0
3 0 -22.6316 9.4736 0 -17.9712 8.1313 0 -17.9712 6.0793 0
4 0 -22.6316 9.4736 0 -21.0526 11.0526 0 -17.9712 8.1853 0 -17.9712 8.1313 0
4 0 22.6316 9.4736 0 18.6 4.4737 0 17.9712 6.0253 0 17.9712 7.5697 0
4 0 22.6316 9.4736 0 17.9712 7.5697 0 17.9712 8.1853 0 21.0526 11.0526 0
3 0 -21.0526 11.0526 0 -12.6036 8.1853 0 -17.9712 8.1853 0
3 0 -21.0526 11.0526 0 -8.1972 8.1853 0 -12.6036 8.1853 0
3 0 -21.0526 11.0526 0 -3.726 8.1853 0 -8.1972 8.1853 0
4 0 -21.0526 11.0526 0 21.0526 11.0526 0 8.046 8.1853 0 -3.726 8.1853 0
3 0 21.0526 11.0526 0 17.9712 8.1853 0 17.1288 8.1853 0
3 0 21.0526 11.0526 0 17.1288 8.1853 0 12.528 8.1853 0
3 0 21.0526 11.0526 0 12.528 8.1853 0 8.046 8.1853 0
0 // Neutral outerbox
4 16 -25 -12 0 -25 12 0 -22.6316 9.4736 0 -22.6316 -9.4736 0
3 16 -25 -12 0 -22.6316 -9.4736 0 -22.6316 -11.0526 0
3 16 -25 -12 0 -22.6316 -11.0526 0 -21.0526 -11.0526 0
4 16 -25 -12 0 -21.0526 -11.0526 0 21.0526 -11.0526 0 25 -12 0
3 16 25 -12 0 21.0526 -11.0526 0 22.6316 -11.0526 0
3 16 25 -12 0 22.6316 -11.0526 0 22.6316 -9.4736 0
4 16 25 -12 0 22.6316 -9.4736 0 22.6316 9.4736 0 25 12 0
3 16 -25 12 0 -22.6316 11.0526 0 -22.6316 9.4736 0
3 16 -25 12 0 -21.0526 11.0526 0 -22.6316 11.0526 0
4 16 -25 12 0 25 12 0 21.0526 11.0526 0 -21.0526 11.0526 0
3 16 25 12 0 22.6316 9.4736 0 22.6316 11.0526 0
3 16 25 12 0 22.6316 11.0526 0 21.0526 11.0526 0
