0 ~Duplo Brick  2 x  3 with Curved Bottom - Sloped End
0 Name: s\98252bs01.dat
0 Author: Peter Blomberg [WUIt]
0 !LDRAW_ORG Subpart UPDATE 2025-12
0 !LICENSE Licensed under CC BY 4.0 : see CAreadme.txt

0 BFC CERTIFY CCW

0 !HISTORY 2025-05-01 [WUIt] Subparted from 98252 by Philippe Hurbain [Philo]
0 !HISTORY 2025-09-30 [WUIt] Removed bleeding, T-junc, and an edgeline
0 !HISTORY 2025-12-25 [OrionP] Official Update 2025-12

3 16 40 48 -40 36 48 -40 36 48 -36
3 16 -36 48 -36 -36 48 -40 -40 48 -40
2 24 36 36 -64.1864 -36 36 -64.1864
2 24 -36 36 -64.1864 -36 36 -40
2 24 36 36 -40 36 36 -64.1864
4 16 -36 36 -64.1864 -36 36 -40 36 36 -40 36 36 -64.1864
2 24 -36 48 -40 -36 36 -40
2 24 36 48 -40 36 36 -40
1 16 0 42 -38 36 0 0 0 6 0 0 0 -2 box2-11.dat
2 24 -40 0 -80 40 0 -80
2 24 -36 0 -76 36 0 -76
2 24 -36 0 -76 -36 0 -40
2 24 36 0 -76 36 0 -40
2 24 36 36 -40 -36 36 -40
0 BFC INVERTNEXT
1 16 -36 0 -40 0 72 0 0 0 44 -36 0 0 48\1-8cylo.dat
4 16 -36 31.1124 -65.4556 -36 31.1124 -40 -36 0 -40 -36 0 -76
1 16 -36 0 -40 0 -1 0 0 0 44 -36 0 0 48\1-8chrd.dat
4 16 36 0 -40 36 31.1124 -40 36 31.1124 -65.4556 36 0 -76
1 16 36 0 -40 0 1 0 0 0 44 -36 0 0 48\1-8chrd.dat
2 24 36 31.1124 -40 -36 31.1124 -40
2 24 -36 31.1124 -40 -36 31.1124 -65.4556
2 24 -36 31.1124 -65.4556 36 31.1124 -65.4556
2 24 36 31.1124 -65.4556 36 31.1124 -40
4 16 -36 31.1124 -40 -36 31.1124 -65.4556 36 31.1124 -65.4556 36 31.1124 -40
2 24 36 0 -40 -36 0 -40
2 24 36 0 -40 36 31.1124 -40
2 24 -36 0 -40 -36 31.1124 -40
4 16 -36 0 -40 -36 31.1124 -40 36 31.1124 -40 36 0 -40
4 16 -36 0 -76 -36 0 -40 -40 0 -40 -40 0 -80
4 16 40 0 -80 40 0 -40 36 0 -40 36 0 -76
4 16 40 0 -80 36 0 -76 -36 0 -76 -40 0 -80
1 16 -20 31.1124 -60 6.36396 0 6.36396 0 -1 0 -6.36396 0 6.36396 3-4edge.dat
2 24 -13.6361 29.8479 -66.3639 -16.5557 27.1315 -68.3151
2 24 -13.6361 29.8479 -66.3639 -13.0291 31.1124 -65.4556
2 24 -26.3639 29.8479 -66.3639 -26.9709 31.1124 -65.4556
2 24 -26.3639 29.8479 -66.3639 -23.4443 27.1315 -68.3151
2 24 -17.7993 26.7872 -68.5624 -20 25.9857 -69
2 24 -22.2007 26.7872 -68.5624 -20 25.9857 -69
2 24 -17.7993 26.7872 -68.5624 -16.5557 27.1315 -68.3151
2 24 -23.4443 27.1315 -68.3151 -22.2007 26.7872 -68.5624
1 16 -20 31.1124 -44.1491 0 0 1.5 0 -28 0 -4.1491 0 0 box3u4p.dat
2 24 -18.5 3.1124 -48.2983 -20 3.1124 -48
2 24 -21.5 3.1124 -48.2983 -20 3.1124 -48
2 24 -21.5 3.1124 -40 -18.5 3.1124 -40
1 16 20 25 -60 0 0 1 0 9 0 -1 0 0 stud7a.dat

0 BFC INVERTNEXT
1 16 20 25 -60 0 0 9 0 5 0 -9 0 0 4-4cyli.dat
0 BFC INVERTNEXT
1 16 20 30 -60 6.36396 0 6.36396 0 1.1124 0 -6.36396 0 6.36396 3-4cyli.dat
1 16 20 31.1124 -60 6.36396 0 6.36396 0 -1 0 -6.36396 0 6.36396 3-4edge.dat
2 24 26.3639 29.8479 -66.3639 23.4443 27.1315 -68.3151
2 24 26.3639 29.8479 -66.3639 26.9709 31.1124 -65.4556
2 24 13.6361 29.8479 -66.3639 13.0291 31.1124 -65.4556
2 24 13.6361 29.8479 -66.3639 16.5557 27.1315 -68.3151
2 24 22.2007 26.7872 -68.5624 20 25.9857 -69
2 24 17.7993 26.7872 -68.5624 20 25.9857 -69
2 24 22.2007 26.7872 -68.5624 23.4443 27.1315 -68.3151
2 24 16.5557 27.1315 -68.3151 17.7993 26.7872 -68.5624
1 16 20 31.1124 -44.1491 0 0 1.5 0 -28 0 -4.1491 0 0 box3u4p.dat
2 24 21.5 3.1124 -48.2983 20 3.1124 -48
2 24 18.5 3.1124 -48.2983 20 3.1124 -48
2 24 18.5 3.1124 -40 21.5 3.1124 -40

0 // slope
1 16 40 0 -33 0 -80 0 0 0 48.3 -47 0 0 48\1-8cylo.dat
2 24 -40 34.1529 -66.2337 -40 38.3212 -61.6136
2 24 -40 38.3212 -61.6136 -40 41.8278 -56.5
2 24 -40 41.8278 -56.5 -40 44.6244 -50.9869
2 24 -40 44.6244 -50.9869 -40 46.653 -45.1636
2 24 -36 38.3212 -61.6136 -36 41.8278 -56.5
2 24 -36 41.8278 -56.5 -36 44.6244 -50.9869
2 24 -36 44.6244 -50.9869 -36 46.653 -45.1636
2 24 40 34.1529 -66.2337 40 38.3212 -61.6136
2 24 40 38.3212 -61.6136 40 41.8278 -56.5
2 24 40 41.8278 -56.5 40 44.6244 -50.9869
2 24 40 44.6244 -50.9869 40 46.653 -45.1636
2 24 36 38.3212 -61.6136 36 41.8278 -56.5
2 24 36 41.8278 -56.5 36 44.6244 -50.9869
2 24 36 44.6244 -50.9869 36 46.653 -45.1636
2 24 36 36 -64.1864 36 38.3212 -61.6136
2 24 40 46.653 -45.1636 40 48 -40
2 24 36 48 -40 36 46.653 -45.1636
2 24 -36 36 -64.1864 -36 38.3212 -61.6136
2 24 -40 46.653 -45.1636 -40 48 -40
2 24 -36 46.653 -45.1636 -36 48 -40
4 16 -40 38.3212 -61.6136 -36 38.3212 -61.6136 -36 36 -64.1864 -40 34.1529 -66.2337
4 16 -40 41.8278 -56.5 -36 41.8278 -56.5 -36 38.3212 -61.6136 -40 38.3212 -61.6136
4 16 -40 44.6244 -50.9869 -36 44.6244 -50.9869 -36 41.8278 -56.5 -40 41.8278 -56.5
4 16 -40 46.653 -45.1636 -36 46.653 -45.1636 -36 44.6244 -50.9869 -40 44.6244 -50.9869
4 16 40 38.3212 -61.6136 40 34.1529 -66.2337 36 36 -64.1864 36 38.3212 -61.6136
4 16 40 41.8278 -56.5 40 38.3212 -61.6136 36 38.3212 -61.6136 36 41.8278 -56.5
4 16 40 44.6244 -50.9869 40 41.8278 -56.5 36 41.8278 -56.5 36 44.6244 -50.9869
4 16 40 46.653 -45.1636 40 44.6244 -50.9869 36 44.6244 -50.9869 36 46.653 -45.1636
4 16 -40 34.1529 -66.2337 -36 36 -64.1864 36 36 -64.1864 40 34.1529 -66.2337
4 16 40 46.653 -45.1636 36 46.653 -45.1636 36 48 -40 40 48 -40
4 16 -36 46.653 -45.1636 -40 46.653 -45.1636 -40 48 -40 -36 48 -40
5 24 -36 38.3212 -61.6136 -40 38.3212 -61.6136 -36 36 -64.1864 -36 41.8278 -56.5
5 24 -36 41.8278 -56.5 -40 41.8278 -56.5 -36 38.3212 -61.6136 -36 44.6244 -50.9869
5 24 -36 44.6244 -50.9869 -40 44.6244 -50.9869 -36 41.8278 -56.5 -36 46.653 -45.1636
5 24 -36 46.653 -45.1636 -40 46.653 -45.1636 -36 44.6244 -50.9869 -36 48.3 -39.1899
5 24 36 38.3212 -61.6136 40 38.3212 -61.6136 36 36 -64.1864 36 41.8278 -56.5
5 24 36 41.8278 -56.5 40 41.8278 -56.5 36 38.3212 -61.6136 36 44.6244 -50.9869
5 24 36 44.6244 -50.9869 40 44.6244 -50.9869 36 41.8278 -56.5 36 46.653 -45.1636
5 24 36 46.653 -45.1636 40 46.653 -45.1636 36 44.6244 -50.9869 36 48.3 -39.1899
5 24 40 48 -40 36 48 -40 40 46.653 -45.1636 36 48 -36
5 24 -36 48 -40 -40 48 -40 -40 46.653 -45.1636 -36 48 -36
4 16 36 48 -40 36 46.653 -45.1636 36 44.6244 -50.9869 36 41.8278 -56.5
4 16 36 36 -40 36 48 -40 36 41.8278 -56.5 36 36 -64.1864
3 16 36 36 -64.1864 36 41.8278 -56.5 36 38.3212 -61.6136
4 16 -36 44.6244 -50.9869 -36 46.653 -45.1636 -36 48 -40 -36 41.8278 -56.5
4 16 -36 41.8278 -56.5 -36 48 -40 -36 36 -40 -36 36 -64.1864
3 16 -36 41.8278 -56.5 -36 36 -64.1864 -36 38.3212 -61.6136
1 16 -20 25 -60 0 0 1 0 9 0 -1 0 0 stud7a.dat
0 BFC INVERTNEXT
1 16 -20 25 -60 0 0 9 0 5 0 -9 0 0 4-4cyli.dat
0 BFC INVERTNEXT
1 16 -20 30 -60 6.36396 0 6.36396 0 1.1124 0 -6.36396 0 6.36396 3-4cyli.dat
5 24 -40 34.1529 -66.2337 40 34.1529 -66.2337 40 29.40504 -70.2898 40 38.3212 -61.6136

1 16 20 25 -60 0 0 12 0 6.1124 0 12 0 0 5-16cyli.dat
1 16 20 31.1124 -60 0 0 12 0 1 0 12 0 0 5-16edge.dat
3 16 28.4852 25 -68.4852 24.5924 25 -71.0868 28.4852 26.894676 -68.4852
3 16 28.4852 25 -68.4852 28.4852 26.894676 -68.4852 31.0868 25 -64.5924
4 16 31.0868 31.1124 -64.5924 31.0868 25 -64.5924 28.4852 26.894676 -68.4852 30.509914 31.1124 -65.4556
5 24 31.0868 31.1124 -64.5924 31.0868 25 -64.5924 28.4852 26.89467568 -68.4852 32 25 -60
5 24 28.4852 26.894676 -68.4852 28.4852 25 -68.4852 24.5924 25 -71.0868 31.0868 25 -64.5924
2 24 30.509914 31.1124 -65.4556 31.0868 31.1124 -64.5924
2 24 28.4852 26.894676 -68.4852 30.509914 31.1124 -65.4556
2 24 28.369685 26.7872 -68.5624 24.5924 22.163383 -71.0868
2 24 28.369685 26.7872 -68.5624 28.4852 26.894676 -68.4852
2 24 20 19.959687 -72 24.143821 22 -71.176
2 24 24.5924 22.163383 -71.0868 24.143821 22 -71.176

1 16 20 25 -60 0 0 -12 0 6.1124 0 12 0 0 5-16cyli.dat
1 16 20 31.1124 -60 0 0 -12 0 1 0 12 0 0 5-16edge.dat
3 16 15.4076 25 -71.0868 11.5148 25 -68.4852 11.5148 26.894676 -68.4852
3 16 11.5148 26.894676 -68.4852 11.5148 25 -68.4852 8.9132 25 -64.5924
4 16 11.5148 26.894676 -68.4852 8.9132 25 -64.5924 8.9132 31.1124 -64.5924 9.490086 31.1124 -65.4556
5 24 8.9132 25 -64.5924 8.9132 31.1124 -64.5924 11.5148 26.894676 -68.4852 8 25 -60
5 24 11.5148 25 -68.4852 11.5148 26.894676 -68.4852 15.4076 25 -71.0868 8.9132 25 -64.5924
2 24 8.9132 31.1124 -64.5924 9.490086 31.1124 -65.4556
2 24 9.490086 31.1124 -65.4556 11.5148 26.894676 -68.4852
2 24 15.4076 22.163383 -71.0868 11.630315 26.7872 -68.5624
2 24 11.5148 26.894676 -68.4852 11.630315 26.7872 -68.5624
2 24 15.856179 22 -71.176 20 19.959687 -72
2 24 15.856179 22 -71.176 15.4076 22.163383 -71.0868

1 16 -20 25 -60 0 0 -12 0 6.1124 0 12 0 0 5-16cyli.dat
1 16 -20 31.1124 -60 0 0 -12 0 1 0 12 0 0 5-16edge.dat
3 16 -24.5924 25 -71.0868 -28.4852 25 -68.4852 -28.4852 26.894676 -68.4852
3 16 -28.4852 26.894676 -68.4852 -28.4852 25 -68.4852 -31.0868 25 -64.5924
4 16 -28.4852 26.894676 -68.4852 -31.0868 25 -64.5924 -31.0868 31.1124 -64.5924 -30.509914 31.1124 -65.4556
5 24 -31.0868 25 -64.5924 -31.0868 31.1124 -64.5924 -28.4852 26.894676 -68.4852 -32 25 -60
5 24 -28.4852 25 -68.4852 -28.4852 26.894676 -68.4852 -24.5924 25 -71.0868 -31.0868 25 -64.5924
2 24 -31.0868 31.1124 -64.5924 -30.509914 31.1124 -65.4556
2 24 -30.509914 31.1124 -65.4556 -28.4852 26.894676 -68.4852
2 24 -24.5924 22.163383 -71.0868 -28.369685 26.7872 -68.5624
2 24 -28.4852 26.894676 -68.4852 -28.369685 26.7872 -68.5624
2 24 -24.143821 22 -71.176 -20 19.959687 -72
2 24 -24.143821 22 -71.176 -24.5924 22.163383 -71.0868

1 16 -20 25 -60 0 0 12 0 6.1124 0 12 0 0 5-16cyli.dat
1 16 -20 31.1124 -60 0 0 12 0 1 0 12 0 0 5-16edge.dat
3 16 -11.5148 25 -68.4852 -15.4076 25 -71.0868 -11.5148 26.894676 -68.4852
3 16 -11.5148 25 -68.4852 -11.5148 26.894676 -68.4852 -8.9132 25 -64.5924
4 16 -8.9132 31.1124 -64.5924 -8.9132 25 -64.5924 -11.5148 26.894676 -68.4852 -9.490086 31.1124 -65.4556
5 24 -8.9132 31.1124 -64.5924 -8.9132 25 -64.5924 -11.5148 26.894676 -68.4852 -8 25 -60
5 24 -11.5148 26.894676 -68.4852 -11.5148 25 -68.4852 -15.4076 25 -71.0868 -8.9132 25 -64.5924
2 24 -9.490086 31.1124 -65.4556 -8.9132 31.1124 -64.5924
2 24 -11.5148 26.894676 -68.4852 -9.490086 31.1124 -65.4556
2 24 -11.630315 26.7872 -68.5624 -15.4076 22.163383 -71.0868
2 24 -11.630315 26.7872 -68.5624 -11.5148 26.894676 -68.4852
2 24 -20 19.959687 -72 -15.856179 22 -71.176
2 24 -15.4076 22.163383 -71.0868 -15.856179 22 -71.176