0 ~Sticker Back  1.8 x  4.0
0 Name: s\stickerback018x040.dat
0 Author: Massimo Maso [Sirio]
0 !LDRAW_ORG Subpart UPDATE 2025-08
0 !LICENSE Licensed under CC BY 4.0 : see CAreadme.txt

0 BFC CERTIFY CCW

0 !HISTORY 2025-08-31 [OrionP] Official Update 2025-08

0 // Primitives
1 16 -38.1717 0 16.5 -1.5 0 0 0 -1 0 0 0 1.5 1-4chrd.dat
1 16 38.1717 0 16.5 1.5 0 0 0 -1 0 0 0 1.5 1-4chrd.dat
1 16 0 -.25 0 0 0 39.6717 0 .25 0 16.5 0 0 box3u12.dat
1 16 -38.1717 0 -16.5 -1.5 0 0 0 -1 0 0 0 -1.5 1-4chrd.dat
1 16 38.1717 0 -16.5 1.5 0 0 0 -1 0 0 0 -1.5 1-4chrd.dat
1 16 -38.1717 -0.25 16.5 -1.5 0 0 0 0.25 0 0 0 1.5 1-4cyli.dat
1 16 38.1717 -0.25 16.5 1.5 0 0 0 0.25 0 0 0 1.5 1-4cyli.dat
1 16 -38.1717 -0.25 -16.5 -1.5 0 0 0 0.25 0 0 0 -1.5 1-4cyli.dat
1 16 38.1717 -0.25 -16.5 1.5 0 0 0 0.25 0 0 0 -1.5 1-4cyli.dat
0 // Bottom face
4 16 -39.6717 0 16.5 -38.1717 0 18 38.1717 0 18 39.6717 0 16.5
4 16 -39.6717 0 -16.5 39.6717 0 -16.5 38.1717 0 -18 -38.1717 0 -18
0 // Lateral faces
4 16 -38.1717 0 18 -38.1717 -.25 18 38.1717 -.25 18 38.1717 0 18
4 16 -38.1717 0 -18 38.1717 0 -18 38.1717 -.25 -18 -38.1717 -.25 -18