0 ~Modulex Profile Brick  1 x  X - Back
0 Name: s\u7012s02.dat
0 Author: Magnus Forsberg [MagFors]
0 !LDRAW_ORG Subpart UPDATE 2025-09
0 !LICENSE Licensed under CC BY 4.0 : see CAreadme.txt

0 BFC CERTIFY CCW

0 !HISTORY 2025-09-29 [OrionP] Official Update 2025-09

1 16 0 3.125 5.859375 -1 0 0 0 -1 0 0 0 .390625 rect3.dat
1 16 0 4.0625 5.390625 1 0 0 0 .9375 0 0 .234375 .3125 box2-5.dat
1 16 0 6.25 5.3125 1 0 0 0 1.25 0 0 .3125 .3125 box2-7.dat
1 16 0 8.75 5.3125 1 0 0 0 1.25 0 0 .3125 .3125 box2-5.dat
1 16 0 11.25 5.625 1 0 0 0 1 1.25 0 0 .3125 rect3.dat

2 24 -1 12.5 6.25 -1 12.5 5.9375
2 24 -1 3.125 6.25 -1 12.5 6.25
4 16 -1 3.125 6.25 -1 10 5.3125 -1 12.5 5.9375 -1 12.5 6.25
4 16 -1 10 5.3125 -1 3.125 6.25 -1 3.125 5.46875 -1 5 5.3125

2 24 1 12.5 5.9375 1 12.5 6.25
2 24 1 12.5 6.25 1 3.125 6.25
4 16 1 3.125 6.25 1 12.5 6.25 1 12.5 5.9375 1 10 5.3125
4 16 1 3.125 5.46875 1 3.125 6.25 1 10 5.3125 1 5 5.3125