0 ~Train Track  9V Switch Right - Straight Metal Rail, Centre Section of Frog Rail, Half
0 Name: s\u9628s01.dat
0 Author: Max Martin Richter [MMR1988]
0 !LDRAW_ORG Subpart UPDATE 2025-08
0 !LICENSE Licensed under CC BY 4.0 : see CAreadme.txt

0 BFC CERTIFY CCW

0 !HISTORY 2025-08-31 [OrionP] Official Update 2025-08

1 16 80 0 0 1 0 0 0 1 0 0 0 1 s\u9611s02.dat

4 16 105 -16 -2.125 105.5 -16 -1.625 105.5 -16 1.625 105 -16 2.125
4 16 105.5 -15.5 1.625 105.5 -15.5 -1.625 105 -15.5 -2.125 105 -15.5 2.125
1 16 105.25 -15.75 -.25 0 .25 0 .25 0 0 0 .25 -1.625 box2-5.dat
1 16 105.25 -15.75 1.875 0 -1 -.25 .25 0 0 0 0 .25 rect3.dat

3 16 105 -16 3.125 105 -11.25 3.125 85 -11.25 3.125
3 16 105 -16 3.125 85 -11.25 3.125 75 -11.25 3.125
3 16 105 -16 3.125 75 -11.25 3.125 5 -11.25 3.125

3 16 105 -11.25 -3.125 105 -16 -3.125 85 -11.25 -3.125
3 16 85 -11.25 -3.125 105 -16 -3.125 75 -11.25 -3.125
3 16 75 -11.25 -3.125 105 -16 -3.125 5 -11.25 -3.125

4 16 105 -11.25 -2.625 85 -11.25 -2.625 85 -11.5 -2.625 105 -15.5 -2.625
3 16 105 -15.5 -2.625 85 -11.5 -2.625 75 -11.5 -2.625
3 16 105 -15.5 -2.625 75 -11.5 -2.625 5 -11.5 -2.625
4 16 5 -11.25 -2.625 5 -11.5 -2.625 75 -11.5 -2.625 75 -11.25 -2.625

4 16 85 -11.5 2.625 85 -11.25 2.625 105 -11.25 2.625 105 -15.5 2.625
3 16 85 -11.5 2.625 105 -15.5 2.625 75 -11.5 2.625
3 16 75 -11.5 2.625 105 -15.5 2.625 5 -11.5 2.625
4 16 75 -11.5 2.625 5 -11.5 2.625 5 -11.25 2.625 75 -11.25 2.625

1 16 40 -11.25 2.875 35 0 0 0 -1 0 0 0 .25 rect.dat
1 16 40 -11.25 -2.875 35 0 0 0 -1 0 0 0 -.25 rect.dat
1 16 95 -11.25 2.875 10 0 0 0 -1 0 0 0 .25 rect.dat
1 16 95 -11.25 -2.875 10 0 0 0 -1 0 0 0 -.25 rect.dat

4 16 105 -11.25 3.125 105 -16 3.125 105 -15.5 2.625 105 -11.25 2.625
4 16 105 -15.5 2.625 105 -16 3.125 105 -16 2.125 105 -15.5 2.125
4 16 105 -15.5 -2.125 105 -16 -2.125 105 -16 -3.125 105 -15.5 -2.625
4 16 105 -15.5 -2.625 105 -16 -3.125 105 -11.25 -3.125 105 -11.25 -2.625
