0 ~Train Track  9V Switch Right - Straight Metal Rail, Centre Section of Main Rail, Half
0 Name: s\u9627s01.dat
0 Author: Max Martin Richter [MMR1988]
0 !LDRAW_ORG Subpart UPDATE 2025-08
0 !LICENSE Licensed under CC BY 4.0 : see CAreadme.txt

0 BFC CERTIFY CCW

0 !HISTORY 2025-08-31 [OrionP] Official Update 2025-08

1 16 40 0 0 1 0 0 0 1 0 0 0 1 s\u9611s02.dat

4 16 35 -11.5 2.625 45 -11.5 2.625 99.5 -12 2.625 99.5 -15.5 2.625
4 16 45 -11.5 2.625 45 -11.25 2.625 97.5 -11.25 2.625 99.5 -12 2.625

4 16 99.5 -12 -2.625 45 -11.5 -2.625 35 -11.5 -2.625 99.5 -15.5 -2.625
4 16 97.5 -11.25 -2.625 45 -11.25 -2.625 45 -11.5 -2.625 99.5 -12 -2.625

3 16 45 -11.25 3.125 35 -11.25 3.125 100 -16 3.125
4 16 45 -11.25 3.125 100 -16 3.125 99.5 -12 3.125 97.5 -11.25 3.125
3 16 100 -12 3.125 99.5 -12 3.125 100 -16 3.125
2 24 99.5 -12 3.125 100 -12 3.125

3 16 35 -11.25 -3.125 45 -11.25 -3.125 100 -16 -3.125
4 16 99.5 -12 -3.125 100 -16 -3.125 45 -11.25 -3.125 97.5 -11.25 -3.125
3 16 99.5 -12 -3.125 100 -12 -3.125 100 -16 -3.125
2 24 99.5 -12 -3.125 100 -12 -3.125

1 16 72.25 -11.625 -2.875 0 -1 26.25 0 .375 0 -.25 0 0 box2-5.dat
1 16 72.25 -11.625 2.875 0 -1 26.25 0 .375 0 -.25 0 0 box2-5.dat

4 16 100 -12 3.125 100 -16 3.125 100 -15.5 2.625 100 -12 2.625
4 16 100 -16 3.125 100 -16 -3.125 100 -15.5 -2.625 100 -15.5 2.625
4 16 100 -15.5 -2.625 100 -16 -3.125 100 -12 -3.125 100 -12 -2.625

1 16 100 -14 0 0 1 0 0 0 -2 3.125 0 0 recte3.dat
1 16 100 -13.75 0 0 1 0 0 0 -1.75 2.625 0 0 recte3.dat

4 16 99.5 -12 -2.625 99.5 -15.5 -2.625 99.5 -15 -2.125 99.5 -12 -2.125
4 16 99.5 -15 2.125 99.5 -15 -2.125 99.5 -15.5 -2.625 99.5 -15.5 2.625
4 16 99.5 -15 2.125 99.5 -15.5 2.625 99.5 -12 2.625 99.5 -12 2.125

1 16 99.5 -13.75 0 0 1 0 0 0 -1.75 2.625 0 0 recte3.dat
1 16 99.5 -13.5 0 0 1 0 0 0 -1.5 2.125 0 0 recte3.dat

4 16 111.75 -15.5 2.625 111.75 -15 2.125 111.75 -12 2.125 111.75 -12 2.625
3 16 111.75 -15.5 -2.125 111.75 -15.5 -2.625 111.75 -15 -2.125
1 16 112 -15.25 -.25 0 .25 0 .25 0 0 0 .25 -1.625 box2-5.dat
1 16 112 -15.25 1.875 0 -1 -.25 .25 0 0 0 0 .25 rect3.dat
3 16 111.75 -15.5 2.625 111.75 -15.5 2.125 111.75 -15 2.125
4 16 111.75 -12 -2.125 111.75 -15 -2.125 111.75 -15.5 -2.625 111.75 -12 -2.625

1 16 111.75 -13.75 2.375 0 -1 0 1.75 0 0 0 0 .25 recte3.dat
1 16 111.75 -13.75 -2.375 0 -1 0 1.75 0 0 0 0 -.25 recte3.dat

1 16 105.875 -13.75 -2.625 -5.875 0 0 0 0 1.75 0 1 0 rect2p.dat
3 16 111.75 -15.5 -2.625 111.75 -15.5 -2.125 100 -15.5 -2.625
4 16 100 -15.5 2.625 100 -15.5 -2.625 111.75 -15.5 -2.125 111.75 -15.5 2.125
3 16 111.75 -15.5 2.125 111.75 -15.5 2.625 100 -15.5 2.625
4 16 111.75 -15.5 -2.125 112.25 -15.5 -1.625 112.25 -15.5 1.625 111.75 -15.5 2.125
1 16 105.875 -13.75 2.625 5.875 0 0 0 0 1.75 0 -1 0 rect2p.dat

3 16 99.5 -12 -3.125 99.5 -12 -2.625 100 -12 -3.125
1 16 99.75 -12 -2.625 0 0 .25 0 -1 0 .25 0 -.25 rect2p.dat
4 16 111.75 -12 -2.625 100 -12 -2.625 99.5 -12 -2.125 111.75 -12 -2.125
4 16 111.75 -12 2.125 99.5 -12 2.125 100 -12 2.625 111.75 -12 2.625
1 16 99.75 -12 2.625 0 0 .25 0 -1 0 -.25 0 .25 rect2p.dat
3 16 99.5 -12 2.625 99.5 -12 3.125 100 -12 3.125

1 16 105.625 -13.5 -2.125 0 0 6.125 -1.5 0 0 0 -1 0 rect3.dat

1 16 105.625 -13.5 2.125 0 0 6.125 1.5 0 0 0 1 0 rect3.dat

4 16 111.75 -15 2.125 111.75 -15 -2.125 99.5 -15 -2.125 99.5 -15 2.125
4 16 112.25 -15 1.625 112.25 -15 -1.625 111.75 -15 -2.125 111.75 -15 2.125
